(lp0
V+2.10000000E-03,+1.60000000E-03,+2.10000000E-03,+2.10000000E-03,+2.10000000E-03,+2.10000000E-03,+2.60000000E-03,+2.10000000E-03,+1.60000000E-03,+2.10000000E-03\u000a
p1
aV+1.04000000E-02,+1.04000000E-02,+1.04000000E-02,+1.10000000E-02,+1.10000000E-02,+1.10000000E-02,+1.04000000E-02,+1.10000000E-02,+1.04000000E-02,+1.15000000E-02\u000a
p2
aV+2.30000000E-02,+2.30000000E-02,+2.25000000E-02,+2.19000000E-02,+2.25000000E-02,+2.25000000E-02,+2.19000000E-02,+2.25000000E-02,+2.25000000E-02,+2.25000000E-02\u000a
p3
aV+3.08000000E-02,+3.08000000E-02,+3.13000000E-02,+3.08000000E-02,+3.08000000E-02,+3.08000000E-02,+3.08000000E-02,+3.03000000E-02,+3.08000000E-02,+3.08000000E-02\u000a
p4
aV+4.13000000E-02,+4.13000000E-02,+4.18000000E-02,+4.13000000E-02,+4.07000000E-02,+4.18000000E-02,+4.13000000E-02,+4.18000000E-02,+4.13000000E-02,+4.18000000E-02\u000a
p5
aV+5.01000000E-02,+5.07000000E-02,+5.01000000E-02,+5.01000000E-02,+5.01000000E-02,+5.07000000E-02,+5.01000000E-02,+5.01000000E-02,+5.07000000E-02,+5.01000000E-02\u000a
p6
aV+6.22000000E-02,+6.27000000E-02,+6.27000000E-02,+6.27000000E-02,+6.22000000E-02,+6.22000000E-02,+6.22000000E-02,+6.22000000E-02,+6.16000000E-02,+6.22000000E-02\u000a
p7
aV+7.10000000E-02,+7.10000000E-02,+7.10000000E-02,+7.10000000E-02,+7.16000000E-02,+7.10000000E-02,+7.10000000E-02,+7.10000000E-02,+7.16000000E-02,+7.10000000E-02\u000a
p8
aV+8.10000000E-02,+8.15000000E-02,+8.20000000E-02,+8.15000000E-02,+8.10000000E-02,+8.20000000E-02,+8.15000000E-02,+8.15000000E-02,+8.20000000E-02,+8.20000000E-02\u000a
p9
aV+9.04000000E-02,+8.98000000E-02,+9.04000000E-02,+9.09000000E-02,+9.09000000E-02,+9.04000000E-02,+9.09000000E-02,+9.04000000E-02,+9.09000000E-02,+9.09000000E-02\u000a
p10
aV+1.01900000E-01,+1.02400000E-01,+1.01900000E-01,+1.01900000E-01,+1.02400000E-01,+1.01900000E-01,+1.01300000E-01,+1.02400000E-01,+1.02400000E-01,+1.01300000E-01\u000a
p11
aV+1.10200000E-01,+1.10700000E-01,+1.10200000E-01,+1.10200000E-01,+1.10700000E-01,+1.09700000E-01,+1.10200000E-01,+1.11300000E-01,+1.10700000E-01,+1.10200000E-01\u000a
p12
aV+1.10700000E-01,+1.10700000E-01,+1.10700000E-01,+1.10200000E-01,+1.10200000E-01,+1.10700000E-01,+1.10200000E-01,+1.10200000E-01,+1.11300000E-01,+1.10700000E-01\u000a
p13
aV+1.30100000E-01,+1.30100000E-01,+1.30100000E-01,+1.30600000E-01,+1.30100000E-01,+1.30100000E-01,+1.30600000E-01,+1.30100000E-01,+1.30100000E-01,+1.30100000E-01\u000a
p14
aV+1.42100000E-01,+1.41600000E-01,+1.42600000E-01,+1.42600000E-01,+1.41600000E-01,+1.42600000E-01,+1.42100000E-01,+1.41600000E-01,+1.42600000E-01,+1.42100000E-01\u000a
p15
aV+1.52500000E-01,+1.52500000E-01,+1.52500000E-01,+1.53100000E-01,+1.53100000E-01,+1.53100000E-01,+1.52500000E-01,+1.53100000E-01,+1.52500000E-01,+1.52500000E-01\u000a
p16
aV+1.61400000E-01,+1.61900000E-01,+1.61900000E-01,+1.61900000E-01,+1.61400000E-01,+1.61400000E-01,+1.61400000E-01,+1.61900000E-01,+1.61400000E-01,+1.61400000E-01\u000a
p17
aV+1.72400000E-01,+1.72900000E-01,+1.72900000E-01,+1.72400000E-01,+1.72900000E-01,+1.72400000E-01,+1.72900000E-01,+1.72900000E-01,+1.72900000E-01,+1.72900000E-01\u000a
p18
aV+1.81800000E-01,+1.81800000E-01,+1.81800000E-01,+1.81300000E-01,+1.81800000E-01,+1.81300000E-01,+1.81300000E-01,+1.81300000E-01,+1.81800000E-01,+1.81800000E-01\u000a
p19
aV+1.92200000E-01,+1.91700000E-01,+1.91700000E-01,+1.92200000E-01,+1.92800000E-01,+1.92200000E-01,+1.92200000E-01,+1.92200000E-01,+1.92200000E-01,+1.92200000E-01\u000a
p20
aV+2.01100000E-01,+2.01100000E-01,+2.01100000E-01,+2.01100000E-01,+2.01100000E-01,+2.01100000E-01,+2.01100000E-01,+2.01100000E-01,+2.01100000E-01,+2.01100000E-01\u000a
p21
aV+2.13100000E-01,+2.13100000E-01,+2.13100000E-01,+2.13100000E-01,+2.13100000E-01,+2.13100000E-01,+2.13100000E-01,+2.12600000E-01,+2.13100000E-01,+2.13100000E-01\u000a
p22
aV+2.22000000E-01,+2.22000000E-01,+2.21500000E-01,+2.22000000E-01,+2.21500000E-01,+2.22000000E-01,+2.22000000E-01,+2.22000000E-01,+2.21500000E-01,+2.22000000E-01\u000a
p23
aV+2.31900000E-01,+2.32500000E-01,+2.32500000E-01,+2.32500000E-01,+2.32500000E-01,+2.32500000E-01,+2.32500000E-01,+2.32500000E-01,+2.32500000E-01,+2.31900000E-01\u000a
p24
aV+2.43400000E-01,+2.42900000E-01,+2.42900000E-01,+2.42900000E-01,+2.43400000E-01,+2.43400000E-01,+2.42400000E-01,+2.43400000E-01,+2.42400000E-01,+2.42900000E-01\u000a
p25
aV+2.47100000E-01,+2.46600000E-01,+2.47100000E-01,+2.47600000E-01,+2.47100000E-01,+2.47100000E-01,+2.47600000E-01,+2.46600000E-01,+2.47100000E-01,+2.46600000E-01\u000a
p26
aV+2.56000000E-01,+2.56000000E-01,+2.56000000E-01,+2.56000000E-01,+2.56000000E-01,+2.56000000E-01,+2.56000000E-01,+2.56000000E-01,+2.56000000E-01,+2.56000000E-01\u000a
p27
aV+2.68000000E-01,+2.68000000E-01,+2.67500000E-01,+2.67500000E-01,+2.68000000E-01,+2.67500000E-01,+2.67500000E-01,+2.68000000E-01,+2.68500000E-01,+2.67500000E-01\u000a
p28
aV+2.76300000E-01,+2.76900000E-01,+2.76900000E-01,+2.76900000E-01,+2.76900000E-01,+2.76300000E-01,+2.76300000E-01,+2.76300000E-01,+2.76900000E-01,+2.76900000E-01\u000a
p29
aV+2.87300000E-01,+2.86800000E-01,+2.86800000E-01,+2.87300000E-01,+2.87300000E-01,+2.87300000E-01,+2.87300000E-01,+2.87300000E-01,+2.87800000E-01,+2.87300000E-01\u000a
p30
aV+2.98800000E-01,+2.98800000E-01,+2.98800000E-01,+2.98800000E-01,+2.98800000E-01,+2.98800000E-01,+2.98800000E-01,+2.98300000E-01,+2.98800000E-01,+2.98800000E-01\u000a
p31
aV+3.07200000E-01,+3.07700000E-01,+3.07700000E-01,+3.07200000E-01,+3.07200000E-01,+3.07700000E-01,+3.07700000E-01,+3.07200000E-01,+3.07700000E-01,+3.07700000E-01\u000a
p32
aV+3.18100000E-01,+3.17100000E-01,+3.17600000E-01,+3.17600000E-01,+3.17600000E-01,+3.17600000E-01,+3.17600000E-01,+3.18100000E-01,+3.17600000E-01,+3.17600000E-01\u000a
p33
aV+3.26500000E-01,+3.26500000E-01,+3.26500000E-01,+3.27000000E-01,+3.26500000E-01,+3.26500000E-01,+3.26500000E-01,+3.27000000E-01,+3.27000000E-01,+3.26500000E-01\u000a
p34
aV+3.38000000E-01,+3.38500000E-01,+3.38500000E-01,+3.38500000E-01,+3.38000000E-01,+3.38000000E-01,+3.38500000E-01,+3.38000000E-01,+3.38500000E-01,+3.38500000E-01\u000a
p35
aV+3.46900000E-01,+3.47400000E-01,+3.47900000E-01,+3.47400000E-01,+3.47400000E-01,+3.47900000E-01,+3.47400000E-01,+3.47400000E-01,+3.47400000E-01,+3.47900000E-01\u000a
p36
aV+3.57800000E-01,+3.58300000E-01,+3.57800000E-01,+3.57800000E-01,+3.58300000E-01,+3.57800000E-01,+3.57800000E-01,+3.58300000E-01,+3.57800000E-01,+3.57800000E-01\u000a
p37
aV+3.66700000E-01,+3.66700000E-01,+3.66700000E-01,+3.66700000E-01,+3.67200000E-01,+3.67200000E-01,+3.66700000E-01,+3.66700000E-01,+3.67200000E-01,+3.67200000E-01\u000a
p38
aV+3.78200000E-01,+3.78200000E-01,+3.78200000E-01,+3.78200000E-01,+3.78200000E-01,+3.78200000E-01,+3.78200000E-01,+3.78200000E-01,+3.78200000E-01,+3.78200000E-01\u000a
p39
aV+3.87100000E-01,+3.87100000E-01,+3.87100000E-01,+3.86600000E-01,+3.86600000E-01,+3.86600000E-01,+3.86600000E-01,+3.86600000E-01,+3.86600000E-01,+3.87100000E-01\u000a
p40
aV+3.97000000E-01,+3.97500000E-01,+3.97000000E-01,+3.97500000E-01,+3.97000000E-01,+3.97000000E-01,+3.97000000E-01,+3.97500000E-01,+3.97500000E-01,+3.97500000E-01\u000a
p41
aV+3.97500000E-01,+3.97500000E-01,+3.97500000E-01,+3.97000000E-01,+3.97500000E-01,+3.97500000E-01,+3.97000000E-01,+3.97500000E-01,+3.97000000E-01,+3.97500000E-01\u000a
p42
aV+4.18400000E-01,+4.18400000E-01,+4.18400000E-01,+4.18400000E-01,+4.17900000E-01,+4.17900000E-01,+4.18400000E-01,+4.18400000E-01,+4.17900000E-01,+4.18400000E-01\u000a
p43
aV+4.28900000E-01,+4.28900000E-01,+4.28300000E-01,+4.28900000E-01,+4.28900000E-01,+4.28300000E-01,+4.28900000E-01,+4.28900000E-01,+4.28300000E-01,+4.29400000E-01\u000a
p44
aV+4.37700000E-01,+4.37700000E-01,+4.37700000E-01,+4.37700000E-01,+4.37700000E-01,+4.37700000E-01,+4.37200000E-01,+4.37700000E-01,+4.38300000E-01,+4.37700000E-01\u000a
p45
aV+4.37700000E-01,+4.37200000E-01,+4.37200000E-01,+4.37700000E-01,+4.37700000E-01,+4.37700000E-01,+4.37200000E-01,+4.37700000E-01,+4.37700000E-01,+4.37200000E-01\u000a
p46
aV+4.57100000E-01,+4.57100000E-01,+4.57600000E-01,+4.57600000E-01,+4.57600000E-01,+4.58100000E-01,+4.57600000E-01,+4.57600000E-01,+4.57600000E-01,+4.57600000E-01\u000a
p47
aV+4.68000000E-01,+4.68000000E-01,+4.67500000E-01,+4.68000000E-01,+4.68000000E-01,+4.67500000E-01,+4.68000000E-01,+4.68000000E-01,+4.68000000E-01,+4.68000000E-01\u000a
p48
aV+4.76900000E-01,+4.77400000E-01,+4.77400000E-01,+4.77400000E-01,+4.76900000E-01,+4.76900000E-01,+4.76400000E-01,+4.77400000E-01,+4.77400000E-01,+4.76900000E-01\u000a
p49
aV+4.88900000E-01,+4.88900000E-01,+4.89500000E-01,+4.88900000E-01,+4.88900000E-01,+4.88900000E-01,+4.88900000E-01,+4.89500000E-01,+4.89500000E-01,+4.88900000E-01\u000a
p50
aV+4.97800000E-01,+4.98300000E-01,+4.97800000E-01,+4.97800000E-01,+4.97300000E-01,+4.97800000E-01,+4.98300000E-01,+4.97300000E-01,+4.97800000E-01,+4.97300000E-01\u000a
p51
aV+5.08800000E-01,+5.08800000E-01,+5.09300000E-01,+5.08800000E-01,+5.08800000E-01,+5.08300000E-01,+5.08800000E-01,+5.08800000E-01,+5.08800000E-01,+5.08300000E-01\u000a
p52
aV+5.17700000E-01,+5.17100000E-01,+5.17100000E-01,+5.17100000E-01,+5.17100000E-01,+5.17700000E-01,+5.17100000E-01,+5.17100000E-01,+5.17700000E-01,+5.17100000E-01\u000a
p53
aV+5.27600000E-01,+5.28100000E-01,+5.27600000E-01,+5.28100000E-01,+5.28100000E-01,+5.28100000E-01,+5.28100000E-01,+5.28100000E-01,+5.27600000E-01,+5.28100000E-01\u000a
p54
aV+5.37000000E-01,+5.36500000E-01,+5.36500000E-01,+5.36000000E-01,+5.36500000E-01,+5.37000000E-01,+5.36500000E-01,+5.36500000E-01,+5.36500000E-01,+5.36500000E-01\u000a
p55
aV+5.47400000E-01,+5.47400000E-01,+5.46400000E-01,+5.47400000E-01,+5.47400000E-01,+5.46900000E-01,+5.46400000E-01,+5.46900000E-01,+5.46400000E-01,+5.47400000E-01\u000a
p56
aV+5.55800000E-01,+5.55800000E-01,+5.56300000E-01,+5.55800000E-01,+5.56300000E-01,+5.55800000E-01,+5.56300000E-01,+5.56300000E-01,+5.56300000E-01,+5.55800000E-01\u000a
p57
aV+5.67800000E-01,+5.67800000E-01,+5.68300000E-01,+5.68300000E-01,+5.67800000E-01,+5.68300000E-01,+5.67800000E-01,+5.67800000E-01,+5.68300000E-01,+5.67800000E-01\u000a
p58
aV+5.78800000E-01,+5.78800000E-01,+5.78300000E-01,+5.78800000E-01,+5.78800000E-01,+5.78800000E-01,+5.78800000E-01,+5.79300000E-01,+5.78800000E-01,+5.78800000E-01\u000a
p59
aV+5.87700000E-01,+5.87700000E-01,+5.87700000E-01,+5.87700000E-01,+5.88200000E-01,+5.87700000E-01,+5.87100000E-01,+5.87100000E-01,+5.88200000E-01,+5.87100000E-01\u000a
p60
aV+5.98600000E-01,+5.98600000E-01,+5.98600000E-01,+5.98600000E-01,+5.98600000E-01,+5.99200000E-01,+5.98600000E-01,+5.98600000E-01,+5.98600000E-01,+5.98600000E-01\u000a
p61
aV+6.07500000E-01,+6.08000000E-01,+6.07500000E-01,+6.07500000E-01,+6.07500000E-01,+6.07500000E-01,+6.07500000E-01,+6.07000000E-01,+6.07500000E-01,+6.07500000E-01\u000a
p62
aV+6.18000000E-01,+6.18500000E-01,+6.18000000E-01,+6.18500000E-01,+6.18000000E-01,+6.18500000E-01,+6.18500000E-01,+6.18500000E-01,+6.18500000E-01,+6.18000000E-01\u000a
p63
aV+6.26800000E-01,+6.26800000E-01,+6.27400000E-01,+6.26800000E-01,+6.26800000E-01,+6.26800000E-01,+6.26800000E-01,+6.26800000E-01,+6.26800000E-01,+6.27400000E-01\u000a
p64
aV+6.38900000E-01,+6.39400000E-01,+6.38900000E-01,+6.38900000E-01,+6.38900000E-01,+6.38900000E-01,+6.38900000E-01,+6.38900000E-01,+6.38900000E-01,+6.38900000E-01\u000a
p65
aV+6.47700000E-01,+6.48300000E-01,+6.47700000E-01,+6.47700000E-01,+6.47700000E-01,+6.47700000E-01,+6.47700000E-01,+6.47700000E-01,+6.47200000E-01,+6.48300000E-01\u000a
p66
aV+6.58700000E-01,+6.58200000E-01,+6.58200000E-01,+6.58700000E-01,+6.58200000E-01,+6.58700000E-01,+6.58700000E-01,+6.58200000E-01,+6.57700000E-01,+6.58700000E-01\u000a
p67
aV+6.67100000E-01,+6.67100000E-01,+6.67100000E-01,+6.67100000E-01,+6.66500000E-01,+6.67600000E-01,+6.67600000E-01,+6.66500000E-01,+6.67100000E-01,+6.67100000E-01\u000a
p68
aV+6.78600000E-01,+6.78000000E-01,+6.78000000E-01,+6.78600000E-01,+6.78600000E-01,+6.78600000E-01,+6.78000000E-01,+6.78600000E-01,+6.78600000E-01,+6.78000000E-01\u000a
p69
aV+6.87400000E-01,+6.87400000E-01,+6.87400000E-01,+6.86900000E-01,+6.87400000E-01,+6.87400000E-01,+6.87400000E-01,+6.87400000E-01,+6.86900000E-01,+6.88000000E-01\u000a
p70
aV+6.97900000E-01,+6.97900000E-01,+6.97400000E-01,+6.97400000E-01,+6.97900000E-01,+6.97900000E-01,+6.98400000E-01,+6.97900000E-01,+6.97900000E-01,+6.97900000E-01\u000a
p71
aV+7.09900000E-01,+7.09400000E-01,+7.09400000E-01,+7.09900000E-01,+7.09900000E-01,+7.09900000E-01,+7.09900000E-01,+7.09900000E-01,+7.09400000E-01,+7.09900000E-01\u000a
p72
aV+7.18800000E-01,+7.18800000E-01,+7.18800000E-01,+7.18800000E-01,+7.18300000E-01,+7.18800000E-01,+7.18800000E-01,+7.18800000E-01,+7.18800000E-01,+7.18800000E-01\u000a
p73
aV+7.29200000E-01,+7.29200000E-01,+7.29200000E-01,+7.29200000E-01,+7.29200000E-01,+7.29800000E-01,+7.29800000E-01,+7.29200000E-01,+7.29200000E-01,+7.28700000E-01\u000a
p74
aV+7.38100000E-01,+7.37600000E-01,+7.37600000E-01,+7.38100000E-01,+7.37600000E-01,+7.37600000E-01,+7.38100000E-01,+7.38100000E-01,+7.37600000E-01,+7.38100000E-01\u000a
p75
aV+7.37600000E-01,+7.37600000E-01,+7.37600000E-01,+7.37600000E-01,+7.38100000E-01,+7.37600000E-01,+7.37600000E-01,+7.38100000E-01,+7.37600000E-01,+7.38100000E-01\u000a
p76
aV+7.58000000E-01,+7.58000000E-01,+7.58000000E-01,+7.58500000E-01,+7.58000000E-01,+7.58000000E-01,+7.58500000E-01,+7.58000000E-01,+7.58000000E-01,+7.58000000E-01\u000a
p77
aV+7.68400000E-01,+7.68900000E-01,+7.68400000E-01,+7.68900000E-01,+7.68400000E-01,+7.68400000E-01,+7.68400000E-01,+7.68400000E-01,+7.68900000E-01,+7.68400000E-01\u000a
p78
aV+7.77300000E-01,+7.77300000E-01,+7.77300000E-01,+7.77300000E-01,+7.77800000E-01,+7.77300000E-01,+7.77800000E-01,+7.77300000E-01,+7.77300000E-01,+7.77800000E-01\u000a
p79
aV+7.89300000E-01,+7.89800000E-01,+7.89300000E-01,+7.89800000E-01,+7.89300000E-01,+7.89300000E-01,+7.89800000E-01,+7.89300000E-01,+7.88800000E-01,+7.89300000E-01\u000a
p80
aV+7.98200000E-01,+7.98200000E-01,+7.98700000E-01,+7.98200000E-01,+7.98200000E-01,+7.98700000E-01,+7.98200000E-01,+7.98200000E-01,+7.98200000E-01,+7.97700000E-01\u000a
p81
aV+8.07100000E-01,+8.07100000E-01,+8.07100000E-01,+8.07100000E-01,+8.06500000E-01,+8.07600000E-01,+8.07100000E-01,+8.07100000E-01,+8.07100000E-01,+8.07100000E-01\u000a
p82
aV+8.15400000E-01,+8.15400000E-01,+8.15900000E-01,+8.15900000E-01,+8.15900000E-01,+8.15900000E-01,+8.15900000E-01,+8.15900000E-01,+8.15400000E-01,+8.15900000E-01\u000a
p83
aV+8.27400000E-01,+8.27400000E-01,+8.26900000E-01,+8.27400000E-01,+8.27400000E-01,+8.26900000E-01,+8.26900000E-01,+8.27400000E-01,+8.26900000E-01,+8.26900000E-01\u000a
p84
aV+8.35800000E-01,+8.35800000E-01,+8.35800000E-01,+8.35800000E-01,+8.36300000E-01,+8.35800000E-01,+8.35800000E-01,+8.36300000E-01,+8.35800000E-01,+8.36300000E-01\u000a
p85
aV+8.46800000E-01,+8.46800000E-01,+8.46800000E-01,+8.46800000E-01,+8.46800000E-01,+8.46800000E-01,+8.46800000E-01,+8.46800000E-01,+8.46800000E-01,+8.46200000E-01\u000a
p86
aV+8.58800000E-01,+8.58800000E-01,+8.58800000E-01,+8.58800000E-01,+8.58800000E-01,+8.58800000E-01,+8.58800000E-01,+8.58800000E-01,+8.58300000E-01,+8.58800000E-01\u000a
p87
aV+8.67700000E-01,+8.67700000E-01,+8.67100000E-01,+8.67100000E-01,+8.67700000E-01,+8.67700000E-01,+8.67700000E-01,+8.67700000E-01,+8.67100000E-01,+8.67100000E-01\u000a
p88
aV+8.77600000E-01,+8.78100000E-01,+8.77600000E-01,+8.78100000E-01,+8.78100000E-01,+8.77600000E-01,+8.77600000E-01,+8.78100000E-01,+8.77600000E-01,+8.78100000E-01\u000a
p89
aV+8.85900000E-01,+8.87000000E-01,+8.87000000E-01,+8.87000000E-01,+8.86500000E-01,+8.87000000E-01,+8.87000000E-01,+8.87000000E-01,+8.87000000E-01,+8.86500000E-01\u000a
p90
aV+8.97400000E-01,+8.98500000E-01,+8.98000000E-01,+8.98000000E-01,+8.98000000E-01,+8.98000000E-01,+8.98000000E-01,+8.98000000E-01,+8.98500000E-01,+8.98500000E-01\u000a
p91
aV+9.06800000E-01,+9.06300000E-01,+9.06800000E-01,+9.06800000E-01,+9.06800000E-01,+9.07400000E-01,+9.06800000E-01,+9.07400000E-01,+9.07400000E-01,+9.06800000E-01\u000a
p92
aV+9.17800000E-01,+9.17300000E-01,+9.17300000E-01,+9.17300000E-01,+9.17300000E-01,+9.17300000E-01,+9.17800000E-01,+9.18300000E-01,+9.17300000E-01,+9.17300000E-01\u000a
p93
aV+9.26700000E-01,+9.26700000E-01,+9.26200000E-01,+9.26700000E-01,+9.26200000E-01,+9.26200000E-01,+9.26200000E-01,+9.26200000E-01,+9.26700000E-01,+9.25600000E-01\u000a
p94
aV+9.38200000E-01,+9.38700000E-01,+9.38700000E-01,+9.37700000E-01,+9.37700000E-01,+9.38200000E-01,+9.38200000E-01,+9.38200000E-01,+9.38700000E-01,+9.38200000E-01\u000a
p95
aV+9.47100000E-01,+9.47100000E-01,+9.47600000E-01,+9.46500000E-01,+9.47100000E-01,+9.47100000E-01,+9.47600000E-01,+9.47100000E-01,+9.47100000E-01,+9.47100000E-01\u000a
p96
aV+9.57500000E-01,+9.58000000E-01,+9.57500000E-01,+9.57000000E-01,+9.57000000E-01,+9.57000000E-01,+9.57500000E-01,+9.57500000E-01,+9.57500000E-01,+9.57000000E-01\u000a
p97
aV+9.66900000E-01,+9.66400000E-01,+9.66400000E-01,+9.66400000E-01,+9.66400000E-01,+9.66900000E-01,+9.66900000E-01,+9.66400000E-01,+9.66900000E-01,+9.66900000E-01\u000a
p98
aV+9.78400000E-01,+9.78400000E-01,+9.77900000E-01,+9.77400000E-01,+9.77900000E-01,+9.77900000E-01,+9.77900000E-01,+9.77400000E-01,+9.77900000E-01,+9.77900000E-01\u000a
p99
aV+9.88800000E-01,+9.88800000E-01,+9.88300000E-01,+9.88300000E-01,+9.88800000E-01,+9.88300000E-01,+9.88300000E-01,+9.88800000E-01,+9.88800000E-01,+9.87800000E-01\u000a
p100
aV+9.97700000E-01,+9.97700000E-01,+9.97200000E-01,+9.97200000E-01,+9.97200000E-01,+9.97200000E-01,+9.97700000E-01,+9.97200000E-01,+9.97200000E-01,+9.97700000E-01\u000a
p101
aV+1.00920000E+00,+1.00970000E+00,+1.00920000E+00,+1.00920000E+00,+1.00970000E+00,+1.00920000E+00,+1.00920000E+00,+1.00920000E+00,+1.00970000E+00,+1.00920000E+00\u000a
p102
aV+1.01810000E+00,+1.01810000E+00,+1.01760000E+00,+1.01810000E+00,+1.01810000E+00,+1.01810000E+00,+1.01760000E+00,+1.01810000E+00,+1.01760000E+00,+1.01810000E+00\u000a
p103
aV+1.02850000E+00,+1.02800000E+00,+1.02850000E+00,+1.02800000E+00,+1.02850000E+00,+1.02800000E+00,+1.02800000E+00,+1.02850000E+00,+1.02850000E+00,+1.02800000E+00\u000a
p104
aV+1.03740000E+00,+1.03740000E+00,+1.03740000E+00,+1.03740000E+00,+1.03740000E+00,+1.03740000E+00,+1.03740000E+00,+1.03740000E+00,+1.03740000E+00,+1.03740000E+00\u000a
p105
aV+1.04890000E+00,+1.04840000E+00,+1.04890000E+00,+1.04840000E+00,+1.04890000E+00,+1.04890000E+00,+1.04840000E+00,+1.04840000E+00,+1.04890000E+00,+1.04840000E+00\u000a
p106
aV+1.05830000E+00,+1.05730000E+00,+1.05780000E+00,+1.05780000E+00,+1.05780000E+00,+1.05730000E+00,+1.05730000E+00,+1.05730000E+00,+1.05780000E+00,+1.05730000E+00\u000a
p107
aV+1.06820000E+00,+1.06820000E+00,+1.06820000E+00,+1.06770000E+00,+1.06820000E+00,+1.06820000E+00,+1.06820000E+00,+1.06770000E+00,+1.06880000E+00,+1.06820000E+00\u000a
p108
aV+1.07710000E+00,+1.07770000E+00,+1.07710000E+00,+1.07770000E+00,+1.07770000E+00,+1.07710000E+00,+1.07710000E+00,+1.07710000E+00,+1.07710000E+00,+1.07710000E+00\u000a
p109
aV+1.08760000E+00,+1.08760000E+00,+1.08760000E+00,+1.08760000E+00,+1.08810000E+00,+1.08810000E+00,+1.08810000E+00,+1.08760000E+00,+1.08810000E+00,+1.08810000E+00\u000a
p110
aV+1.08810000E+00,+1.08810000E+00,+1.08810000E+00,+1.08810000E+00,+1.08760000E+00,+1.08810000E+00,+1.08810000E+00,+1.08810000E+00,+1.08810000E+00,+1.08760000E+00\u000a
p111
aV+1.10790000E+00,+1.10690000E+00,+1.10790000E+00,+1.10690000E+00,+1.10740000E+00,+1.10740000E+00,+1.10740000E+00,+1.10740000E+00,+1.10690000E+00,+1.10740000E+00\u000a
p112
aV+1.11580000E+00,+1.11580000E+00,+1.11580000E+00,+1.11630000E+00,+1.11630000E+00,+1.11630000E+00,+1.11630000E+00,+1.11630000E+00,+1.11630000E+00,+1.11630000E+00\u000a
p113
aV+1.12730000E+00,+1.12830000E+00,+1.12730000E+00,+1.12780000E+00,+1.12730000E+00,+1.12780000E+00,+1.12730000E+00,+1.12730000E+00,+1.12780000E+00,+1.12830000E+00\u000a
p114
aV+1.13770000E+00,+1.13820000E+00,+1.13820000E+00,+1.13770000E+00,+1.13820000E+00,+1.13770000E+00,+1.13820000E+00,+1.13820000E+00,+1.13820000E+00,+1.13820000E+00\u000a
p115
aV+1.14760000E+00,+1.14710000E+00,+1.14660000E+00,+1.14660000E+00,+1.14710000E+00,+1.14710000E+00,+1.14710000E+00,+1.14710000E+00,+1.14710000E+00,+1.14710000E+00\u000a
p116
aV+1.15810000E+00,+1.15860000E+00,+1.15860000E+00,+1.15860000E+00,+1.15860000E+00,+1.15860000E+00,+1.15860000E+00,+1.15860000E+00,+1.15910000E+00,+1.15860000E+00\u000a
p117
aV+1.16750000E+00,+1.16750000E+00,+1.16750000E+00,+1.16700000E+00,+1.16750000E+00,+1.16750000E+00,+1.16750000E+00,+1.16750000E+00,+1.16750000E+00,+1.16750000E+00\u000a
p118
aV+1.17740000E+00,+1.17790000E+00,+1.17790000E+00,+1.17790000E+00,+1.17790000E+00,+1.17790000E+00,+1.17850000E+00,+1.17790000E+00,+1.17790000E+00,+1.17790000E+00\u000a
p119
aV+1.18680000E+00,+1.18680000E+00,+1.18680000E+00,+1.18680000E+00,+1.18680000E+00,+1.18630000E+00,+1.18630000E+00,+1.18680000E+00,+1.18680000E+00,+1.18680000E+00\u000a
p120
aV+1.19880000E+00,+1.19830000E+00,+1.19830000E+00,+1.19830000E+00,+1.19830000E+00,+1.19830000E+00,+1.19830000E+00,+1.19880000E+00,+1.19880000E+00,+1.19830000E+00\u000a
p121
aV+1.19830000E+00,+1.19830000E+00,+1.19830000E+00,+1.19830000E+00,+1.19830000E+00,+1.19830000E+00,+1.19830000E+00,+1.19830000E+00,+1.19830000E+00,+1.19830000E+00\u000a
p122
aV+1.21760000E+00,+1.21760000E+00,+1.21820000E+00,+1.21820000E+00,+1.21760000E+00,+1.21820000E+00,+1.21760000E+00,+1.21820000E+00,+1.21760000E+00,+1.21760000E+00\u000a
p123
aV+1.22650000E+00,+1.22710000E+00,+1.22650000E+00,+1.22600000E+00,+1.22650000E+00,+1.22650000E+00,+1.22600000E+00,+1.22650000E+00,+1.22650000E+00,+1.22650000E+00\u000a
p124
aV+1.23850000E+00,+1.23850000E+00,+1.23800000E+00,+1.23850000E+00,+1.23800000E+00,+1.23850000E+00,+1.23910000E+00,+1.23800000E+00,+1.23800000E+00,+1.23850000E+00\u000a
p125
aV+1.24740000E+00,+1.24790000E+00,+1.24740000E+00,+1.24690000E+00,+1.24740000E+00,+1.24740000E+00,+1.24740000E+00,+1.24690000E+00,+1.24740000E+00,+1.24740000E+00\u000a
p126
aV+1.24790000E+00,+1.24740000E+00,+1.24740000E+00,+1.24740000E+00,+1.24690000E+00,+1.24740000E+00,+1.24740000E+00,+1.24740000E+00,+1.24790000E+00,+1.24690000E+00\u000a
p127
aV+1.26940000E+00,+1.26940000E+00,+1.26880000E+00,+1.26940000E+00,+1.26940000E+00,+1.26940000E+00,+1.26990000E+00,+1.26940000E+00,+1.26940000E+00,+1.26940000E+00\u000a
p128
aV+1.27770000E+00,+1.27820000E+00,+1.27770000E+00,+1.27820000E+00,+1.27820000E+00,+1.27820000E+00,+1.27770000E+00,+1.27820000E+00,+1.27770000E+00,+1.27820000E+00\u000a
p129
aV+1.28870000E+00,+1.28870000E+00,+1.28870000E+00,+1.28870000E+00,+1.28870000E+00,+1.28870000E+00,+1.28820000E+00,+1.28870000E+00,+1.28870000E+00,+1.28870000E+00\u000a
p130
aV+1.29760000E+00,+1.29760000E+00,+1.29760000E+00,+1.29760000E+00,+1.29760000E+00,+1.29760000E+00,+1.29760000E+00,+1.29760000E+00,+1.29760000E+00,+1.29760000E+00\u000a
p131
aV+1.30910000E+00,+1.30910000E+00,+1.30910000E+00,+1.30910000E+00,+1.30910000E+00,+1.30850000E+00,+1.30910000E+00,+1.30910000E+00,+1.30850000E+00,+1.30910000E+00\u000a
p132
aV+1.31790000E+00,+1.31850000E+00,+1.31790000E+00,+1.31790000E+00,+1.31790000E+00,+1.31790000E+00,+1.31850000E+00,+1.31790000E+00,+1.31850000E+00,+1.31850000E+00\u000a
p133
aV+1.32790000E+00,+1.32890000E+00,+1.32840000E+00,+1.32840000E+00,+1.32840000E+00,+1.32890000E+00,+1.32840000E+00,+1.32890000E+00,+1.32840000E+00,+1.32890000E+00\u000a
p134
aV+1.33730000E+00,+1.33730000E+00,+1.33730000E+00,+1.33780000E+00,+1.33730000E+00,+1.33780000E+00,+1.33730000E+00,+1.33730000E+00,+1.33780000E+00,+1.33730000E+00\u000a
p135
aV+1.34880000E+00,+1.34930000E+00,+1.34820000E+00,+1.34820000E+00,+1.34880000E+00,+1.34880000E+00,+1.34880000E+00,+1.34880000E+00,+1.34930000E+00,+1.34880000E+00\u000a
p136
aV+1.34880000E+00,+1.34880000E+00,+1.34880000E+00,+1.34880000E+00,+1.34880000E+00,+1.34880000E+00,+1.34820000E+00,+1.34880000E+00,+1.34930000E+00,+1.34820000E+00\u000a
p137
aV+1.36760000E+00,+1.36810000E+00,+1.36760000E+00,+1.36760000E+00,+1.36810000E+00,+1.36810000E+00,+1.36810000E+00,+1.36760000E+00,+1.36810000E+00,+1.36810000E+00\u000a
p138
aV+1.37230000E+00,+1.37280000E+00,+1.37230000E+00,+1.37280000E+00,+1.37330000E+00,+1.37280000E+00,+1.37280000E+00,+1.37230000E+00,+1.37280000E+00,+1.37280000E+00\u000a
p139
aV+1.38320000E+00,+1.38270000E+00,+1.38320000E+00,+1.38320000E+00,+1.38320000E+00,+1.38320000E+00,+1.38320000E+00,+1.38320000E+00,+1.38270000E+00,+1.38320000E+00\u000a
p140
aV+1.39160000E+00,+1.39210000E+00,+1.39210000E+00,+1.39210000E+00,+1.39160000E+00,+1.39210000E+00,+1.39160000E+00,+1.39210000E+00,+1.39160000E+00,+1.39160000E+00\u000a
p141
aV+1.40360000E+00,+1.40310000E+00,+1.40260000E+00,+1.40260000E+00,+1.40310000E+00,+1.40360000E+00,+1.40310000E+00,+1.40260000E+00,+1.40310000E+00,+1.40360000E+00\u000a
p142
aV+1.41350000E+00,+1.41300000E+00,+1.41300000E+00,+1.41350000E+00,+1.41300000E+00,+1.41350000E+00,+1.41350000E+00,+1.41350000E+00,+1.41350000E+00,+1.41350000E+00\u000a
p143
aV+1.42240000E+00,+1.42240000E+00,+1.42240000E+00,+1.42240000E+00,+1.42190000E+00,+1.42190000E+00,+1.42190000E+00,+1.42190000E+00,+1.42190000E+00,+1.42240000E+00\u000a
p144
aV+1.43390000E+00,+1.43440000E+00,+1.43390000E+00,+1.43390000E+00,+1.43440000E+00,+1.43440000E+00,+1.43340000E+00,+1.43340000E+00,+1.43390000E+00,+1.43440000E+00\u000a
p145
aV+1.44280000E+00,+1.44230000E+00,+1.44280000E+00,+1.44230000E+00,+1.44230000E+00,+1.44280000E+00,+1.44280000E+00,+1.44230000E+00,+1.44280000E+00,+1.44280000E+00\u000a
p146
aV+1.45270000E+00,+1.45270000E+00,+1.45220000E+00,+1.45270000E+00,+1.45320000E+00,+1.45270000E+00,+1.45320000E+00,+1.45320000E+00,+1.45270000E+00,+1.45320000E+00\u000a
p147
aV+1.46210000E+00,+1.46210000E+00,+1.46160000E+00,+1.46160000E+00,+1.46160000E+00,+1.46160000E+00,+1.46160000E+00,+1.46210000E+00,+1.46160000E+00,+1.46110000E+00\u000a
p148
aV+1.47260000E+00,+1.47310000E+00,+1.47260000E+00,+1.47310000E+00,+1.47260000E+00,+1.47260000E+00,+1.47260000E+00,+1.47260000E+00,+1.47260000E+00,+1.47310000E+00\u000a
p149
aV+1.48140000E+00,+1.48200000E+00,+1.48140000E+00,+1.48140000E+00,+1.48200000E+00,+1.48140000E+00,+1.48140000E+00,+1.48200000E+00,+1.48200000E+00,+1.48200000E+00\u000a
p150
aV+1.49190000E+00,+1.49190000E+00,+1.49190000E+00,+1.49190000E+00,+1.49190000E+00,+1.49190000E+00,+1.49240000E+00,+1.49240000E+00,+1.49190000E+00,+1.49240000E+00\u000a
p151
aV+1.50080000E+00,+1.50080000E+00,+1.50130000E+00,+1.50080000E+00,+1.50130000E+00,+1.50080000E+00,+1.50130000E+00,+1.50130000E+00,+1.50080000E+00,+1.50080000E+00\u000a
p152
aV+1.51230000E+00,+1.51230000E+00,+1.51280000E+00,+1.51230000E+00,+1.51280000E+00,+1.51230000E+00,+1.51230000E+00,+1.51280000E+00,+1.51280000E+00,+1.51280000E+00\u000a
p153
aV+1.52110000E+00,+1.52110000E+00,+1.52110000E+00,+1.52170000E+00,+1.52110000E+00,+1.52110000E+00,+1.52110000E+00,+1.52110000E+00,+1.52110000E+00,+1.52110000E+00\u000a
p154
aV+1.52110000E+00,+1.52110000E+00,+1.52110000E+00,+1.52110000E+00,+1.52110000E+00,+1.52170000E+00,+1.52110000E+00,+1.52110000E+00,+1.52110000E+00,+1.52110000E+00\u000a
p155
aV+1.54260000E+00,+1.54310000E+00,+1.54260000E+00,+1.54260000E+00,+1.54260000E+00,+1.54260000E+00,+1.54310000E+00,+1.54260000E+00,+1.54260000E+00,+1.54310000E+00\u000a
p156
aV+1.55140000E+00,+1.55140000E+00,+1.55200000E+00,+1.55140000E+00,+1.55140000E+00,+1.55140000E+00,+1.55140000E+00,+1.55200000E+00,+1.55140000E+00,+1.55200000E+00\u000a
p157
aV+1.56190000E+00,+1.56190000E+00,+1.56190000E+00,+1.56240000E+00,+1.56190000E+00,+1.56240000E+00,+1.56190000E+00,+1.56140000E+00,+1.56190000E+00,+1.56190000E+00\u000a
p158
aV+1.57080000E+00,+1.57080000E+00,+1.57020000E+00,+1.57130000E+00,+1.57080000E+00,+1.57080000E+00,+1.57080000E+00,+1.57080000E+00,+1.57080000E+00,+1.57130000E+00\u000a
p159
aV+1.57080000E+00,+1.57020000E+00,+1.57080000E+00,+1.57020000E+00,+1.57080000E+00,+1.57080000E+00,+1.57080000E+00,+1.57080000E+00,+1.57080000E+00,+1.57020000E+00\u000a
p160
aV+1.59060000E+00,+1.59060000E+00,+1.59110000E+00,+1.59060000E+00,+1.59060000E+00,+1.59110000E+00,+1.59060000E+00,+1.59060000E+00,+1.59060000E+00,+1.59060000E+00\u000a
p161
aV+1.60110000E+00,+1.60110000E+00,+1.60110000E+00,+1.60110000E+00,+1.60110000E+00,+1.60110000E+00,+1.60160000E+00,+1.60110000E+00,+1.60110000E+00,+1.60110000E+00\u000a
p162
aV+1.60990000E+00,+1.60990000E+00,+1.60990000E+00,+1.60990000E+00,+1.61050000E+00,+1.60990000E+00,+1.60990000E+00,+1.60940000E+00,+1.60990000E+00,+1.60990000E+00\u000a
p163
aV+1.62140000E+00,+1.62140000E+00,+1.62090000E+00,+1.62140000E+00,+1.62090000E+00,+1.62090000E+00,+1.62140000E+00,+1.62140000E+00,+1.62090000E+00,+1.62140000E+00\u000a
p164
aV+1.62980000E+00,+1.62980000E+00,+1.62980000E+00,+1.62980000E+00,+1.62980000E+00,+1.62980000E+00,+1.62980000E+00,+1.62930000E+00,+1.62980000E+00,+1.62980000E+00\u000a
p165
aV+1.64020000E+00,+1.64020000E+00,+1.63970000E+00,+1.64020000E+00,+1.64020000E+00,+1.64080000E+00,+1.64020000E+00,+1.64080000E+00,+1.64080000E+00,+1.64020000E+00\u000a
p166
aV+1.64860000E+00,+1.64860000E+00,+1.64910000E+00,+1.64910000E+00,+1.64910000E+00,+1.64910000E+00,+1.64910000E+00,+1.64910000E+00,+1.64860000E+00,+1.64910000E+00\u000a
p167
aV+1.65960000E+00,+1.65910000E+00,+1.65960000E+00,+1.65910000E+00,+1.65960000E+00,+1.65910000E+00,+1.65960000E+00,+1.66010000E+00,+1.65960000E+00,+1.65960000E+00\u000a
p168
aV+1.66790000E+00,+1.66790000E+00,+1.66850000E+00,+1.66790000E+00,+1.66790000E+00,+1.66790000E+00,+1.66790000E+00,+1.66790000E+00,+1.66790000E+00,+1.66850000E+00\u000a
p169
aV+1.67840000E+00,+1.67840000E+00,+1.67840000E+00,+1.67840000E+00,+1.67840000E+00,+1.67840000E+00,+1.67890000E+00,+1.67840000E+00,+1.67840000E+00,+1.67840000E+00\u000a
p170
aV+1.68930000E+00,+1.68930000E+00,+1.68930000E+00,+1.68990000E+00,+1.68990000E+00,+1.68990000E+00,+1.68990000E+00,+1.68990000E+00,+1.68990000E+00,+1.68930000E+00\u000a
p171
aV+1.69770000E+00,+1.69820000E+00,+1.69820000E+00,+1.69820000E+00,+1.69770000E+00,+1.69820000E+00,+1.69820000E+00,+1.69820000E+00,+1.69820000E+00,+1.69820000E+00\u000a
p172
aV+1.70870000E+00,+1.70870000E+00,+1.70920000E+00,+1.70870000E+00,+1.70870000E+00,+1.70870000E+00,+1.70870000E+00,+1.70870000E+00,+1.70870000E+00,+1.70870000E+00\u000a
p173
aV+1.71700000E+00,+1.71700000E+00,+1.71760000E+00,+1.71700000E+00,+1.71700000E+00,+1.71700000E+00,+1.71700000E+00,+1.71700000E+00,+1.71700000E+00,+1.71700000E+00\u000a
p174
aV+1.72800000E+00,+1.72850000E+00,+1.72850000E+00,+1.72850000E+00,+1.72850000E+00,+1.72800000E+00,+1.72800000E+00,+1.72850000E+00,+1.72850000E+00,+1.72850000E+00\u000a
p175
aV+1.73740000E+00,+1.73690000E+00,+1.73690000E+00,+1.73740000E+00,+1.73740000E+00,+1.73740000E+00,+1.73690000E+00,+1.73690000E+00,+1.73690000E+00,+1.73690000E+00\u000a
p176
aV+1.74790000E+00,+1.74680000E+00,+1.74730000E+00,+1.74730000E+00,+1.74730000E+00,+1.74730000E+00,+1.74730000E+00,+1.74680000E+00,+1.74680000E+00,+1.74730000E+00\u000a
p177
aV+1.75570000E+00,+1.75570000E+00,+1.75570000E+00,+1.75620000E+00,+1.75620000E+00,+1.75570000E+00,+1.75620000E+00,+1.75570000E+00,+1.75570000E+00,+1.75570000E+00\u000a
p178
aV+1.76720000E+00,+1.76670000E+00,+1.76670000E+00,+1.76670000E+00,+1.76720000E+00,+1.76720000E+00,+1.76670000E+00,+1.76720000E+00,+1.76670000E+00,+1.76670000E+00\u000a
p179
aV+1.77550000E+00,+1.77610000E+00,+1.77550000E+00,+1.77550000E+00,+1.77550000E+00,+1.77500000E+00,+1.77550000E+00,+1.77550000E+00,+1.77610000E+00,+1.77550000E+00\u000a
p180
aV+1.78600000E+00,+1.78550000E+00,+1.78550000E+00,+1.78550000E+00,+1.78600000E+00,+1.78550000E+00,+1.78550000E+00,+1.78600000E+00,+1.78650000E+00,+1.78550000E+00\u000a
p181
aV+1.78550000E+00,+1.78600000E+00,+1.78550000E+00,+1.78550000E+00,+1.78600000E+00,+1.78490000E+00,+1.78550000E+00,+1.78550000E+00,+1.78550000E+00,+1.78600000E+00\u000a
p182
aV+1.80580000E+00,+1.80530000E+00,+1.80530000E+00,+1.80530000E+00,+1.80580000E+00,+1.80580000E+00,+1.80580000E+00,+1.80530000E+00,+1.80530000E+00,+1.80530000E+00\u000a
p183
aV+1.81580000E+00,+1.81520000E+00,+1.81520000E+00,+1.81580000E+00,+1.81520000E+00,+1.81520000E+00,+1.81580000E+00,+1.81580000E+00,+1.81520000E+00,+1.81580000E+00\u000a
p184
aV+1.82460000E+00,+1.82410000E+00,+1.82410000E+00,+1.82410000E+00,+1.82360000E+00,+1.82410000E+00,+1.82460000E+00,+1.82360000E+00,+1.82410000E+00,+1.82360000E+00\u000a
p185
aV+1.82410000E+00,+1.82410000E+00,+1.82410000E+00,+1.82410000E+00,+1.82410000E+00,+1.82460000E+00,+1.82360000E+00,+1.82460000E+00,+1.82410000E+00,+1.82410000E+00\u000a
p186
aV+1.84340000E+00,+1.84290000E+00,+1.84340000E+00,+1.84290000E+00,+1.84290000E+00,+1.84340000E+00,+1.84340000E+00,+1.84290000E+00,+1.84340000E+00,+1.84290000E+00\u000a
p187
aV+1.84340000E+00,+1.84340000E+00,+1.84340000E+00,+1.84340000E+00,+1.84340000E+00,+1.84400000E+00,+1.84400000E+00,+1.84340000E+00,+1.84400000E+00,+1.84340000E+00\u000a
p188
aV+1.86120000E+00,+1.86170000E+00,+1.86170000E+00,+1.86120000E+00,+1.86170000E+00,+1.86170000E+00,+1.86230000E+00,+1.86120000E+00,+1.86120000E+00,+1.86120000E+00\u000a
p189
aV+1.87270000E+00,+1.87320000E+00,+1.87320000E+00,+1.87270000E+00,+1.87270000E+00,+1.87270000E+00,+1.87270000E+00,+1.87270000E+00,+1.87270000E+00,+1.87320000E+00\u000a
p190
aV+1.88110000E+00,+1.88110000E+00,+1.88110000E+00,+1.88110000E+00,+1.88160000E+00,+1.88110000E+00,+1.88050000E+00,+1.88110000E+00,+1.88110000E+00,+1.88050000E+00\u000a
p191
aV+1.89100000E+00,+1.89100000E+00,+1.89100000E+00,+1.89150000E+00,+1.89100000E+00,+1.89050000E+00,+1.89050000E+00,+1.89100000E+00,+1.89150000E+00,+1.89150000E+00\u000a
p192
aV+1.89880000E+00,+1.89930000E+00,+1.89930000E+00,+1.89930000E+00,+1.89930000E+00,+1.89930000E+00,+1.89880000E+00,+1.89880000E+00,+1.89880000E+00,+1.89880000E+00\u000a
p193
aV+1.90980000E+00,+1.90980000E+00,+1.90980000E+00,+1.91030000E+00,+1.91030000E+00,+1.90980000E+00,+1.90980000E+00,+1.90980000E+00,+1.90980000E+00,+1.90980000E+00\u000a
p194
aV+1.92180000E+00,+1.92180000E+00,+1.92130000E+00,+1.92180000E+00,+1.92180000E+00,+1.92180000E+00,+1.92230000E+00,+1.92180000E+00,+1.92180000E+00,+1.92180000E+00\u000a
p195
aV+1.93170000E+00,+1.93120000E+00,+1.93120000E+00,+1.93120000E+00,+1.93170000E+00,+1.93120000E+00,+1.93120000E+00,+1.93120000E+00,+1.93120000E+00,+1.93120000E+00\u000a
p196
aV+1.93960000E+00,+1.93960000E+00,+1.93960000E+00,+1.94010000E+00,+1.93960000E+00,+1.93960000E+00,+1.93960000E+00,+1.93960000E+00,+1.93960000E+00,+1.93960000E+00\u000a
p197
aV+1.94950000E+00,+1.95000000E+00,+1.94950000E+00,+1.95000000E+00,+1.95000000E+00,+1.95000000E+00,+1.95000000E+00,+1.95050000E+00,+1.95050000E+00,+1.95000000E+00\u000a
p198
aV+1.95940000E+00,+1.95990000E+00,+1.95990000E+00,+1.95940000E+00,+1.95990000E+00,+1.95940000E+00,+1.95990000E+00,+1.95990000E+00,+1.95940000E+00,+1.95940000E+00\u000a
p199
aV+1.96780000E+00,+1.96730000E+00,+1.96780000E+00,+1.96780000E+00,+1.96730000E+00,+1.96780000E+00,+1.96730000E+00,+1.96730000E+00,+1.96780000E+00,+1.96730000E+00\u000a
p200
aV+1.96730000E+00,+1.96730000E+00,+1.96780000E+00,+1.96730000E+00,+1.96730000E+00,+1.96780000E+00,+1.96780000E+00,+1.96730000E+00,+1.96730000E+00,+1.96780000E+00\u000a
p201
aV+1.98610000E+00,+1.98550000E+00,+1.98610000E+00,+1.98610000E+00,+1.98610000E+00,+1.98610000E+00,+1.98610000E+00,+1.98610000E+00,+1.98610000E+00,+1.98660000E+00\u000a
p202
aV+1.99490000E+00,+1.99550000E+00,+1.99490000E+00,+1.99490000E+00,+1.99550000E+00,+1.99490000E+00,+1.99490000E+00,+1.99550000E+00,+1.99490000E+00,+1.99550000E+00\u000a
p203
aV+2.00330000E+00,+2.00330000E+00,+2.00280000E+00,+2.00280000E+00,+2.00330000E+00,+2.00280000E+00,+2.00330000E+00,+2.00330000E+00,+2.00280000E+00,+2.00280000E+00\u000a
p204
aV+2.01320000E+00,+2.01270000E+00,+2.01270000E+00,+2.01320000E+00,+2.01270000E+00,+2.01320000E+00,+2.01270000E+00,+2.01320000E+00,+2.01320000E+00,+2.01270000E+00\u000a
p205
aV+2.02050000E+00,+2.02110000E+00,+2.02000000E+00,+2.02050000E+00,+2.02050000E+00,+2.02050000E+00,+2.02050000E+00,+2.02050000E+00,+2.02110000E+00,+2.02050000E+00\u000a
p206
aV+2.02940000E+00,+2.02990000E+00,+2.02940000E+00,+2.02990000E+00,+2.02940000E+00,+2.02940000E+00,+2.02990000E+00,+2.02940000E+00,+2.02940000E+00,+2.02990000E+00\u000a
p207
aV+2.02940000E+00,+2.02990000E+00,+2.02940000E+00,+2.02940000E+00,+2.02990000E+00,+2.02940000E+00,+2.02940000E+00,+2.02990000E+00,+2.02940000E+00,+2.02940000E+00\u000a
p208
aV+2.04720000E+00,+2.04720000E+00,+2.04720000E+00,+2.04770000E+00,+2.04770000E+00,+2.04770000E+00,+2.04720000E+00,+2.04720000E+00,+2.04720000E+00,+2.04720000E+00\u000a
p209
aV+2.05500000E+00,+2.05500000E+00,+2.05400000E+00,+2.05500000E+00,+2.05450000E+00,+2.05450000E+00,+2.05450000E+00,+2.05400000E+00,+2.05450000E+00,+2.05450000E+00\u000a
p210
aV+2.06340000E+00,+2.06340000E+00,+2.06390000E+00,+2.06340000E+00,+2.06340000E+00,+2.06340000E+00,+2.06340000E+00,+2.06340000E+00,+2.06340000E+00,+2.06390000E+00\u000a
p211
aV+2.07280000E+00,+2.07280000E+00,+2.07280000E+00,+2.07330000E+00,+2.07220000E+00,+2.07220000E+00,+2.07280000E+00,+2.07280000E+00,+2.07220000E+00,+2.07280000E+00\u000a
p212
aV+2.08010000E+00,+2.07960000E+00,+2.08010000E+00,+2.07960000E+00,+2.07960000E+00,+2.08010000E+00,+2.08010000E+00,+2.08010000E+00,+2.08010000E+00,+2.07960000E+00\u000a
p213
aV+2.08840000E+00,+2.08790000E+00,+2.08840000E+00,+2.08790000E+00,+2.08790000E+00,+2.08790000E+00,+2.08790000E+00,+2.08790000E+00,+2.08790000E+00,+2.08790000E+00\u000a
p214
aV+2.09470000E+00,+2.09520000E+00,+2.09470000E+00,+2.09520000E+00,+2.09470000E+00,+2.09520000E+00,+2.09470000E+00,+2.09470000E+00,+2.09470000E+00,+2.09520000E+00\u000a
p215
aV+2.10410000E+00,+2.10360000E+00,+2.10360000E+00,+2.10410000E+00,+2.10360000E+00,+2.10410000E+00,+2.10410000E+00,+2.10410000E+00,+2.10360000E+00,+2.10360000E+00\u000a
p216
aV+2.11040000E+00,+2.11040000E+00,+2.11040000E+00,+2.10990000E+00,+2.11040000E+00,+2.11040000E+00,+2.10990000E+00,+2.11040000E+00,+2.11040000E+00,+2.11040000E+00\u000a
p217
aV+2.11870000E+00,+2.11820000E+00,+2.11870000E+00,+2.11770000E+00,+2.11820000E+00,+2.11820000E+00,+2.11820000E+00,+2.11820000E+00,+2.11820000E+00,+2.11820000E+00\u000a
p218
aV+2.12450000E+00,+2.12450000E+00,+2.12450000E+00,+2.12450000E+00,+2.12450000E+00,+2.12450000E+00,+2.12450000E+00,+2.12450000E+00,+2.12400000E+00,+2.12450000E+00\u000a
p219
aV+2.13280000E+00,+2.13280000E+00,+2.13340000E+00,+2.13340000E+00,+2.13230000E+00,+2.13280000E+00,+2.13340000E+00,+2.13280000E+00,+2.13230000E+00,+2.13280000E+00\u000a
p220
aV+2.13860000E+00,+2.13860000E+00,+2.13860000E+00,+2.13860000E+00,+2.13860000E+00,+2.13860000E+00,+2.13910000E+00,+2.13860000E+00,+2.13860000E+00,+2.13860000E+00\u000a
p221
aV+2.14590000E+00,+2.14640000E+00,+2.14540000E+00,+2.14590000E+00,+2.14590000E+00,+2.14590000E+00,+2.14590000E+00,+2.14590000E+00,+2.14590000E+00,+2.14540000E+00\u000a
p222
aV+2.15220000E+00,+2.15160000E+00,+2.15160000E+00,+2.15160000E+00,+2.15160000E+00,+2.15160000E+00,+2.15220000E+00,+2.15160000E+00,+2.15220000E+00,+2.15160000E+00\u000a
p223
aV+2.15840000E+00,+2.15900000E+00,+2.15840000E+00,+2.15900000E+00,+2.15900000E+00,+2.15900000E+00,+2.15840000E+00,+2.15840000E+00,+2.15840000E+00,+2.15900000E+00\u000a
p224
aV+2.16420000E+00,+2.16470000E+00,+2.16420000E+00,+2.16420000E+00,+2.16470000E+00,+2.16470000E+00,+2.16470000E+00,+2.16470000E+00,+2.16470000E+00,+2.16470000E+00\u000a
p225
aV+2.17100000E+00,+2.17150000E+00,+2.17150000E+00,+2.17150000E+00,+2.17100000E+00,+2.17150000E+00,+2.17150000E+00,+2.17100000E+00,+2.17100000E+00,+2.17150000E+00\u000a
p226
aV+2.17830000E+00,+2.17830000E+00,+2.17830000E+00,+2.17830000E+00,+2.17780000E+00,+2.17830000E+00,+2.17830000E+00,+2.17830000E+00,+2.17830000E+00,+2.17830000E+00\u000a
p227
aV+2.18300000E+00,+2.18300000E+00,+2.18250000E+00,+2.18300000E+00,+2.18250000E+00,+2.18300000E+00,+2.18250000E+00,+2.18300000E+00,+2.18250000E+00,+2.18250000E+00\u000a
p228
aV+2.18770000E+00,+2.18820000E+00,+2.18770000E+00,+2.18770000E+00,+2.18820000E+00,+2.18820000E+00,+2.18770000E+00,+2.18770000E+00,+2.18770000E+00,+2.18770000E+00\u000a
p229
aV+2.19080000E+00,+2.19080000E+00,+2.19080000E+00,+2.19130000E+00,+2.19080000E+00,+2.19130000E+00,+2.19080000E+00,+2.19130000E+00,+2.19080000E+00,+2.19080000E+00\u000a
p230
aV+2.19500000E+00,+2.19500000E+00,+2.19500000E+00,+2.19450000E+00,+2.19500000E+00,+2.19450000E+00,+2.19500000E+00,+2.19500000E+00,+2.19500000E+00,+2.19450000E+00\u000a
p231
aV+2.19550000E+00,+2.19660000E+00,+2.19550000E+00,+2.19600000E+00,+2.19600000E+00,+2.19600000E+00,+2.19600000E+00,+2.19600000E+00,+2.19550000E+00,+2.19550000E+00\u000a
p232
aV+2.19660000E+00,+2.19710000E+00,+2.19660000E+00,+2.19660000E+00,+2.19660000E+00,+2.19660000E+00,+2.19660000E+00,+2.19600000E+00,+2.19660000E+00,+2.19600000E+00\u000a
p233
aV+2.19550000E+00,+2.19550000E+00,+2.19550000E+00,+2.19500000E+00,+2.19500000E+00,+2.19500000E+00,+2.19450000E+00,+2.19450000E+00,+2.19500000E+00,+2.19500000E+00\u000a
p234
aV+2.20490000E+00,+2.20550000E+00,+2.20490000E+00,+2.20550000E+00,+2.20550000E+00,+2.20600000E+00,+2.20600000E+00,+2.20600000E+00,+2.20550000E+00,+2.20550000E+00\u000a
p235
aV+2.22790000E+00,+2.22790000E+00,+2.22840000E+00,+2.22840000E+00,+2.22840000E+00,+2.22790000E+00,+2.22790000E+00,+2.22840000E+00,+2.22790000E+00,+2.22840000E+00\u000a
p236
aV+2.23570000E+00,+2.23570000E+00,+2.23520000E+00,+2.23570000E+00,+2.23630000E+00,+2.23630000E+00,+2.23630000E+00,+2.23630000E+00,+2.23630000E+00,+2.23630000E+00\u000a
p237
aV+2.24050000E+00,+2.23990000E+00,+2.23990000E+00,+2.23990000E+00,+2.24050000E+00,+2.24050000E+00,+2.23990000E+00,+2.23990000E+00,+2.23990000E+00,+2.23940000E+00\u000a
p238
aV+2.24460000E+00,+2.24460000E+00,+2.24410000E+00,+2.24460000E+00,+2.24460000E+00,+2.24410000E+00,+2.24460000E+00,+2.24460000E+00,+2.24410000E+00,+2.24410000E+00\u000a
p239
aV+2.24570000E+00,+2.24570000E+00,+2.24520000E+00,+2.24520000E+00,+2.24520000E+00,+2.24520000E+00,+2.24520000E+00,+2.24520000E+00,+2.24520000E+00,+2.24460000E+00\u000a
p240
aV+2.24410000E+00,+2.24410000E+00,+2.24460000E+00,+2.24410000E+00,+2.24410000E+00,+2.24410000E+00,+2.24360000E+00,+2.24360000E+00,+2.24410000E+00,+2.24360000E+00\u000a
p241
aV+2.24200000E+00,+2.24200000E+00,+2.24200000E+00,+2.24200000E+00,+2.24150000E+00,+2.24150000E+00,+2.24150000E+00,+2.24150000E+00,+2.24150000E+00,+2.24150000E+00\u000a
p242
aV+2.23570000E+00,+2.23630000E+00,+2.23630000E+00,+2.23630000E+00,+2.23520000E+00,+2.23520000E+00,+2.23520000E+00,+2.23570000E+00,+2.23520000E+00,+2.23570000E+00\u000a
p243
aV+2.22790000E+00,+2.22790000E+00,+2.22790000E+00,+2.22740000E+00,+2.22690000E+00,+2.22690000E+00,+2.22740000E+00,+2.22690000E+00,+2.22740000E+00,+2.22690000E+00\u000a
p244
aV+2.21640000E+00,+2.21640000E+00,+2.21540000E+00,+2.21590000E+00,+2.21540000E+00,+2.21490000E+00,+2.21540000E+00,+2.21490000E+00,+2.21540000E+00,+2.21490000E+00\u000a
p245
aV+2.20130000E+00,+2.20180000E+00,+2.20130000E+00,+2.20080000E+00,+2.20080000E+00,+2.20020000E+00,+2.20080000E+00,+2.20080000E+00,+2.20020000E+00,+2.20020000E+00\u000a
p246
aV+2.18190000E+00,+2.18140000E+00,+2.18090000E+00,+2.18090000E+00,+2.18090000E+00,+2.18040000E+00,+2.18040000E+00,+2.18090000E+00,+2.18090000E+00,+2.18040000E+00\u000a
p247
aV+2.15900000E+00,+2.15840000E+00,+2.15790000E+00,+2.15790000E+00,+2.15790000E+00,+2.15740000E+00,+2.15790000E+00,+2.15740000E+00,+2.15690000E+00,+2.15740000E+00\u000a
p248
aV+2.13910000E+00,+2.13910000E+00,+2.13910000E+00,+2.13860000E+00,+2.13810000E+00,+2.13860000E+00,+2.13810000E+00,+2.13810000E+00,+2.13810000E+00,+2.13750000E+00\u000a
p249
aV+2.10880000E+00,+2.10880000E+00,+2.10880000E+00,+2.10780000E+00,+2.10830000E+00,+2.10780000E+00,+2.10720000E+00,+2.10720000E+00,+2.10780000E+00,+2.10780000E+00\u000a
p250
a.