(lp0
V-1.00000000E-04,-5.00000000E-05,+5.00000000E-05,+5.00000000E-05,+0.00000000E-05,+1.00000000E-04,+0.00000000E-05,+0.00000000E-05,-5.00000000E-05,-5.00000000E-05\u000a
p1
aV+0.00000000E-05,+0.00000000E-05,+0.00000000E-05,-5.00000000E-05,+5.00000000E-05,-5.00000000E-05,-5.00000000E-05,+5.00000000E-05,+1.00000000E-04,-5.00000000E-05\u000a
p2
aV-5.00000000E-05,+0.00000000E-05,+5.00000000E-05,+0.00000000E-05,+1.00000000E-04,-5.00000000E-05,+5.00000000E-05,+0.00000000E-05,+0.00000000E-05,-5.00000000E-05\u000a
p3
aV-5.00000000E-05,-1.00000000E-04,+0.00000000E-05,+0.00000000E-05,+5.00000000E-05,+5.00000000E-05,-5.00000000E-05,-5.00000000E-05,-1.00000000E-04,+5.00000000E-05\u000a
p4
aV+0.00000000E-05,+5.00000000E-05,-5.00000000E-05,-1.00000000E-04,-1.00000000E-04,+0.00000000E-05,+0.00000000E-05,+5.00000000E-05,+0.00000000E-05,+0.00000000E-05\u000a
p5
aV+5.00000000E-05,-1.00000000E-04,+0.00000000E-05,+5.00000000E-05,+5.00000000E-05,+0.00000000E-05,+0.00000000E-05,+0.00000000E-05,-5.00000000E-05,+0.00000000E-05\u000a
p6
aV+1.00000000E-04,+2.10000000E-04,-1.00000000E-04,+5.00000000E-05,-5.00000000E-05,+0.00000000E-05,+5.00000000E-05,-5.00000000E-05,+0.00000000E-05,+0.00000000E-05\u000a
p7
aV-1.00000000E-04,+5.00000000E-05,+5.00000000E-05,-5.00000000E-05,+1.00000000E-04,+0.00000000E-05,-1.00000000E-04,+5.00000000E-05,+0.00000000E-05,+1.00000000E-04\u000a
p8
aV-5.00000000E-05,-5.00000000E-05,+0.00000000E-05,-1.00000000E-04,+0.00000000E-05,-5.00000000E-05,-5.00000000E-05,+0.00000000E-05,+0.00000000E-05,+5.00000000E-05\u000a
p9
aV+5.00000000E-05,-5.00000000E-05,-5.00000000E-05,+0.00000000E-05,+0.00000000E-05,+5.00000000E-05,+0.00000000E-05,-5.00000000E-05,+1.00000000E-04,-5.00000000E-05\u000a
p10
aV+0.00000000E-05,-5.00000000E-05,-5.00000000E-05,-5.00000000E-05,+5.00000000E-05,-5.00000000E-05,+5.00000000E-05,-5.00000000E-05,-1.00000000E-04,-5.00000000E-05\u000a
p11
aV+5.00000000E-05,+0.00000000E-05,+0.00000000E-05,+0.00000000E-05,+1.00000000E-04,+0.00000000E-05,+5.00000000E-05,+0.00000000E-05,+0.00000000E-05,-1.00000000E-04\u000a
p12
aV+0.00000000E-05,+1.00000000E-04,-5.00000000E-05,-5.00000000E-05,+0.00000000E-05,+0.00000000E-05,+0.00000000E-05,+5.00000000E-05,-2.10000000E-04,+0.00000000E-05\u000a
p13
aV+0.00000000E-05,+0.00000000E-05,-5.00000000E-05,-1.00000000E-04,+0.00000000E-05,-5.00000000E-05,+0.00000000E-05,+0.00000000E-05,+0.00000000E-05,+5.00000000E-05\u000a
p14
aV-2.10000000E-04,-1.50000000E-04,+1.00000000E-04,-5.00000000E-05,+0.00000000E-05,+1.00000000E-04,-5.00000000E-05,+0.00000000E-05,+1.00000000E-04,+0.00000000E-05\u000a
p15
aV+0.00000000E-05,+5.00000000E-05,+5.00000000E-05,+0.00000000E-05,+0.00000000E-05,+0.00000000E-05,+0.00000000E-05,+5.00000000E-05,+0.00000000E-05,+0.00000000E-05\u000a
p16
aV+5.00000000E-05,-5.00000000E-05,+5.00000000E-05,+5.00000000E-05,+5.00000000E-05,-5.00000000E-05,+1.00000000E-04,+0.00000000E-05,+0.00000000E-05,-5.00000000E-05\u000a
p17
aV+0.00000000E-05,+0.00000000E-05,+0.00000000E-05,+0.00000000E-05,+5.00000000E-05,+1.00000000E-04,+0.00000000E-05,-5.00000000E-05,-5.00000000E-05,-5.00000000E-05\u000a
p18
aV+0.00000000E-05,+5.00000000E-05,+0.00000000E-05,-5.00000000E-05,+0.00000000E-05,+1.00000000E-04,+0.00000000E-05,+5.00000000E-05,-1.00000000E-04,-5.00000000E-05\u000a
p19
aV+0.00000000E-05,+0.00000000E-05,+0.00000000E-05,+0.00000000E-05,-5.00000000E-05,-5.00000000E-05,+0.00000000E-05,+0.00000000E-05,+1.00000000E-04,+0.00000000E-05\u000a
p20
aV-5.00000000E-05,+0.00000000E-05,+0.00000000E-05,-5.00000000E-05,+5.00000000E-05,+0.00000000E-05,-5.00000000E-05,+0.00000000E-05,+0.00000000E-05,+0.00000000E-05\u000a
p21
aV-5.00000000E-05,+5.00000000E-05,-5.00000000E-05,-1.00000000E-04,+1.00000000E-04,-1.00000000E-04,-1.00000000E-04,+5.00000000E-05,+5.00000000E-05,-5.00000000E-05\u000a
p22
aV+1.00000000E-04,+5.00000000E-05,-5.00000000E-05,+0.00000000E-05,+5.00000000E-05,-5.00000000E-05,+1.00000000E-04,+0.00000000E-05,-1.00000000E-04,+0.00000000E-05\u000a
p23
aV+0.00000000E-05,+5.00000000E-05,+0.00000000E-05,+5.00000000E-05,+0.00000000E-05,+1.50000000E-04,+0.00000000E-05,+0.00000000E-05,-5.00000000E-05,+5.00000000E-05\u000a
p24
aV-1.00000000E-04,-5.00000000E-05,-5.00000000E-05,+5.00000000E-05,+5.00000000E-05,+0.00000000E-05,+5.00000000E-05,+5.00000000E-05,+5.00000000E-05,+5.00000000E-05\u000a
p25
aV+0.00000000E-05,-5.00000000E-05,+5.00000000E-05,-5.00000000E-05,+5.00000000E-05,+0.00000000E-05,+0.00000000E-05,+0.00000000E-05,-5.00000000E-05,+0.00000000E-05\u000a
p26
aV+0.00000000E-05,+5.00000000E-05,-5.00000000E-05,+5.00000000E-05,+0.00000000E-05,+5.00000000E-05,+1.50000000E-04,+0.00000000E-05,+1.00000000E-04,+1.00000000E-04\u000a
p27
aV+0.00000000E-05,-5.00000000E-05,+0.00000000E-05,+0.00000000E-05,+0.00000000E-05,+5.00000000E-05,+0.00000000E-05,+5.00000000E-05,-1.00000000E-04,+0.00000000E-05\u000a
p28
aV-5.00000000E-05,-5.00000000E-05,+0.00000000E-05,-5.00000000E-05,+1.00000000E-04,+1.00000000E-04,+0.00000000E-05,-5.00000000E-05,+5.00000000E-05,-5.00000000E-05\u000a
p29
aV+0.00000000E-05,-5.00000000E-05,-1.00000000E-04,+1.50000000E-04,+0.00000000E-05,+0.00000000E-05,+5.00000000E-05,+5.00000000E-05,+0.00000000E-05,+0.00000000E-05\u000a
p30
aV+0.00000000E-05,+5.00000000E-05,+0.00000000E-05,+5.00000000E-05,+5.00000000E-05,+5.00000000E-05,+5.00000000E-05,+0.00000000E-05,+5.00000000E-05,+1.00000000E-04\u000a
p31
aV-5.00000000E-05,+0.00000000E-05,+0.00000000E-05,+0.00000000E-05,+0.00000000E-05,-5.00000000E-05,+0.00000000E-05,-5.00000000E-05,-5.00000000E-05,+0.00000000E-05\u000a
p32
aV-5.00000000E-05,+0.00000000E-05,+1.00000000E-04,+5.00000000E-05,+5.00000000E-05,-5.00000000E-05,+0.00000000E-05,+0.00000000E-05,+5.00000000E-05,-5.00000000E-05\u000a
p33
aV-5.00000000E-05,-5.00000000E-05,+5.00000000E-05,+0.00000000E-05,+0.00000000E-05,+5.00000000E-05,+0.00000000E-05,-5.00000000E-05,+0.00000000E-05,+5.00000000E-05\u000a
p34
aV-5.00000000E-05,-5.00000000E-05,+0.00000000E-05,+0.00000000E-05,-5.00000000E-05,+0.00000000E-05,-1.50000000E-04,-5.00000000E-05,+0.00000000E-05,+0.00000000E-05\u000a
p35
aV+0.00000000E-05,+0.00000000E-05,-5.00000000E-05,+0.00000000E-05,+5.00000000E-05,-5.00000000E-05,+5.00000000E-05,+0.00000000E-05,-5.00000000E-05,-5.00000000E-05\u000a
p36
aV+1.00000000E-04,+1.00000000E-04,+1.50000000E-04,+0.00000000E-05,+5.00000000E-05,-5.00000000E-05,+1.00000000E-04,+1.00000000E-04,+0.00000000E-05,+5.00000000E-05\u000a
p37
aV+0.00000000E-05,+5.00000000E-05,+0.00000000E-05,-1.00000000E-04,+1.00000000E-04,+5.00000000E-05,-5.00000000E-05,+5.00000000E-05,+0.00000000E-05,+0.00000000E-05\u000a
p38
aV+1.50000000E-04,+0.00000000E-05,+5.00000000E-05,+1.00000000E-04,+5.00000000E-05,+5.00000000E-05,+5.00000000E-05,+0.00000000E-05,+0.00000000E-05,+1.00000000E-04\u000a
p39
aV-5.00000000E-05,+1.50000000E-04,-5.00000000E-05,+0.00000000E-05,-2.10000000E-04,-1.00000000E-04,+5.00000000E-05,+5.00000000E-05,-5.00000000E-05,+5.00000000E-05\u000a
p40
aV+1.50000000E-04,+5.00000000E-05,+5.00000000E-05,+1.50000000E-04,+0.00000000E-05,-5.00000000E-05,+1.00000000E-04,+3.10000000E-04,+5.00000000E-05,-5.00000000E-05\u000a
p41
aV+5.00000000E-05,-1.50000000E-04,+5.00000000E-05,-1.00000000E-04,+5.00000000E-05,+5.00000000E-05,-5.00000000E-05,+0.00000000E-05,+5.00000000E-05,+0.00000000E-05\u000a
p42
aV+0.00000000E-05,+0.00000000E-05,+5.00000000E-05,+0.00000000E-05,+0.00000000E-05,+0.00000000E-05,-5.00000000E-05,-5.00000000E-05,+0.00000000E-05,+5.00000000E-05\u000a
p43
aV+5.00000000E-05,-5.00000000E-05,+5.00000000E-05,-5.00000000E-05,-5.00000000E-05,+0.00000000E-05,+5.00000000E-05,+5.00000000E-05,+0.00000000E-05,+5.00000000E-05\u000a
p44
aV+5.00000000E-05,+5.00000000E-05,+5.00000000E-05,+0.00000000E-05,+1.00000000E-04,-5.00000000E-05,+5.00000000E-05,+0.00000000E-05,+0.00000000E-05,+5.00000000E-05\u000a
p45
aV+1.00000000E-04,-5.00000000E-05,+0.00000000E-05,-5.00000000E-05,+1.50000000E-04,+1.00000000E-04,-5.00000000E-05,+5.00000000E-05,-5.00000000E-05,+0.00000000E-05\u000a
p46
aV+0.00000000E-05,+5.00000000E-05,+5.00000000E-05,+0.00000000E-05,+0.00000000E-05,+0.00000000E-05,+0.00000000E-05,+0.00000000E-05,+1.00000000E-04,+1.00000000E-04\u000a
p47
aV+5.00000000E-05,+1.00000000E-04,-1.00000000E-04,+0.00000000E-05,+5.00000000E-05,+5.00000000E-05,+5.00000000E-05,+1.00000000E-04,+5.00000000E-05,+1.00000000E-04\u000a
p48
aV+5.00000000E-05,+0.00000000E-05,+0.00000000E-05,+1.50000000E-04,+5.00000000E-05,+0.00000000E-05,+1.00000000E-04,+0.00000000E-05,+5.00000000E-05,+1.50000000E-04\u000a
p49
aV+5.00000000E-05,+5.00000000E-05,+5.00000000E-05,+5.00000000E-05,+5.00000000E-05,+5.00000000E-05,-5.00000000E-05,+2.10000000E-04,+5.00000000E-05,-5.00000000E-05\u000a
p50
aV+1.50000000E-04,+0.00000000E-05,-5.00000000E-05,+1.50000000E-04,+0.00000000E-05,+1.00000000E-04,+1.00000000E-04,+0.00000000E-05,+5.00000000E-05,+1.00000000E-04\u000a
p51
aV+1.00000000E-04,+0.00000000E-05,-5.00000000E-05,+1.00000000E-04,-5.00000000E-05,+0.00000000E-05,+1.50000000E-04,+1.00000000E-04,+5.00000000E-05,-5.00000000E-05\u000a
p52
aV+5.00000000E-05,-1.00000000E-04,+1.00000000E-04,+5.00000000E-05,+0.00000000E-05,+5.00000000E-05,+5.00000000E-05,+0.00000000E-05,+1.00000000E-04,+1.00000000E-04\u000a
p53
aV+5.00000000E-05,+5.00000000E-05,+5.00000000E-05,+1.00000000E-04,+5.00000000E-05,+1.50000000E-04,+1.50000000E-04,+5.00000000E-05,+1.00000000E-04,+1.50000000E-04\u000a
p54
aV+0.00000000E-05,+0.00000000E-05,+5.00000000E-05,+0.00000000E-05,+1.00000000E-04,+0.00000000E-05,+5.00000000E-05,+5.00000000E-05,+1.00000000E-04,+1.50000000E-04\u000a
p55
aV+5.00000000E-05,-5.00000000E-05,+0.00000000E-05,+1.00000000E-04,+5.00000000E-05,+5.00000000E-05,+5.00000000E-05,+0.00000000E-05,+1.00000000E-04,+1.00000000E-04\u000a
p56
aV+1.00000000E-04,+5.00000000E-05,+5.00000000E-05,+0.00000000E-05,+5.00000000E-05,-5.00000000E-05,+2.10000000E-04,+1.00000000E-04,+0.00000000E-05,-5.00000000E-05\u000a
p57
aV+0.00000000E-05,+5.00000000E-05,+0.00000000E-05,+1.00000000E-04,+5.00000000E-05,+5.00000000E-05,+1.00000000E-04,+5.00000000E-05,+1.00000000E-04,+5.00000000E-05\u000a
p58
aV+1.00000000E-04,-5.00000000E-05,-5.00000000E-05,+1.00000000E-04,-5.00000000E-05,+1.00000000E-04,+5.00000000E-05,+5.00000000E-05,+5.00000000E-05,+1.00000000E-04\u000a
p59
aV-5.00000000E-05,-1.50000000E-04,+2.10000000E-04,+1.00000000E-04,+0.00000000E-05,+5.00000000E-05,+0.00000000E-05,-5.00000000E-05,+5.00000000E-05,+5.00000000E-05\u000a
p60
aV-5.00000000E-05,+5.00000000E-05,+0.00000000E-05,+0.00000000E-05,+1.00000000E-04,+0.00000000E-05,+5.00000000E-05,-5.00000000E-05,+5.00000000E-05,+5.00000000E-05\u000a
p61
aV+5.00000000E-05,+5.00000000E-05,+5.00000000E-05,+0.00000000E-05,+5.00000000E-05,+1.00000000E-04,+5.00000000E-05,+0.00000000E-05,+5.00000000E-05,+5.00000000E-05\u000a
p62
aV+0.00000000E-05,+5.00000000E-05,+0.00000000E-05,-5.00000000E-05,+0.00000000E-05,+2.10000000E-04,+0.00000000E-05,+1.00000000E-04,+5.00000000E-05,+1.00000000E-04\u000a
p63
aV-5.00000000E-05,+0.00000000E-05,+5.00000000E-05,+0.00000000E-05,+5.00000000E-05,+0.00000000E-05,+0.00000000E-05,+5.00000000E-05,+0.00000000E-05,-5.00000000E-05\u000a
p64
aV+5.00000000E-05,+0.00000000E-05,+5.00000000E-05,-5.00000000E-05,+0.00000000E-05,+0.00000000E-05,-5.00000000E-05,+5.00000000E-05,+5.00000000E-05,+5.00000000E-05\u000a
p65
aV-5.00000000E-05,+0.00000000E-05,+1.00000000E-04,-5.00000000E-05,+5.00000000E-05,+1.00000000E-04,+0.00000000E-05,+5.00000000E-05,+5.00000000E-05,-5.00000000E-05\u000a
p66
aV+0.00000000E-05,+5.00000000E-05,-1.50000000E-04,+1.00000000E-04,+5.00000000E-05,+2.10000000E-04,+1.00000000E-04,+0.00000000E-05,+5.00000000E-05,+0.00000000E-05\u000a
p67
aV+2.10000000E-04,+5.00000000E-05,+5.00000000E-05,+1.00000000E-04,+0.00000000E-05,+5.00000000E-05,+1.00000000E-04,+0.00000000E-05,+0.00000000E-05,+1.00000000E-04\u000a
p68
aV+0.00000000E-05,+0.00000000E-05,-5.00000000E-05,+1.00000000E-04,+0.00000000E-05,+5.00000000E-05,+5.00000000E-05,+0.00000000E-05,+5.00000000E-05,+5.00000000E-05\u000a
p69
aV+5.00000000E-05,+5.00000000E-05,+0.00000000E-05,+5.00000000E-05,+0.00000000E-05,+5.00000000E-05,+1.00000000E-04,-5.00000000E-05,+5.00000000E-05,+1.00000000E-04\u000a
p70
aV+5.00000000E-05,-1.00000000E-04,+0.00000000E-05,+0.00000000E-05,+0.00000000E-05,+5.00000000E-05,+0.00000000E-05,+5.00000000E-05,+0.00000000E-05,+5.00000000E-05\u000a
p71
aV+5.00000000E-05,+5.00000000E-05,+0.00000000E-05,-1.50000000E-04,+1.00000000E-04,-5.00000000E-05,+0.00000000E-05,-5.00000000E-05,-1.50000000E-04,+0.00000000E-05\u000a
p72
aV+5.00000000E-05,+0.00000000E-05,+5.00000000E-05,+0.00000000E-05,+0.00000000E-05,+1.50000000E-04,-5.00000000E-05,+0.00000000E-05,+1.00000000E-04,+1.00000000E-04\u000a
p73
aV+5.00000000E-05,-5.00000000E-05,+1.00000000E-04,-5.00000000E-05,+0.00000000E-05,+1.00000000E-04,+0.00000000E-05,+0.00000000E-05,+0.00000000E-05,+5.00000000E-05\u000a
p74
aV+5.00000000E-05,-1.00000000E-04,+5.00000000E-05,+5.00000000E-05,+0.00000000E-05,+5.00000000E-05,+5.00000000E-05,+5.00000000E-05,+1.00000000E-04,+5.00000000E-05\u000a
p75
aV-5.00000000E-05,+0.00000000E-05,-5.00000000E-05,+5.00000000E-05,+0.00000000E-05,-5.00000000E-05,+0.00000000E-05,+5.00000000E-05,+1.50000000E-04,+1.00000000E-04\u000a
p76
aV+5.00000000E-05,+5.00000000E-05,-5.00000000E-05,+5.00000000E-05,+5.00000000E-05,+0.00000000E-05,-5.00000000E-05,+1.50000000E-04,+5.00000000E-05,-5.00000000E-05\u000a
p77
aV-5.00000000E-05,+0.00000000E-05,+1.00000000E-04,+0.00000000E-05,+0.00000000E-05,+5.00000000E-05,+5.00000000E-05,-5.00000000E-05,+0.00000000E-05,+0.00000000E-05\u000a
p78
aV-1.00000000E-04,+0.00000000E-05,+0.00000000E-05,+5.00000000E-05,-5.00000000E-05,+1.50000000E-04,+5.00000000E-05,+5.00000000E-05,+5.00000000E-05,+1.50000000E-04\u000a
p79
aV+1.00000000E-04,+0.00000000E-05,-5.00000000E-05,+5.00000000E-05,+0.00000000E-05,+1.00000000E-04,+5.00000000E-05,+0.00000000E-05,+1.50000000E-04,+0.00000000E-05\u000a
p80
aV+1.00000000E-04,+1.00000000E-04,+5.00000000E-05,+5.00000000E-05,-1.00000000E-04,+0.00000000E-05,+5.00000000E-05,+1.00000000E-04,+1.00000000E-04,+0.00000000E-05\u000a
p81
aV+1.00000000E-04,+5.00000000E-05,-5.00000000E-05,+1.00000000E-04,+0.00000000E-05,+0.00000000E-05,+5.00000000E-05,+1.00000000E-04,+5.00000000E-05,+1.00000000E-04\u000a
p82
aV+1.00000000E-04,-5.00000000E-05,-1.00000000E-04,+2.10000000E-04,-5.00000000E-05,-5.00000000E-05,+1.00000000E-04,-5.00000000E-05,+1.00000000E-04,+0.00000000E-05\u000a
p83
aV+5.00000000E-05,+5.00000000E-05,-5.00000000E-05,+1.00000000E-04,+0.00000000E-05,-1.00000000E-04,+1.00000000E-04,+5.00000000E-05,+1.00000000E-04,+1.50000000E-04\u000a
p84
aV+0.00000000E-05,+5.00000000E-05,-5.00000000E-05,-2.10000000E-04,+5.00000000E-05,+0.00000000E-05,+1.00000000E-04,+1.00000000E-04,+0.00000000E-05,+0.00000000E-05\u000a
p85
aV-5.00000000E-05,+1.00000000E-04,+5.00000000E-05,+5.00000000E-05,+0.00000000E-05,+0.00000000E-05,+5.00000000E-05,+1.50000000E-04,+5.00000000E-05,-5.00000000E-05\u000a
p86
aV+5.00000000E-05,+5.00000000E-05,+0.00000000E-05,+1.00000000E-04,+0.00000000E-05,+5.00000000E-05,+1.00000000E-04,+0.00000000E-05,+0.00000000E-05,-5.00000000E-05\u000a
p87
aV+1.50000000E-04,+5.00000000E-05,+0.00000000E-05,+1.00000000E-04,+0.00000000E-05,+5.00000000E-05,+1.00000000E-04,+1.00000000E-04,+0.00000000E-05,+5.00000000E-05\u000a
p88
aV+0.00000000E-05,+5.00000000E-05,+0.00000000E-05,+5.00000000E-05,+0.00000000E-05,+5.00000000E-05,-5.00000000E-05,+1.00000000E-04,+0.00000000E-05,-5.00000000E-05\u000a
p89
aV+5.00000000E-05,+5.00000000E-05,+5.00000000E-05,+2.10000000E-04,+0.00000000E-05,+0.00000000E-05,+0.00000000E-05,+1.00000000E-04,-1.00000000E-04,+0.00000000E-05\u000a
p90
aV+0.00000000E-05,-5.00000000E-05,+3.10000000E-04,+0.00000000E-05,+5.00000000E-05,+0.00000000E-05,+0.00000000E-05,-1.00000000E-04,+5.00000000E-05,-5.00000000E-05\u000a
p91
aV-5.00000000E-05,+5.00000000E-05,-5.00000000E-05,+0.00000000E-05,+5.00000000E-05,+1.00000000E-04,-5.00000000E-05,+0.00000000E-05,+0.00000000E-05,-5.00000000E-05\u000a
p92
aV+5.00000000E-05,+5.00000000E-05,+0.00000000E-05,+1.00000000E-04,+0.00000000E-05,+1.00000000E-04,-1.00000000E-04,+5.00000000E-05,+1.00000000E-04,+5.00000000E-05\u000a
p93
aV+5.00000000E-05,+1.50000000E-04,+0.00000000E-05,+5.00000000E-05,+5.00000000E-05,-1.00000000E-04,+5.00000000E-05,+0.00000000E-05,-5.00000000E-05,-5.00000000E-05\u000a
p94
aV+5.00000000E-05,+5.00000000E-05,-5.00000000E-05,-5.00000000E-05,+0.00000000E-05,-1.00000000E-04,-5.00000000E-05,+5.00000000E-05,-1.00000000E-04,+0.00000000E-05\u000a
p95
aV+5.00000000E-05,+5.00000000E-05,+5.00000000E-05,+0.00000000E-05,+5.00000000E-05,+0.00000000E-05,-5.00000000E-05,+0.00000000E-05,-5.00000000E-05,+0.00000000E-05\u000a
p96
aV-5.00000000E-05,+0.00000000E-05,+5.00000000E-05,-5.00000000E-05,+5.00000000E-05,+5.00000000E-05,+0.00000000E-05,+0.00000000E-05,+0.00000000E-05,+0.00000000E-05\u000a
p97
aV+0.00000000E-05,+5.00000000E-05,+0.00000000E-05,+0.00000000E-05,+0.00000000E-05,+0.00000000E-05,+5.00000000E-05,+5.00000000E-05,+0.00000000E-05,+1.50000000E-04\u000a
p98
aV+5.00000000E-05,-5.00000000E-05,-1.00000000E-04,-5.00000000E-05,+5.00000000E-05,+0.00000000E-05,+0.00000000E-05,+0.00000000E-05,+5.00000000E-05,+5.00000000E-05\u000a
p99
aV+5.00000000E-05,+5.00000000E-05,+0.00000000E-05,-5.00000000E-05,+5.00000000E-05,+0.00000000E-05,+0.00000000E-05,+1.00000000E-04,+5.00000000E-05,+5.00000000E-05\u000a
p100
aV+1.00000000E-04,+1.00000000E-04,+0.00000000E-05,+0.00000000E-05,+0.00000000E-05,-5.00000000E-05,+5.00000000E-05,+5.00000000E-05,-1.00000000E-04,+0.00000000E-05\u000a
p101
aV+0.00000000E-05,+0.00000000E-05,+0.00000000E-05,-1.00000000E-04,-5.00000000E-05,+5.00000000E-05,-5.00000000E-05,+0.00000000E-05,+0.00000000E-05,+0.00000000E-05\u000a
p102
aV-1.00000000E-04,+0.00000000E-05,+5.00000000E-05,-5.00000000E-05,+5.00000000E-05,+1.00000000E-04,-1.00000000E-04,-5.00000000E-05,+0.00000000E-05,+0.00000000E-05\u000a
p103
aV+0.00000000E-05,+0.00000000E-05,+0.00000000E-05,+0.00000000E-05,-5.00000000E-05,+0.00000000E-05,-5.00000000E-05,+5.00000000E-05,+1.00000000E-04,+0.00000000E-05\u000a
p104
aV+0.00000000E-05,+1.00000000E-04,+5.00000000E-05,-1.00000000E-04,+0.00000000E-05,-5.00000000E-05,-5.00000000E-05,+5.00000000E-05,+5.00000000E-05,-5.00000000E-05\u000a
p105
aV+0.00000000E-05,+5.00000000E-05,+0.00000000E-05,-1.00000000E-04,+0.00000000E-05,-5.00000000E-05,-1.00000000E-04,+0.00000000E-05,+5.00000000E-05,+0.00000000E-05\u000a
p106
aV+0.00000000E-05,+0.00000000E-05,-1.00000000E-04,+0.00000000E-05,+0.00000000E-05,+5.00000000E-05,+5.00000000E-05,+0.00000000E-05,-1.00000000E-04,+0.00000000E-05\u000a
p107
aV+0.00000000E-05,+0.00000000E-05,+0.00000000E-05,-5.00000000E-05,+1.00000000E-04,-1.00000000E-04,+0.00000000E-05,+5.00000000E-05,+5.00000000E-05,-5.00000000E-05\u000a
p108
aV+0.00000000E-05,-5.00000000E-05,-5.00000000E-05,+0.00000000E-05,+0.00000000E-05,-1.00000000E-04,+0.00000000E-05,+5.00000000E-05,+0.00000000E-05,-1.00000000E-04\u000a
p109
aV-5.00000000E-05,+5.00000000E-05,-5.00000000E-05,-5.00000000E-05,+1.00000000E-04,+0.00000000E-05,-5.00000000E-05,+1.00000000E-04,+5.00000000E-05,+0.00000000E-05\u000a
p110
aV-1.00000000E-04,-5.00000000E-05,+5.00000000E-05,-1.00000000E-04,+1.00000000E-04,+0.00000000E-05,-1.00000000E-04,-5.00000000E-05,+0.00000000E-05,+0.00000000E-05\u000a
p111
aV+5.00000000E-05,-5.00000000E-05,-5.00000000E-05,+0.00000000E-05,+0.00000000E-05,-1.00000000E-04,+5.00000000E-05,+5.00000000E-05,+5.00000000E-05,+0.00000000E-05\u000a
p112
aV+0.00000000E-05,+5.00000000E-05,-5.00000000E-05,+5.00000000E-05,+0.00000000E-05,+0.00000000E-05,+5.00000000E-05,-1.00000000E-04,+5.00000000E-05,+0.00000000E-05\u000a
p113
aV-5.00000000E-05,+0.00000000E-05,+0.00000000E-05,+0.00000000E-05,+5.00000000E-05,+0.00000000E-05,-1.00000000E-04,+0.00000000E-05,-1.00000000E-04,-1.00000000E-04\u000a
p114
aV+0.00000000E-05,-1.00000000E-04,-1.50000000E-04,-5.00000000E-05,-5.00000000E-05,-5.00000000E-05,-5.00000000E-05,-5.00000000E-05,+5.00000000E-05,+1.00000000E-04\u000a
p115
aV+5.00000000E-05,+1.00000000E-04,-5.00000000E-05,+5.00000000E-05,-5.00000000E-05,+0.00000000E-05,+1.00000000E-04,-5.00000000E-05,+0.00000000E-05,+0.00000000E-05\u000a
p116
aV+0.00000000E-05,+5.00000000E-05,+1.00000000E-04,+5.00000000E-05,+0.00000000E-05,+5.00000000E-05,+0.00000000E-05,+0.00000000E-05,+5.00000000E-05,+5.00000000E-05\u000a
p117
aV-5.00000000E-05,+0.00000000E-05,+0.00000000E-05,+5.00000000E-05,-1.00000000E-04,+0.00000000E-05,-1.00000000E-04,+0.00000000E-05,-1.00000000E-04,-5.00000000E-05\u000a
p118
aV+0.00000000E-05,+0.00000000E-05,+1.00000000E-04,-5.00000000E-05,-1.00000000E-04,-5.00000000E-05,+5.00000000E-05,+0.00000000E-05,-5.00000000E-05,-5.00000000E-05\u000a
p119
aV+0.00000000E-05,+0.00000000E-05,+0.00000000E-05,+5.00000000E-05,-5.00000000E-05,+1.00000000E-04,+1.00000000E-04,+1.00000000E-04,+1.00000000E-04,+0.00000000E-05\u000a
p120
aV-1.50000000E-04,+0.00000000E-05,+0.00000000E-05,+0.00000000E-05,+5.00000000E-05,+1.00000000E-04,+0.00000000E-05,-5.00000000E-05,+1.00000000E-04,+5.00000000E-05\u000a
p121
aV-1.00000000E-04,+0.00000000E-05,+1.50000000E-04,+0.00000000E-05,+5.00000000E-05,+0.00000000E-05,-5.00000000E-05,+1.00000000E-04,-5.00000000E-05,+0.00000000E-05\u000a
p122
aV-2.10000000E-04,+0.00000000E-05,+1.50000000E-04,-5.00000000E-05,+5.00000000E-05,+0.00000000E-05,-1.00000000E-04,-5.00000000E-05,-1.50000000E-04,-1.00000000E-04\u000a
p123
aV+0.00000000E-05,+5.00000000E-05,-5.00000000E-05,+0.00000000E-05,+0.00000000E-05,+5.00000000E-05,+0.00000000E-05,+5.00000000E-05,+5.00000000E-05,-5.00000000E-05\u000a
p124
aV+5.00000000E-05,+1.00000000E-04,-5.00000000E-05,+0.00000000E-05,+5.00000000E-05,+0.00000000E-05,+0.00000000E-05,+1.00000000E-04,+5.00000000E-05,+0.00000000E-05\u000a
p125
aV+1.00000000E-04,+0.00000000E-05,+0.00000000E-05,+5.00000000E-05,-5.00000000E-05,-1.00000000E-04,-5.00000000E-05,-1.00000000E-04,+5.00000000E-05,+1.00000000E-04\u000a
p126
aV+1.50000000E-04,-3.10000000E-04,+0.00000000E-05,+1.00000000E-04,-1.50000000E-04,-1.00000000E-04,+5.00000000E-05,+0.00000000E-05,+0.00000000E-05,+5.00000000E-05\u000a
p127
aV-5.00000000E-05,+5.00000000E-05,+1.00000000E-04,-1.00000000E-04,+5.00000000E-05,+5.00000000E-05,-5.00000000E-05,+0.00000000E-05,+5.00000000E-05,+5.00000000E-05\u000a
p128
aV+5.00000000E-05,+0.00000000E-05,+5.00000000E-05,+1.00000000E-04,-5.00000000E-05,+5.00000000E-05,+1.00000000E-04,+0.00000000E-05,+5.00000000E-05,+0.00000000E-05\u000a
p129
aV+0.00000000E-05,+5.00000000E-05,-5.00000000E-05,+5.00000000E-05,+5.00000000E-05,+0.00000000E-05,+5.00000000E-05,+0.00000000E-05,-5.00000000E-05,-1.00000000E-04\u000a
p130
aV+5.00000000E-05,+5.00000000E-05,+0.00000000E-05,+1.00000000E-04,+0.00000000E-05,+5.00000000E-05,+5.00000000E-05,+5.00000000E-05,+5.00000000E-05,+5.00000000E-05\u000a
p131
aV+5.00000000E-05,+0.00000000E-05,+5.00000000E-05,+5.00000000E-05,+5.00000000E-05,+0.00000000E-05,+5.00000000E-05,+1.00000000E-04,+0.00000000E-05,+0.00000000E-05\u000a
p132
aV+5.00000000E-05,+0.00000000E-05,+0.00000000E-05,+0.00000000E-05,+1.00000000E-04,+1.00000000E-04,+0.00000000E-05,-5.00000000E-05,+5.00000000E-05,+5.00000000E-05\u000a
p133
aV+1.00000000E-04,+1.00000000E-04,+5.00000000E-05,+0.00000000E-05,+5.00000000E-05,-5.00000000E-05,+1.00000000E-04,+5.00000000E-05,+1.00000000E-04,+1.50000000E-04\u000a
p134
aV+5.00000000E-05,+1.50000000E-04,+1.00000000E-04,+2.10000000E-04,+5.00000000E-05,+5.00000000E-05,+1.00000000E-04,+1.50000000E-04,+1.00000000E-04,+5.00000000E-05\u000a
p135
aV+2.10000000E-04,+1.50000000E-04,+2.60000000E-04,+1.50000000E-04,+2.10000000E-04,+2.60000000E-04,+1.00000000E-04,+1.50000000E-04,+1.50000000E-04,+2.10000000E-04\u000a
p136
aV+3.10000000E-04,+2.60000000E-04,+2.10000000E-04,+2.60000000E-04,+1.50000000E-04,+2.60000000E-04,+2.10000000E-04,+2.10000000E-04,+2.60000000E-04,+3.10000000E-04\u000a
p137
aV+3.60000000E-04,+2.60000000E-04,+2.10000000E-04,+3.10000000E-04,+2.10000000E-04,+2.60000000E-04,+3.10000000E-04,+2.60000000E-04,+2.60000000E-04,+3.60000000E-04\u000a
p138
aV+4.10000000E-04,+3.10000000E-04,+3.10000000E-04,+3.60000000E-04,+3.60000000E-04,+4.10000000E-04,+3.60000000E-04,+2.60000000E-04,+3.10000000E-04,+2.10000000E-04\u000a
p139
aV+4.60000000E-04,+4.60000000E-04,+4.60000000E-04,+4.60000000E-04,+4.60000000E-04,+4.10000000E-04,+4.10000000E-04,+5.70000000E-04,+5.10000000E-04,+5.10000000E-04\u000a
p140
aV+5.70000000E-04,+5.70000000E-04,+5.10000000E-04,+5.70000000E-04,+5.70000000E-04,+5.10000000E-04,+5.10000000E-04,+5.10000000E-04,+5.10000000E-04,+5.10000000E-04\u000a
p141
aV+6.70000000E-04,+5.10000000E-04,+6.20000000E-04,+6.70000000E-04,+6.20000000E-04,+6.70000000E-04,+6.20000000E-04,+5.70000000E-04,+6.70000000E-04,+5.70000000E-04\u000a
p142
aV+7.20000000E-04,+7.70000000E-04,+7.70000000E-04,+7.20000000E-04,+7.70000000E-04,+7.20000000E-04,+6.70000000E-04,+6.20000000E-04,+7.20000000E-04,+7.20000000E-04\u000a
p143
aV+8.70000000E-04,+8.20000000E-04,+7.20000000E-04,+8.70000000E-04,+6.70000000E-04,+8.70000000E-04,+7.70000000E-04,+8.20000000E-04,+8.20000000E-04,+8.70000000E-04\u000a
p144
aV+8.70000000E-04,+1.03000000E-03,+9.80000000E-04,+9.30000000E-04,+9.80000000E-04,+9.80000000E-04,+1.03000000E-03,+9.30000000E-04,+1.03000000E-03,+9.30000000E-04\u000a
p145
aV+1.08000000E-03,+1.08000000E-03,+1.03000000E-03,+1.13000000E-03,+9.80000000E-04,+1.08000000E-03,+1.03000000E-03,+1.24000000E-03,+1.13000000E-03,+1.03000000E-03\u000a
p146
aV+1.18000000E-03,+1.13000000E-03,+1.18000000E-03,+1.24000000E-03,+1.13000000E-03,+1.08000000E-03,+1.13000000E-03,+1.13000000E-03,+1.03000000E-03,+1.13000000E-03\u000a
p147
aV+1.24000000E-03,+1.29000000E-03,+1.29000000E-03,+1.24000000E-03,+1.24000000E-03,+1.29000000E-03,+1.24000000E-03,+1.13000000E-03,+1.24000000E-03,+1.29000000E-03\u000a
p148
aV+1.34000000E-03,+1.39000000E-03,+1.44000000E-03,+1.24000000E-03,+1.44000000E-03,+1.39000000E-03,+1.39000000E-03,+1.34000000E-03,+1.34000000E-03,+1.29000000E-03\u000a
p149
aV+1.39000000E-03,+1.34000000E-03,+1.34000000E-03,+1.44000000E-03,+1.39000000E-03,+1.44000000E-03,+1.39000000E-03,+1.44000000E-03,+1.49000000E-03,+1.44000000E-03\u000a
p150
aV+1.65000000E-03,+1.54000000E-03,+1.49000000E-03,+1.60000000E-03,+1.44000000E-03,+1.60000000E-03,+1.49000000E-03,+1.49000000E-03,+1.54000000E-03,+1.54000000E-03\u000a
p151
aV+1.65000000E-03,+1.60000000E-03,+1.70000000E-03,+1.60000000E-03,+1.65000000E-03,+1.49000000E-03,+1.65000000E-03,+1.65000000E-03,+1.60000000E-03,+1.54000000E-03\u000a
p152
aV+1.80000000E-03,+1.75000000E-03,+1.65000000E-03,+1.75000000E-03,+1.80000000E-03,+1.75000000E-03,+1.75000000E-03,+1.75000000E-03,+1.80000000E-03,+1.70000000E-03\u000a
p153
aV+1.80000000E-03,+1.90000000E-03,+1.75000000E-03,+1.75000000E-03,+1.80000000E-03,+1.80000000E-03,+1.90000000E-03,+1.85000000E-03,+1.90000000E-03,+1.80000000E-03\u000a
p154
aV+2.01000000E-03,+2.01000000E-03,+1.96000000E-03,+2.01000000E-03,+1.90000000E-03,+1.96000000E-03,+1.90000000E-03,+1.96000000E-03,+1.96000000E-03,+1.90000000E-03\u000a
p155
aV+2.01000000E-03,+2.16000000E-03,+2.16000000E-03,+1.96000000E-03,+2.16000000E-03,+2.06000000E-03,+2.01000000E-03,+2.06000000E-03,+2.06000000E-03,+2.11000000E-03\u000a
p156
aV+2.11000000E-03,+2.11000000E-03,+2.06000000E-03,+2.16000000E-03,+1.96000000E-03,+2.11000000E-03,+2.06000000E-03,+2.11000000E-03,+2.06000000E-03,+2.06000000E-03\u000a
p157
aV+2.26000000E-03,+2.26000000E-03,+2.26000000E-03,+2.32000000E-03,+2.21000000E-03,+2.26000000E-03,+2.16000000E-03,+2.32000000E-03,+2.26000000E-03,+2.21000000E-03\u000a
p158
aV+2.37000000E-03,+2.32000000E-03,+2.37000000E-03,+2.37000000E-03,+2.37000000E-03,+2.32000000E-03,+2.42000000E-03,+2.52000000E-03,+2.37000000E-03,+2.37000000E-03\u000a
p159
aV+2.57000000E-03,+2.52000000E-03,+2.47000000E-03,+2.52000000E-03,+2.42000000E-03,+2.57000000E-03,+2.57000000E-03,+2.47000000E-03,+2.47000000E-03,+2.47000000E-03\u000a
p160
aV+2.62000000E-03,+2.57000000E-03,+2.57000000E-03,+2.68000000E-03,+2.52000000E-03,+2.62000000E-03,+2.62000000E-03,+2.52000000E-03,+2.62000000E-03,+2.57000000E-03\u000a
p161
aV+2.68000000E-03,+2.68000000E-03,+2.73000000E-03,+2.78000000E-03,+2.68000000E-03,+2.78000000E-03,+2.62000000E-03,+2.62000000E-03,+2.78000000E-03,+2.62000000E-03\u000a
p162
aV+2.68000000E-03,+2.68000000E-03,+2.68000000E-03,+2.62000000E-03,+2.68000000E-03,+2.68000000E-03,+2.73000000E-03,+2.73000000E-03,+2.68000000E-03,+2.73000000E-03\u000a
p163
aV+2.98000000E-03,+2.98000000E-03,+2.93000000E-03,+2.93000000E-03,+2.98000000E-03,+2.98000000E-03,+2.93000000E-03,+2.98000000E-03,+2.83000000E-03,+2.93000000E-03\u000a
p164
aV+3.09000000E-03,+3.09000000E-03,+3.09000000E-03,+2.98000000E-03,+3.04000000E-03,+3.04000000E-03,+3.04000000E-03,+2.98000000E-03,+3.14000000E-03,+3.14000000E-03\u000a
p165
aV+3.24000000E-03,+3.19000000E-03,+3.19000000E-03,+3.24000000E-03,+3.19000000E-03,+3.24000000E-03,+3.19000000E-03,+3.14000000E-03,+3.24000000E-03,+3.29000000E-03\u000a
p166
aV+3.35000000E-03,+3.29000000E-03,+3.40000000E-03,+3.29000000E-03,+3.35000000E-03,+3.35000000E-03,+3.35000000E-03,+3.29000000E-03,+3.29000000E-03,+3.29000000E-03\u000a
p167
aV+3.40000000E-03,+3.50000000E-03,+3.50000000E-03,+3.45000000E-03,+3.45000000E-03,+3.40000000E-03,+3.40000000E-03,+3.50000000E-03,+3.50000000E-03,+3.50000000E-03\u000a
p168
aV+3.71000000E-03,+3.60000000E-03,+3.55000000E-03,+3.65000000E-03,+3.65000000E-03,+3.60000000E-03,+3.55000000E-03,+3.55000000E-03,+3.55000000E-03,+3.60000000E-03\u000a
p169
aV+3.76000000E-03,+3.76000000E-03,+3.81000000E-03,+3.71000000E-03,+3.76000000E-03,+3.76000000E-03,+3.76000000E-03,+3.76000000E-03,+3.71000000E-03,+3.76000000E-03\u000a
p170
aV+3.96000000E-03,+3.96000000E-03,+3.86000000E-03,+3.96000000E-03,+3.91000000E-03,+3.91000000E-03,+3.81000000E-03,+4.01000000E-03,+4.07000000E-03,+3.96000000E-03\u000a
p171
aV+4.22000000E-03,+4.07000000E-03,+4.01000000E-03,+4.22000000E-03,+4.07000000E-03,+4.22000000E-03,+4.17000000E-03,+4.07000000E-03,+4.07000000E-03,+4.07000000E-03\u000a
p172
aV+4.27000000E-03,+4.37000000E-03,+4.22000000E-03,+4.43000000E-03,+4.17000000E-03,+4.27000000E-03,+4.32000000E-03,+4.32000000E-03,+4.27000000E-03,+4.32000000E-03\u000a
p173
aV+4.43000000E-03,+4.58000000E-03,+4.48000000E-03,+4.53000000E-03,+4.43000000E-03,+4.37000000E-03,+4.48000000E-03,+4.53000000E-03,+4.53000000E-03,+4.53000000E-03\u000a
p174
aV+4.73000000E-03,+4.68000000E-03,+4.73000000E-03,+4.73000000E-03,+4.63000000E-03,+4.68000000E-03,+4.58000000E-03,+4.79000000E-03,+4.84000000E-03,+4.68000000E-03\u000a
p175
aV+4.73000000E-03,+4.94000000E-03,+4.89000000E-03,+4.94000000E-03,+4.94000000E-03,+4.94000000E-03,+4.94000000E-03,+4.94000000E-03,+4.89000000E-03,+4.73000000E-03\u000a
p176
aV+5.04000000E-03,+5.10000000E-03,+5.20000000E-03,+5.20000000E-03,+5.20000000E-03,+5.20000000E-03,+4.99000000E-03,+5.10000000E-03,+5.20000000E-03,+5.15000000E-03\u000a
p177
aV+5.20000000E-03,+5.35000000E-03,+5.25000000E-03,+5.35000000E-03,+5.40000000E-03,+5.30000000E-03,+5.40000000E-03,+5.35000000E-03,+5.40000000E-03,+5.25000000E-03\u000a
p178
aV+5.56000000E-03,+5.51000000E-03,+5.56000000E-03,+5.56000000E-03,+5.51000000E-03,+5.66000000E-03,+5.56000000E-03,+5.56000000E-03,+5.61000000E-03,+5.61000000E-03\u000a
p179
aV+5.76000000E-03,+5.82000000E-03,+5.87000000E-03,+5.71000000E-03,+5.82000000E-03,+5.66000000E-03,+5.76000000E-03,+5.82000000E-03,+5.82000000E-03,+5.71000000E-03\u000a
p180
aV+6.07000000E-03,+6.12000000E-03,+6.07000000E-03,+5.97000000E-03,+5.97000000E-03,+6.02000000E-03,+6.12000000E-03,+6.18000000E-03,+6.18000000E-03,+6.02000000E-03\u000a
p181
aV+6.28000000E-03,+6.43000000E-03,+6.43000000E-03,+6.33000000E-03,+6.33000000E-03,+6.38000000E-03,+6.38000000E-03,+6.33000000E-03,+6.33000000E-03,+6.28000000E-03\u000a
p182
aV+6.69000000E-03,+6.54000000E-03,+6.64000000E-03,+6.64000000E-03,+6.54000000E-03,+6.74000000E-03,+6.64000000E-03,+6.64000000E-03,+6.69000000E-03,+6.69000000E-03\u000a
p183
aV+6.90000000E-03,+6.95000000E-03,+6.95000000E-03,+6.95000000E-03,+7.10000000E-03,+7.00000000E-03,+6.95000000E-03,+7.10000000E-03,+6.84000000E-03,+6.95000000E-03\u000a
p184
aV+7.15000000E-03,+7.31000000E-03,+7.26000000E-03,+7.21000000E-03,+7.31000000E-03,+7.26000000E-03,+7.21000000E-03,+7.21000000E-03,+7.21000000E-03,+7.21000000E-03\u000a
p185
aV+7.51000000E-03,+7.62000000E-03,+7.41000000E-03,+7.57000000E-03,+7.62000000E-03,+7.57000000E-03,+7.62000000E-03,+7.51000000E-03,+7.57000000E-03,+7.62000000E-03\u000a
p186
aV+7.98000000E-03,+7.87000000E-03,+7.93000000E-03,+8.13000000E-03,+7.62000000E-03,+7.93000000E-03,+7.93000000E-03,+7.98000000E-03,+7.98000000E-03,+7.87000000E-03\u000a
p187
aV+8.39000000E-03,+8.39000000E-03,+8.18000000E-03,+8.34000000E-03,+8.29000000E-03,+8.18000000E-03,+8.34000000E-03,+8.34000000E-03,+8.13000000E-03,+8.34000000E-03\u000a
p188
aV+8.54000000E-03,+8.65000000E-03,+8.70000000E-03,+8.75000000E-03,+8.54000000E-03,+8.59000000E-03,+8.65000000E-03,+8.54000000E-03,+8.54000000E-03,+8.59000000E-03\u000a
p189
aV+9.01000000E-03,+9.06000000E-03,+9.16000000E-03,+9.16000000E-03,+9.11000000E-03,+9.16000000E-03,+9.06000000E-03,+9.11000000E-03,+9.16000000E-03,+9.16000000E-03\u000a
p190
aV+9.42000000E-03,+9.47000000E-03,+9.52000000E-03,+9.47000000E-03,+9.37000000E-03,+9.26000000E-03,+9.52000000E-03,+9.52000000E-03,+9.32000000E-03,+9.47000000E-03\u000a
p191
aV+9.93000000E-03,+9.93000000E-03,+9.83000000E-03,+9.88000000E-03,+9.88000000E-03,+9.88000000E-03,+9.93000000E-03,+1.00900000E-02,+9.88000000E-03,+9.83000000E-03\u000a
p192
aV+1.02900000E-02,+1.04000000E-02,+1.04000000E-02,+1.03400000E-02,+1.03400000E-02,+1.04000000E-02,+1.02400000E-02,+1.03400000E-02,+1.05000000E-02,+1.02400000E-02\u000a
p193
aV+1.07600000E-02,+1.06500000E-02,+1.09600000E-02,+1.08100000E-02,+1.09100000E-02,+1.08100000E-02,+1.08100000E-02,+1.08600000E-02,+1.09600000E-02,+1.08600000E-02\u000a
p194
aV+1.16800000E-02,+1.14800000E-02,+1.14800000E-02,+1.15300000E-02,+1.14800000E-02,+1.14800000E-02,+1.15800000E-02,+1.14800000E-02,+1.15300000E-02,+1.14800000E-02\u000a
p195
aV+1.20400000E-02,+1.20400000E-02,+1.19900000E-02,+1.20400000E-02,+1.20900000E-02,+1.19900000E-02,+1.20900000E-02,+1.21500000E-02,+1.20900000E-02,+1.19400000E-02\u000a
p196
aV+1.26100000E-02,+1.26100000E-02,+1.26100000E-02,+1.25600000E-02,+1.26100000E-02,+1.26100000E-02,+1.25100000E-02,+1.25600000E-02,+1.26100000E-02,+1.26600000E-02\u000a
p197
aV+1.32800000E-02,+1.32300000E-02,+1.31800000E-02,+1.32300000E-02,+1.31200000E-02,+1.31800000E-02,+1.31800000E-02,+1.32300000E-02,+1.32300000E-02,+1.32300000E-02\u000a
p198
aV+1.38400000E-02,+1.38400000E-02,+1.39000000E-02,+1.39500000E-02,+1.39000000E-02,+1.39000000E-02,+1.39500000E-02,+1.38400000E-02,+1.37900000E-02,+1.38400000E-02\u000a
p199
aV+1.44100000E-02,+1.44600000E-02,+1.43600000E-02,+1.44100000E-02,+1.44600000E-02,+1.45600000E-02,+1.44600000E-02,+1.44100000E-02,+1.43600000E-02,+1.45100000E-02\u000a
p200
aV+1.52900000E-02,+1.51800000E-02,+1.51800000E-02,+1.54400000E-02,+1.52300000E-02,+1.53400000E-02,+1.53400000E-02,+1.53400000E-02,+1.52900000E-02,+1.53400000E-02\u000a
p201
aV+1.60100000E-02,+1.58500000E-02,+1.59000000E-02,+1.60100000E-02,+1.59000000E-02,+1.58500000E-02,+1.59000000E-02,+1.59500000E-02,+1.60100000E-02,+1.59000000E-02\u000a
p202
aV+1.67800000E-02,+1.67800000E-02,+1.67300000E-02,+1.67300000E-02,+1.65700000E-02,+1.67300000E-02,+1.67800000E-02,+1.66200000E-02,+1.66700000E-02,+1.67300000E-02\u000a
p203
aV+1.74000000E-02,+1.75500000E-02,+1.74000000E-02,+1.75000000E-02,+1.74000000E-02,+1.75000000E-02,+1.75000000E-02,+1.74500000E-02,+1.75000000E-02,+1.74000000E-02\u000a
p204
aV+1.84200000E-02,+1.85300000E-02,+1.82700000E-02,+1.84200000E-02,+1.84200000E-02,+1.83200000E-02,+1.84200000E-02,+1.84200000E-02,+1.84200000E-02,+1.83700000E-02\u000a
p205
aV+1.91500000E-02,+1.92000000E-02,+1.91500000E-02,+1.91500000E-02,+1.92000000E-02,+1.91500000E-02,+1.91500000E-02,+1.92000000E-02,+1.92000000E-02,+1.92000000E-02\u000a
p206
aV+2.01200000E-02,+2.01700000E-02,+2.01700000E-02,+2.01700000E-02,+2.00200000E-02,+2.01700000E-02,+2.01700000E-02,+2.01700000E-02,+2.02300000E-02,+2.01200000E-02\u000a
p207
aV+2.11000000E-02,+2.10500000E-02,+2.10000000E-02,+2.11500000E-02,+2.10000000E-02,+2.10000000E-02,+2.10000000E-02,+2.10500000E-02,+2.11000000E-02,+2.10500000E-02\u000a
p208
aV+2.22800000E-02,+2.22800000E-02,+2.21300000E-02,+2.22300000E-02,+2.21300000E-02,+2.21300000E-02,+2.23400000E-02,+2.21300000E-02,+2.22300000E-02,+2.23400000E-02\u000a
p209
aV+2.24400000E-02,+2.23900000E-02,+2.23900000E-02,+2.24400000E-02,+2.23400000E-02,+2.24900000E-02,+2.24400000E-02,+2.23900000E-02,+2.23900000E-02,+2.24900000E-02\u000a
p210
aV+2.44500000E-02,+2.43400000E-02,+2.42400000E-02,+2.45000000E-02,+2.43900000E-02,+2.44500000E-02,+2.43900000E-02,+2.44500000E-02,+2.45000000E-02,+2.44500000E-02\u000a
p211
aV+2.57800000E-02,+2.58900000E-02,+2.57300000E-02,+2.57800000E-02,+2.58400000E-02,+2.57300000E-02,+2.58400000E-02,+2.59400000E-02,+2.57800000E-02,+2.58400000E-02\u000a
p212
aV+2.70200000E-02,+2.71200000E-02,+2.70200000E-02,+2.68600000E-02,+2.69700000E-02,+2.71200000E-02,+2.70200000E-02,+2.71200000E-02,+2.70200000E-02,+2.69700000E-02\u000a
p213
aV+2.84100000E-02,+2.84600000E-02,+2.84600000E-02,+2.84100000E-02,+2.83600000E-02,+2.85100000E-02,+2.84100000E-02,+2.84600000E-02,+2.84600000E-02,+2.84100000E-02\u000a
p214
aV+2.97500000E-02,+2.98000000E-02,+2.97000000E-02,+2.98000000E-02,+2.97000000E-02,+2.98000000E-02,+2.98000000E-02,+2.98000000E-02,+2.97500000E-02,+2.98500000E-02\u000a
p215
aV+3.15500000E-02,+3.14500000E-02,+3.14500000E-02,+3.13900000E-02,+3.16500000E-02,+3.15000000E-02,+3.15000000E-02,+3.15000000E-02,+3.14500000E-02,+3.14500000E-02\u000a
p216
aV+3.30400000E-02,+3.29900000E-02,+3.28900000E-02,+3.29900000E-02,+3.29900000E-02,+3.28900000E-02,+3.30900000E-02,+3.29900000E-02,+3.30400000E-02,+3.30900000E-02\u000a
p217
aV+3.46400000E-02,+3.45800000E-02,+3.46900000E-02,+3.46900000E-02,+3.47400000E-02,+3.47900000E-02,+3.46900000E-02,+3.47400000E-02,+3.47900000E-02,+3.48400000E-02\u000a
p218
aV+3.62800000E-02,+3.62300000E-02,+3.63300000E-02,+3.62800000E-02,+3.63300000E-02,+3.63300000E-02,+3.62300000E-02,+3.62300000E-02,+3.63300000E-02,+3.62300000E-02\u000a
p219
aV+3.83400000E-02,+3.83900000E-02,+3.83400000E-02,+3.82900000E-02,+3.83400000E-02,+3.83900000E-02,+3.82400000E-02,+3.83900000E-02,+3.83900000E-02,+3.83900000E-02\u000a
p220
aV+4.01900000E-02,+4.01400000E-02,+4.01400000E-02,+4.01900000E-02,+4.01400000E-02,+4.00900000E-02,+4.01400000E-02,+4.01400000E-02,+4.02500000E-02,+4.01900000E-02\u000a
p221
aV+4.22500000E-02,+4.24100000E-02,+4.23000000E-02,+4.23000000E-02,+4.23600000E-02,+4.22500000E-02,+4.22500000E-02,+4.24100000E-02,+4.23600000E-02,+4.23000000E-02\u000a
p222
aV+4.43600000E-02,+4.41600000E-02,+4.42100000E-02,+4.43100000E-02,+4.42100000E-02,+4.42600000E-02,+4.43100000E-02,+4.43600000E-02,+4.43100000E-02,+4.42600000E-02\u000a
p223
aV+4.64700000E-02,+4.64700000E-02,+4.64200000E-02,+4.64200000E-02,+4.65200000E-02,+4.64700000E-02,+4.64200000E-02,+4.64200000E-02,+4.64700000E-02,+4.64200000E-02\u000a
p224
aV+4.85300000E-02,+4.85300000E-02,+4.82700000E-02,+4.83800000E-02,+4.84800000E-02,+4.84800000E-02,+4.85300000E-02,+4.84300000E-02,+4.84300000E-02,+4.84300000E-02\u000a
p225
aV+5.04900000E-02,+5.05400000E-02,+5.04400000E-02,+5.04400000E-02,+5.04900000E-02,+5.05900000E-02,+5.05900000E-02,+5.05400000E-02,+5.02800000E-02,+5.04900000E-02\u000a
p226
aV+5.10000000E-02,+5.10500000E-02,+5.11000000E-02,+5.10500000E-02,+5.11600000E-02,+5.11000000E-02,+5.11000000E-02,+5.10500000E-02,+5.11600000E-02,+5.11000000E-02\u000a
p227
aV+5.34700000E-02,+5.36300000E-02,+5.34700000E-02,+5.35800000E-02,+5.34200000E-02,+5.35200000E-02,+5.35200000E-02,+5.35200000E-02,+5.35200000E-02,+5.35800000E-02\u000a
p228
aV+5.39400000E-02,+5.39400000E-02,+5.40400000E-02,+5.40400000E-02,+5.40900000E-02,+5.40400000E-02,+5.39900000E-02,+5.39900000E-02,+5.39400000E-02,+5.39900000E-02\u000a
p229
aV+5.75400000E-02,+5.75900000E-02,+5.75900000E-02,+5.75900000E-02,+5.76900000E-02,+5.75900000E-02,+5.76400000E-02,+5.75400000E-02,+5.76400000E-02,+5.74900000E-02\u000a
p230
aV+6.09300000E-02,+6.08800000E-02,+6.08300000E-02,+6.09900000E-02,+6.09300000E-02,+6.10400000E-02,+6.10400000E-02,+6.10400000E-02,+6.10400000E-02,+6.09900000E-02\u000a
p231
aV+6.40200000E-02,+6.40700000E-02,+6.40700000E-02,+6.41800000E-02,+6.41300000E-02,+6.40200000E-02,+6.41800000E-02,+6.41300000E-02,+6.41800000E-02,+6.41300000E-02\u000a
p232
aV+6.77300000E-02,+6.74200000E-02,+6.77800000E-02,+6.77800000E-02,+6.77800000E-02,+6.77300000E-02,+6.77300000E-02,+6.78800000E-02,+6.78300000E-02,+6.78800000E-02\u000a
p233
aV+7.13300000E-02,+7.15900000E-02,+7.16400000E-02,+7.16400000E-02,+7.15900000E-02,+7.16900000E-02,+7.16900000E-02,+7.16400000E-02,+7.15900000E-02,+7.16400000E-02\u000a
p234
aV+7.63200000E-02,+7.62700000E-02,+7.63200000E-02,+7.64300000E-02,+7.64800000E-02,+7.64300000E-02,+7.64800000E-02,+7.64300000E-02,+7.64300000E-02,+7.65300000E-02\u000a
p235
aV+8.12600000E-02,+8.12600000E-02,+8.13700000E-02,+8.14700000E-02,+8.14200000E-02,+8.14200000E-02,+8.14700000E-02,+8.14200000E-02,+8.14200000E-02,+8.15200000E-02\u000a
p236
aV+8.70800000E-02,+8.71300000E-02,+8.71300000E-02,+8.71800000E-02,+8.72900000E-02,+8.71800000E-02,+8.72900000E-02,+8.72900000E-02,+8.73900000E-02,+8.74400000E-02\u000a
p237
aV+9.33100000E-02,+9.33600000E-02,+9.34100000E-02,+9.34100000E-02,+9.35600000E-02,+9.35100000E-02,+9.36200000E-02,+9.36200000E-02,+9.36200000E-02,+9.35600000E-02\u000a
p238
aV+1.01340000E-01,+1.01280000E-01,+1.01340000E-01,+1.01440000E-01,+1.01540000E-01,+1.01590000E-01,+1.01540000E-01,+1.01640000E-01,+1.01540000E-01,+1.01590000E-01\u000a
p239
aV+1.10440000E-01,+1.10340000E-01,+1.10440000E-01,+1.10550000E-01,+1.10600000E-01,+1.10650000E-01,+1.10750000E-01,+1.10750000E-01,+1.10860000E-01,+1.10800000E-01\u000a
p240
aV+1.19400000E-01,+1.19500000E-01,+1.19500000E-01,+1.19660000E-01,+1.19710000E-01,+1.19610000E-01,+1.19660000E-01,+1.19860000E-01,+1.19860000E-01,+1.19810000E-01\u000a
p241
aV+1.31030000E-01,+1.30980000E-01,+1.30980000E-01,+1.31130000E-01,+1.31240000E-01,+1.31290000E-01,+1.31490000E-01,+1.31440000E-01,+1.31290000E-01,+1.31440000E-01\u000a
p242
aV+1.44050000E-01,+1.44100000E-01,+1.44260000E-01,+1.44460000E-01,+1.44510000E-01,+1.44620000E-01,+1.44570000E-01,+1.44620000E-01,+1.44620000E-01,+1.44620000E-01\u000a
p243
aV+1.58360000E-01,+1.58460000E-01,+1.58510000E-01,+1.58510000E-01,+1.58510000E-01,+1.58620000E-01,+1.58510000E-01,+1.58460000E-01,+1.58560000E-01,+1.58510000E-01\u000a
p244
aV+1.67670000E-01,+1.67670000E-01,+1.67830000E-01,+1.67730000E-01,+1.68030000E-01,+1.67980000E-01,+1.67980000E-01,+1.68090000E-01,+1.68140000E-01,+1.68090000E-01\u000a
p245
aV+1.82650000E-01,+1.82700000E-01,+1.82860000E-01,+1.82910000E-01,+1.83220000E-01,+1.83320000E-01,+1.83270000E-01,+1.83370000E-01,+1.83220000E-01,+1.83370000E-01\u000a
p246
aV+2.00660000E-01,+2.00660000E-01,+2.00820000E-01,+2.01020000E-01,+2.01230000E-01,+2.01380000E-01,+2.01430000E-01,+2.01490000E-01,+2.01380000E-01,+2.01540000E-01\u000a
p247
aV+2.23050000E-01,+2.23100000E-01,+2.23260000E-01,+2.23460000E-01,+2.23620000E-01,+2.23770000E-01,+2.23930000E-01,+2.23930000E-01,+2.24030000E-01,+2.24080000E-01\u000a
p248
aV+2.47140000E-01,+2.47080000E-01,+2.47290000E-01,+2.47650000E-01,+2.47810000E-01,+2.48010000E-01,+2.48110000E-01,+2.48010000E-01,+2.48170000E-01,+2.48220000E-01\u000a
p249
aV+2.73950000E-01,+2.74000000E-01,+2.74260000E-01,+2.74410000E-01,+2.74670000E-01,+2.74770000E-01,+2.75080000E-01,+2.75030000E-01,+2.74980000E-01,+2.75180000E-01\u000a
p250
a.