(lp0
V+2.36790000E+00,+2.36740000E+00,+2.36690000E+00,+2.36630000E+00,+2.36480000E+00,+2.36430000E+00,+2.36370000E+00,+2.36370000E+00,+2.36320000E+00,+2.36320000E+00\u000a
p1
aV+2.30840000E+00,+2.30780000E+00,+2.30780000E+00,+2.30730000E+00,+2.30680000E+00,+2.30630000E+00,+2.30570000E+00,+2.30570000E+00,+2.30570000E+00,+2.30570000E+00\u000a
p2
aV+2.26970000E+00,+2.26970000E+00,+2.26970000E+00,+2.26870000E+00,+2.26810000E+00,+2.26760000E+00,+2.26810000E+00,+2.26760000E+00,+2.26710000E+00,+2.26760000E+00\u000a
p3
aV+2.23210000E+00,+2.23260000E+00,+2.23210000E+00,+2.23160000E+00,+2.23160000E+00,+2.23160000E+00,+2.23160000E+00,+2.23100000E+00,+2.23160000E+00,+2.23100000E+00\u000a
p4
aV+2.21280000E+00,+2.21280000E+00,+2.21280000E+00,+2.21280000E+00,+2.21220000E+00,+2.21220000E+00,+2.21280000E+00,+2.21220000E+00,+2.21220000E+00,+2.21280000E+00\u000a
p5
aV+2.19970000E+00,+2.20020000E+00,+2.20020000E+00,+2.20020000E+00,+2.19970000E+00,+2.20020000E+00,+2.19970000E+00,+2.19970000E+00,+2.19970000E+00,+2.19970000E+00\u000a
p6
aV+2.19130000E+00,+2.19130000E+00,+2.19130000E+00,+2.19080000E+00,+2.19130000E+00,+2.19190000E+00,+2.19130000E+00,+2.19130000E+00,+2.19080000E+00,+2.19080000E+00\u000a
p7
aV+2.18820000E+00,+2.18820000E+00,+2.18870000E+00,+2.18820000E+00,+2.18870000E+00,+2.18820000E+00,+2.18820000E+00,+2.18820000E+00,+2.18870000E+00,+2.18820000E+00\u000a
p8
aV+2.18770000E+00,+2.18770000E+00,+2.18720000E+00,+2.18770000E+00,+2.18770000E+00,+2.18770000E+00,+2.18770000E+00,+2.18820000E+00,+2.18770000E+00,+2.18770000E+00\u000a
p9
aV+2.18980000E+00,+2.19030000E+00,+2.18980000E+00,+2.18980000E+00,+2.19030000E+00,+2.19030000E+00,+2.19030000E+00,+2.18980000E+00,+2.19030000E+00,+2.18980000E+00\u000a
p10
aV+2.19240000E+00,+2.19290000E+00,+2.19290000E+00,+2.19290000E+00,+2.19290000E+00,+2.19340000E+00,+2.19290000E+00,+2.19340000E+00,+2.19290000E+00,+2.19340000E+00\u000a
p11
aV+2.19810000E+00,+2.19810000E+00,+2.19810000E+00,+2.19810000E+00,+2.19810000E+00,+2.19870000E+00,+2.19920000E+00,+2.19810000E+00,+2.19870000E+00,+2.19870000E+00\u000a
p12
aV+2.20340000E+00,+2.20280000E+00,+2.20280000E+00,+2.20340000E+00,+2.20390000E+00,+2.20340000E+00,+2.20340000E+00,+2.20390000E+00,+2.20390000E+00,+2.20340000E+00\u000a
p13
aV+2.21170000E+00,+2.21220000E+00,+2.21220000E+00,+2.21220000E+00,+2.21220000E+00,+2.21280000E+00,+2.21220000E+00,+2.21280000E+00,+2.21220000E+00,+2.21220000E+00\u000a
p14
aV+2.20910000E+00,+2.20860000E+00,+2.20910000E+00,+2.20910000E+00,+2.21020000E+00,+2.20910000E+00,+2.20910000E+00,+2.20960000E+00,+2.20960000E+00,+2.20960000E+00\u000a
p15
aV+2.21220000E+00,+2.21280000E+00,+2.21220000E+00,+2.21330000E+00,+2.21280000E+00,+2.21330000E+00,+2.21330000E+00,+2.21330000E+00,+2.21280000E+00,+2.21330000E+00\u000a
p16
aV+2.21490000E+00,+2.21540000E+00,+2.21540000E+00,+2.21490000E+00,+2.21540000E+00,+2.21540000E+00,+2.21540000E+00,+2.21490000E+00,+2.21540000E+00,+2.21540000E+00\u000a
p17
aV+2.21380000E+00,+2.21380000E+00,+2.21430000E+00,+2.21430000E+00,+2.21380000E+00,+2.21430000E+00,+2.21490000E+00,+2.21430000E+00,+2.21430000E+00,+2.21430000E+00\u000a
p18
aV+2.21330000E+00,+2.21380000E+00,+2.21380000E+00,+2.21380000E+00,+2.21430000E+00,+2.21430000E+00,+2.21380000E+00,+2.21380000E+00,+2.21430000E+00,+2.21430000E+00\u000a
p19
aV+2.21120000E+00,+2.21120000E+00,+2.21120000E+00,+2.21070000E+00,+2.21120000E+00,+2.21120000E+00,+2.21120000E+00,+2.21120000E+00,+2.21170000E+00,+2.21120000E+00\u000a
p20
aV+2.20750000E+00,+2.20810000E+00,+2.20810000E+00,+2.20810000E+00,+2.20810000E+00,+2.20810000E+00,+2.20860000E+00,+2.20810000E+00,+2.20750000E+00,+2.20860000E+00\u000a
p21
aV+2.20230000E+00,+2.20230000E+00,+2.20230000E+00,+2.20230000E+00,+2.20230000E+00,+2.20230000E+00,+2.20230000E+00,+2.20230000E+00,+2.20230000E+00,+2.20230000E+00\u000a
p22
aV+2.19760000E+00,+2.19760000E+00,+2.19810000E+00,+2.19760000E+00,+2.19760000E+00,+2.19810000E+00,+2.19810000E+00,+2.19760000E+00,+2.19810000E+00,+2.19810000E+00\u000a
p23
aV+2.19130000E+00,+2.19130000E+00,+2.19190000E+00,+2.19080000E+00,+2.19130000E+00,+2.19080000E+00,+2.19130000E+00,+2.19130000E+00,+2.19130000E+00,+2.19080000E+00\u000a
p24
aV+2.18510000E+00,+2.18510000E+00,+2.18560000E+00,+2.18510000E+00,+2.18560000E+00,+2.18510000E+00,+2.18560000E+00,+2.18510000E+00,+2.18560000E+00,+2.18560000E+00\u000a
p25
aV+2.17670000E+00,+2.17670000E+00,+2.17670000E+00,+2.17670000E+00,+2.17670000E+00,+2.17670000E+00,+2.17670000E+00,+2.17670000E+00,+2.17670000E+00,+2.17720000E+00\u000a
p26
aV+2.16940000E+00,+2.16940000E+00,+2.16940000E+00,+2.16940000E+00,+2.16940000E+00,+2.16940000E+00,+2.16940000E+00,+2.16940000E+00,+2.16940000E+00,+2.16940000E+00\u000a
p27
aV+2.16370000E+00,+2.16370000E+00,+2.16310000E+00,+2.16310000E+00,+2.16370000E+00,+2.16310000E+00,+2.16310000E+00,+2.16310000E+00,+2.16370000E+00,+2.16310000E+00\u000a
p28
aV+2.15580000E+00,+2.15530000E+00,+2.15580000E+00,+2.15580000E+00,+2.15530000E+00,+2.15580000E+00,+2.15580000E+00,+2.15580000E+00,+2.15580000E+00,+2.15580000E+00\u000a
p29
aV+2.14960000E+00,+2.14960000E+00,+2.14960000E+00,+2.14960000E+00,+2.14960000E+00,+2.14960000E+00,+2.14960000E+00,+2.14960000E+00,+2.14960000E+00,+2.14960000E+00\u000a
p30
aV+2.14170000E+00,+2.14170000E+00,+2.14170000E+00,+2.14170000E+00,+2.14170000E+00,+2.14170000E+00,+2.14170000E+00,+2.14170000E+00,+2.14220000E+00,+2.14170000E+00\u000a
p31
aV+2.13490000E+00,+2.13490000E+00,+2.13550000E+00,+2.13600000E+00,+2.13490000E+00,+2.13550000E+00,+2.13550000E+00,+2.13550000E+00,+2.13490000E+00,+2.13550000E+00\u000a
p32
aV+2.12710000E+00,+2.12660000E+00,+2.12660000E+00,+2.12710000E+00,+2.12710000E+00,+2.12610000E+00,+2.12660000E+00,+2.12710000E+00,+2.12660000E+00,+2.12710000E+00\u000a
p33
aV+2.11980000E+00,+2.12030000E+00,+2.11980000E+00,+2.12030000E+00,+2.12030000E+00,+2.12030000E+00,+2.12080000E+00,+2.11980000E+00,+2.12030000E+00,+2.12030000E+00\u000a
p34
aV+2.11140000E+00,+2.11190000E+00,+2.11140000E+00,+2.11190000E+00,+2.11250000E+00,+2.11140000E+00,+2.11190000E+00,+2.11190000E+00,+2.11190000E+00,+2.11190000E+00\u000a
p35
aV+2.10520000E+00,+2.10520000E+00,+2.10520000E+00,+2.10520000E+00,+2.10460000E+00,+2.10520000E+00,+2.10570000E+00,+2.10520000E+00,+2.10520000E+00,+2.10460000E+00\u000a
p36
aV+2.09580000E+00,+2.09580000E+00,+2.09580000E+00,+2.09630000E+00,+2.09580000E+00,+2.09630000E+00,+2.09630000E+00,+2.09630000E+00,+2.09580000E+00,+2.09630000E+00\u000a
p37
aV+2.08840000E+00,+2.08900000E+00,+2.08900000E+00,+2.08900000E+00,+2.08840000E+00,+2.08900000E+00,+2.08900000E+00,+2.08840000E+00,+2.08900000E+00,+2.08900000E+00\u000a
p38
aV+2.08060000E+00,+2.08060000E+00,+2.08010000E+00,+2.08060000E+00,+2.08060000E+00,+2.08010000E+00,+2.08010000E+00,+2.08010000E+00,+2.08010000E+00,+2.08010000E+00\u000a
p39
aV+2.07280000E+00,+2.07330000E+00,+2.07280000E+00,+2.07280000E+00,+2.07280000E+00,+2.07330000E+00,+2.07280000E+00,+2.07280000E+00,+2.07280000E+00,+2.07280000E+00\u000a
p40
aV+2.06340000E+00,+2.06340000E+00,+2.06340000E+00,+2.06340000E+00,+2.06390000E+00,+2.06340000E+00,+2.06340000E+00,+2.06340000E+00,+2.06390000E+00,+2.06340000E+00\u000a
p41
aV+2.05500000E+00,+2.05450000E+00,+2.05500000E+00,+2.05400000E+00,+2.05500000E+00,+2.05450000E+00,+2.05450000E+00,+2.05450000E+00,+2.05450000E+00,+2.05450000E+00\u000a
p42
aV+2.04720000E+00,+2.04720000E+00,+2.04720000E+00,+2.04720000E+00,+2.04720000E+00,+2.04720000E+00,+2.04720000E+00,+2.04770000E+00,+2.04720000E+00,+2.04720000E+00\u000a
p43
aV+2.03720000E+00,+2.03720000E+00,+2.03720000E+00,+2.03720000E+00,+2.03720000E+00,+2.03720000E+00,+2.03670000E+00,+2.03720000E+00,+2.03720000E+00,+2.03720000E+00\u000a
p44
aV+2.02990000E+00,+2.02940000E+00,+2.02940000E+00,+2.02990000E+00,+2.02940000E+00,+2.02890000E+00,+2.02940000E+00,+2.02940000E+00,+2.02940000E+00,+2.02940000E+00\u000a
p45
aV+2.02050000E+00,+2.02050000E+00,+2.02000000E+00,+2.02050000E+00,+2.02050000E+00,+2.02050000E+00,+2.02110000E+00,+2.02000000E+00,+2.02050000E+00,+2.02000000E+00\u000a
p46
aV+2.01220000E+00,+2.01270000E+00,+2.01270000E+00,+2.01270000E+00,+2.01270000E+00,+2.01270000E+00,+2.01270000E+00,+2.01320000E+00,+2.01270000E+00,+2.01270000E+00\u000a
p47
aV+2.00280000E+00,+2.00220000E+00,+2.00280000E+00,+2.00280000E+00,+2.00330000E+00,+2.00280000E+00,+2.00280000E+00,+2.00220000E+00,+2.00280000E+00,+2.00280000E+00\u000a
p48
aV+1.99490000E+00,+1.99440000E+00,+1.99490000E+00,+1.99440000E+00,+1.99490000E+00,+1.99440000E+00,+1.99490000E+00,+1.99440000E+00,+1.99490000E+00,+1.99440000E+00\u000a
p49
aV+1.98500000E+00,+1.98550000E+00,+1.98500000E+00,+1.98550000E+00,+1.98550000E+00,+1.98550000E+00,+1.98550000E+00,+1.98550000E+00,+1.98550000E+00,+1.98500000E+00\u000a
p50
aV+1.97720000E+00,+1.97770000E+00,+1.97770000E+00,+1.97770000E+00,+1.97770000E+00,+1.97770000E+00,+1.97820000E+00,+1.97720000E+00,+1.97770000E+00,+1.97770000E+00\u000a
p51
aV+1.96670000E+00,+1.96670000E+00,+1.96730000E+00,+1.96670000E+00,+1.96670000E+00,+1.96730000E+00,+1.96730000E+00,+1.96670000E+00,+1.96670000E+00,+1.96730000E+00\u000a
p52
aV+1.95890000E+00,+1.95890000E+00,+1.95890000E+00,+1.95890000E+00,+1.95890000E+00,+1.95890000E+00,+1.95940000E+00,+1.95890000E+00,+1.95890000E+00,+1.95940000E+00\u000a
p53
aV+1.94950000E+00,+1.94950000E+00,+1.94900000E+00,+1.94950000E+00,+1.94900000E+00,+1.94900000E+00,+1.94950000E+00,+1.94950000E+00,+1.94950000E+00,+1.94900000E+00\u000a
p54
aV+1.93850000E+00,+1.93900000E+00,+1.93850000E+00,+1.93900000E+00,+1.93850000E+00,+1.93900000E+00,+1.93850000E+00,+1.93900000E+00,+1.93960000E+00,+1.93850000E+00\u000a
p55
aV+1.93070000E+00,+1.93070000E+00,+1.93070000E+00,+1.93070000E+00,+1.93020000E+00,+1.93070000E+00,+1.93020000E+00,+1.93070000E+00,+1.93070000E+00,+1.93070000E+00\u000a
p56
aV+1.92080000E+00,+1.92080000E+00,+1.92080000E+00,+1.92080000E+00,+1.92080000E+00,+1.92080000E+00,+1.92130000E+00,+1.92080000E+00,+1.92080000E+00,+1.92080000E+00\u000a
p57
aV+1.90870000E+00,+1.90930000E+00,+1.90930000E+00,+1.90930000E+00,+1.90930000E+00,+1.90870000E+00,+1.90980000E+00,+1.90930000E+00,+1.90870000E+00,+1.90930000E+00\u000a
p58
aV+1.89880000E+00,+1.89880000E+00,+1.89880000E+00,+1.89880000E+00,+1.89880000E+00,+1.89830000E+00,+1.89830000E+00,+1.89830000E+00,+1.89880000E+00,+1.89880000E+00\u000a
p59
aV+1.89050000E+00,+1.89050000E+00,+1.89050000E+00,+1.88990000E+00,+1.88990000E+00,+1.89050000E+00,+1.88990000E+00,+1.88990000E+00,+1.88990000E+00,+1.88990000E+00\u000a
p60
aV+1.88050000E+00,+1.88050000E+00,+1.88000000E+00,+1.88050000E+00,+1.88000000E+00,+1.88000000E+00,+1.88050000E+00,+1.88050000E+00,+1.88110000E+00,+1.88050000E+00\u000a
p61
aV+1.87220000E+00,+1.87220000E+00,+1.87220000E+00,+1.87220000E+00,+1.87220000E+00,+1.87170000E+00,+1.87170000E+00,+1.87170000E+00,+1.87170000E+00,+1.87220000E+00\u000a
p62
aV+1.86070000E+00,+1.86120000E+00,+1.86070000E+00,+1.86070000E+00,+1.86070000E+00,+1.86120000E+00,+1.86070000E+00,+1.86070000E+00,+1.86120000E+00,+1.86070000E+00\u000a
p63
aV+1.85230000E+00,+1.85230000E+00,+1.85340000E+00,+1.85290000E+00,+1.85290000E+00,+1.85230000E+00,+1.85230000E+00,+1.85230000E+00,+1.85290000E+00,+1.85290000E+00\u000a
p64
aV+1.84290000E+00,+1.84240000E+00,+1.84240000E+00,+1.84290000E+00,+1.84290000E+00,+1.84290000E+00,+1.84240000E+00,+1.84240000E+00,+1.84240000E+00,+1.84240000E+00\u000a
p65
aV+1.83460000E+00,+1.83400000E+00,+1.83460000E+00,+1.83400000E+00,+1.83400000E+00,+1.83400000E+00,+1.83400000E+00,+1.83460000E+00,+1.83400000E+00,+1.83460000E+00\u000a
p66
aV+1.82310000E+00,+1.82360000E+00,+1.82310000E+00,+1.82310000E+00,+1.82360000E+00,+1.82360000E+00,+1.82360000E+00,+1.82360000E+00,+1.82360000E+00,+1.82360000E+00\u000a
p67
aV+1.81470000E+00,+1.81470000E+00,+1.81520000E+00,+1.81520000E+00,+1.81580000E+00,+1.81520000E+00,+1.81470000E+00,+1.81470000E+00,+1.81470000E+00,+1.81520000E+00\u000a
p68
aV+1.80480000E+00,+1.80430000E+00,+1.80480000E+00,+1.80480000E+00,+1.80480000E+00,+1.80480000E+00,+1.80480000E+00,+1.80480000E+00,+1.80480000E+00,+1.80480000E+00\u000a
p69
aV+1.79330000E+00,+1.79330000E+00,+1.79330000E+00,+1.79330000E+00,+1.79330000E+00,+1.79330000E+00,+1.79330000E+00,+1.79330000E+00,+1.79330000E+00,+1.79330000E+00\u000a
p70
aV+1.78490000E+00,+1.78490000E+00,+1.78490000E+00,+1.78440000E+00,+1.78490000E+00,+1.78440000E+00,+1.78490000E+00,+1.78490000E+00,+1.78440000E+00,+1.78440000E+00\u000a
p71
aV+1.77450000E+00,+1.77450000E+00,+1.77450000E+00,+1.77500000E+00,+1.77500000E+00,+1.77450000E+00,+1.77500000E+00,+1.77450000E+00,+1.77500000E+00,+1.77500000E+00\u000a
p72
aV+1.77450000E+00,+1.77450000E+00,+1.77500000E+00,+1.77500000E+00,+1.77450000E+00,+1.77450000E+00,+1.77500000E+00,+1.77500000E+00,+1.77450000E+00,+1.77500000E+00\u000a
p73
aV+1.75520000E+00,+1.75570000E+00,+1.75520000E+00,+1.75520000E+00,+1.75520000E+00,+1.75570000E+00,+1.75520000E+00,+1.75520000E+00,+1.75520000E+00,+1.75520000E+00\u000a
p74
aV+1.74680000E+00,+1.74680000E+00,+1.74630000E+00,+1.74680000E+00,+1.74680000E+00,+1.74630000E+00,+1.74680000E+00,+1.74680000E+00,+1.74630000E+00,+1.74630000E+00\u000a
p75
aV+1.73640000E+00,+1.73640000E+00,+1.73690000E+00,+1.73690000E+00,+1.73690000E+00,+1.73690000E+00,+1.73640000E+00,+1.73640000E+00,+1.73640000E+00,+1.73640000E+00\u000a
p76
aV+1.72750000E+00,+1.72750000E+00,+1.72750000E+00,+1.72800000E+00,+1.72750000E+00,+1.72750000E+00,+1.72750000E+00,+1.72750000E+00,+1.72800000E+00,+1.72750000E+00\u000a
p77
aV+1.71700000E+00,+1.71650000E+00,+1.71700000E+00,+1.71650000E+00,+1.71650000E+00,+1.71600000E+00,+1.71650000E+00,+1.71650000E+00,+1.71650000E+00,+1.71650000E+00\u000a
p78
aV+1.70760000E+00,+1.70760000E+00,+1.70820000E+00,+1.70760000E+00,+1.70760000E+00,+1.70820000E+00,+1.70820000E+00,+1.70820000E+00,+1.70760000E+00,+1.70820000E+00\u000a
p79
aV+1.69770000E+00,+1.69770000E+00,+1.69820000E+00,+1.69770000E+00,+1.69720000E+00,+1.69770000E+00,+1.69720000E+00,+1.69770000E+00,+1.69720000E+00,+1.69770000E+00\u000a
p80
aV+1.68880000E+00,+1.68880000E+00,+1.68930000E+00,+1.68930000E+00,+1.68880000E+00,+1.68880000E+00,+1.68880000E+00,+1.68880000E+00,+1.68930000E+00,+1.68880000E+00\u000a
p81
aV+1.67790000E+00,+1.67730000E+00,+1.67790000E+00,+1.67790000E+00,+1.67840000E+00,+1.67840000E+00,+1.67730000E+00,+1.67790000E+00,+1.67790000E+00,+1.67730000E+00\u000a
p82
aV+1.66740000E+00,+1.66790000E+00,+1.66740000E+00,+1.66740000E+00,+1.66790000E+00,+1.66790000E+00,+1.66740000E+00,+1.66740000E+00,+1.66740000E+00,+1.66740000E+00\u000a
p83
aV+1.65910000E+00,+1.65910000E+00,+1.65850000E+00,+1.65850000E+00,+1.65910000E+00,+1.65910000E+00,+1.65850000E+00,+1.65910000E+00,+1.65910000E+00,+1.65910000E+00\u000a
p84
aV+1.64810000E+00,+1.64860000E+00,+1.64860000E+00,+1.64810000E+00,+1.64810000E+00,+1.64810000E+00,+1.64860000E+00,+1.64810000E+00,+1.64860000E+00,+1.64810000E+00\u000a
p85
aV+1.63970000E+00,+1.63970000E+00,+1.63920000E+00,+1.63970000E+00,+1.63970000E+00,+1.64020000E+00,+1.63970000E+00,+1.63970000E+00,+1.63920000E+00,+1.63920000E+00\u000a
p86
aV+1.62930000E+00,+1.62930000E+00,+1.62880000E+00,+1.62930000E+00,+1.62930000E+00,+1.62930000E+00,+1.62930000E+00,+1.62930000E+00,+1.62930000E+00,+1.62930000E+00\u000a
p87
aV+1.62090000E+00,+1.62040000E+00,+1.62040000E+00,+1.62090000E+00,+1.62090000E+00,+1.62090000E+00,+1.62090000E+00,+1.62090000E+00,+1.62040000E+00,+1.62090000E+00\u000a
p88
aV+1.60890000E+00,+1.60940000E+00,+1.60890000E+00,+1.60890000E+00,+1.60890000E+00,+1.60940000E+00,+1.60890000E+00,+1.60940000E+00,+1.60940000E+00,+1.60940000E+00\u000a
p89
aV+1.60110000E+00,+1.60110000E+00,+1.60050000E+00,+1.60050000E+00,+1.60110000E+00,+1.60000000E+00,+1.60050000E+00,+1.60050000E+00,+1.60050000E+00,+1.60110000E+00\u000a
p90
aV+1.59010000E+00,+1.59010000E+00,+1.59010000E+00,+1.59010000E+00,+1.58960000E+00,+1.59010000E+00,+1.59060000E+00,+1.59060000E+00,+1.59010000E+00,+1.59010000E+00\u000a
p91
aV+1.58120000E+00,+1.58170000E+00,+1.58170000E+00,+1.58170000E+00,+1.58170000E+00,+1.58170000E+00,+1.58120000E+00,+1.58170000E+00,+1.58120000E+00,+1.58120000E+00\u000a
p92
aV+1.57020000E+00,+1.57020000E+00,+1.57020000E+00,+1.57020000E+00,+1.57020000E+00,+1.57020000E+00,+1.57020000E+00,+1.57020000E+00,+1.56970000E+00,+1.57080000E+00\u000a
p93
aV+1.56140000E+00,+1.56140000E+00,+1.56140000E+00,+1.56140000E+00,+1.56190000E+00,+1.56140000E+00,+1.56140000E+00,+1.56140000E+00,+1.56140000E+00,+1.56140000E+00\u000a
p94
aV+1.55090000E+00,+1.55040000E+00,+1.55090000E+00,+1.55140000E+00,+1.55090000E+00,+1.55090000E+00,+1.55090000E+00,+1.55090000E+00,+1.55140000E+00,+1.55090000E+00\u000a
p95
aV+1.54260000E+00,+1.54200000E+00,+1.54260000E+00,+1.54260000E+00,+1.54200000E+00,+1.54200000E+00,+1.54260000E+00,+1.54260000E+00,+1.54200000E+00,+1.54200000E+00\u000a
p96
aV+1.53110000E+00,+1.53000000E+00,+1.53160000E+00,+1.53110000E+00,+1.53110000E+00,+1.53110000E+00,+1.53160000E+00,+1.53110000E+00,+1.53110000E+00,+1.53110000E+00\u000a
p97
aV+1.52010000E+00,+1.52060000E+00,+1.52060000E+00,+1.52010000E+00,+1.52060000E+00,+1.52010000E+00,+1.52060000E+00,+1.52060000E+00,+1.52060000E+00,+1.52060000E+00\u000a
p98
aV+1.51170000E+00,+1.51170000E+00,+1.51170000E+00,+1.51230000E+00,+1.51230000E+00,+1.51170000E+00,+1.51230000E+00,+1.51170000E+00,+1.51230000E+00,+1.51170000E+00\u000a
p99
aV+1.50080000E+00,+1.50030000E+00,+1.50080000E+00,+1.50030000E+00,+1.50030000E+00,+1.50030000E+00,+1.50080000E+00,+1.50030000E+00,+1.50030000E+00,+1.50030000E+00\u000a
p100
aV+1.49140000E+00,+1.49140000E+00,+1.49140000E+00,+1.49140000E+00,+1.49140000E+00,+1.49140000E+00,+1.49140000E+00,+1.49140000E+00,+1.49140000E+00,+1.49140000E+00\u000a
p101
aV+1.48140000E+00,+1.48090000E+00,+1.48090000E+00,+1.48090000E+00,+1.48140000E+00,+1.48140000E+00,+1.48140000E+00,+1.48140000E+00,+1.48090000E+00,+1.48090000E+00\u000a
p102
aV+1.48140000E+00,+1.48140000E+00,+1.48140000E+00,+1.48140000E+00,+1.48140000E+00,+1.48140000E+00,+1.48140000E+00,+1.48140000E+00,+1.48140000E+00,+1.48140000E+00\u000a
p103
aV+1.46110000E+00,+1.46110000E+00,+1.46110000E+00,+1.46060000E+00,+1.46060000E+00,+1.46110000E+00,+1.46110000E+00,+1.46160000E+00,+1.46160000E+00,+1.46160000E+00\u000a
p104
aV+1.45270000E+00,+1.45270000E+00,+1.45270000E+00,+1.45270000E+00,+1.45220000E+00,+1.45220000E+00,+1.45170000E+00,+1.45220000E+00,+1.45220000E+00,+1.45270000E+00\u000a
p105
aV+1.44280000E+00,+1.44170000E+00,+1.44170000E+00,+1.44230000E+00,+1.44230000E+00,+1.44230000E+00,+1.44170000E+00,+1.44230000E+00,+1.44170000E+00,+1.44230000E+00\u000a
p106
aV+1.43390000E+00,+1.43390000E+00,+1.43390000E+00,+1.43390000E+00,+1.43390000E+00,+1.43390000E+00,+1.43390000E+00,+1.43340000E+00,+1.43390000E+00,+1.43390000E+00\u000a
p107
aV+1.42190000E+00,+1.42240000E+00,+1.42140000E+00,+1.42140000E+00,+1.42140000E+00,+1.42140000E+00,+1.42140000E+00,+1.42090000E+00,+1.42190000E+00,+1.42140000E+00\u000a
p108
aV+1.41350000E+00,+1.41300000E+00,+1.41300000E+00,+1.41300000E+00,+1.41300000E+00,+1.41300000E+00,+1.41300000E+00,+1.41350000E+00,+1.41250000E+00,+1.41300000E+00\u000a
p109
aV+1.40200000E+00,+1.40260000E+00,+1.40260000E+00,+1.40310000E+00,+1.40310000E+00,+1.40260000E+00,+1.40260000E+00,+1.40260000E+00,+1.40260000E+00,+1.40260000E+00\u000a
p110
aV+1.39110000E+00,+1.39160000E+00,+1.39160000E+00,+1.39110000E+00,+1.39060000E+00,+1.39110000E+00,+1.39160000E+00,+1.39110000E+00,+1.39160000E+00,+1.39110000E+00\u000a
p111
aV+1.38270000E+00,+1.38220000E+00,+1.38270000E+00,+1.38220000E+00,+1.38220000E+00,+1.38220000E+00,+1.38270000E+00,+1.38270000E+00,+1.38220000E+00,+1.38270000E+00\u000a
p112
aV+1.37170000E+00,+1.37230000E+00,+1.37230000E+00,+1.37230000E+00,+1.37280000E+00,+1.37230000E+00,+1.37230000E+00,+1.37170000E+00,+1.37230000E+00,+1.37170000E+00\u000a
p113
aV+1.36760000E+00,+1.36760000E+00,+1.36760000E+00,+1.36760000E+00,+1.36760000E+00,+1.36760000E+00,+1.36760000E+00,+1.36760000E+00,+1.36760000E+00,+1.36760000E+00\u000a
p114
aV+1.35760000E+00,+1.35710000E+00,+1.35660000E+00,+1.35760000E+00,+1.35710000E+00,+1.35760000E+00,+1.35760000E+00,+1.35710000E+00,+1.35710000E+00,+1.35710000E+00\u000a
p115
aV+1.34820000E+00,+1.34820000E+00,+1.34820000E+00,+1.34820000E+00,+1.34770000E+00,+1.34820000E+00,+1.34820000E+00,+1.34770000E+00,+1.34820000E+00,+1.34820000E+00\u000a
p116
aV+1.34820000E+00,+1.34880000E+00,+1.34770000E+00,+1.34820000E+00,+1.34820000E+00,+1.34820000E+00,+1.34820000E+00,+1.34820000E+00,+1.34880000E+00,+1.34820000E+00\u000a
p117
aV+1.32730000E+00,+1.32840000E+00,+1.32790000E+00,+1.32840000E+00,+1.32840000E+00,+1.32790000E+00,+1.32790000E+00,+1.32840000E+00,+1.32840000E+00,+1.32730000E+00\u000a
p118
aV+1.31790000E+00,+1.31790000E+00,+1.31740000E+00,+1.31790000E+00,+1.31740000E+00,+1.31790000E+00,+1.31790000E+00,+1.31740000E+00,+1.31740000E+00,+1.31790000E+00\u000a
p119
aV+1.30850000E+00,+1.30850000E+00,+1.30850000E+00,+1.30850000E+00,+1.30850000E+00,+1.30800000E+00,+1.30850000E+00,+1.30910000E+00,+1.30850000E+00,+1.30850000E+00\u000a
p120
aV+1.29700000E+00,+1.29760000E+00,+1.29700000E+00,+1.29700000E+00,+1.29700000E+00,+1.29700000E+00,+1.29700000E+00,+1.29700000E+00,+1.29700000E+00,+1.29700000E+00\u000a
p121
aV+1.28760000E+00,+1.28820000E+00,+1.28820000E+00,+1.28820000E+00,+1.28820000E+00,+1.28820000E+00,+1.28820000E+00,+1.28820000E+00,+1.28870000E+00,+1.28820000E+00\u000a
p122
aV+1.27770000E+00,+1.27720000E+00,+1.27770000E+00,+1.27770000E+00,+1.27770000E+00,+1.27720000E+00,+1.27770000E+00,+1.27770000E+00,+1.27770000E+00,+1.27770000E+00\u000a
p123
aV+1.26880000E+00,+1.26880000E+00,+1.26880000E+00,+1.26880000E+00,+1.26880000E+00,+1.26940000E+00,+1.26830000E+00,+1.26880000E+00,+1.26880000E+00,+1.26940000E+00\u000a
p124
aV+1.25730000E+00,+1.25730000E+00,+1.25730000E+00,+1.25730000E+00,+1.25790000E+00,+1.25730000E+00,+1.25730000E+00,+1.25730000E+00,+1.25730000E+00,+1.25730000E+00\u000a
p125
aV+1.24690000E+00,+1.24640000E+00,+1.24690000E+00,+1.24690000E+00,+1.24690000E+00,+1.24690000E+00,+1.24640000E+00,+1.24690000E+00,+1.24690000E+00,+1.24690000E+00\u000a
p126
aV+1.23800000E+00,+1.23800000E+00,+1.23750000E+00,+1.23800000E+00,+1.23800000E+00,+1.23800000E+00,+1.23750000E+00,+1.23800000E+00,+1.23800000E+00,+1.23800000E+00\u000a
p127
aV+1.22600000E+00,+1.22600000E+00,+1.22600000E+00,+1.22650000E+00,+1.22600000E+00,+1.22600000E+00,+1.22600000E+00,+1.22600000E+00,+1.22650000E+00,+1.22600000E+00\u000a
p128
aV+1.21760000E+00,+1.21710000E+00,+1.21710000E+00,+1.21710000E+00,+1.21760000E+00,+1.21710000E+00,+1.21760000E+00,+1.21760000E+00,+1.21710000E+00,+1.21760000E+00\u000a
p129
aV+1.20670000E+00,+1.20670000E+00,+1.20670000E+00,+1.20720000E+00,+1.20670000E+00,+1.20670000E+00,+1.20670000E+00,+1.20670000E+00,+1.20670000E+00,+1.20670000E+00\u000a
p130
aV+1.19780000E+00,+1.19780000E+00,+1.19780000E+00,+1.19830000E+00,+1.19780000E+00,+1.19780000E+00,+1.19830000E+00,+1.19830000E+00,+1.19830000E+00,+1.19830000E+00\u000a
p131
aV+1.18630000E+00,+1.18630000E+00,+1.18630000E+00,+1.18680000E+00,+1.18630000E+00,+1.18630000E+00,+1.18680000E+00,+1.18630000E+00,+1.18630000E+00,+1.18630000E+00\u000a
p132
aV+1.17790000E+00,+1.17740000E+00,+1.17740000E+00,+1.17740000E+00,+1.17740000E+00,+1.17740000E+00,+1.17740000E+00,+1.17790000E+00,+1.17740000E+00,+1.17740000E+00\u000a
p133
aV+1.16700000E+00,+1.16700000E+00,+1.16700000E+00,+1.16700000E+00,+1.16700000E+00,+1.16700000E+00,+1.16750000E+00,+1.16700000E+00,+1.16750000E+00,+1.16750000E+00\u000a
p134
aV+1.15810000E+00,+1.15810000E+00,+1.15810000E+00,+1.15810000E+00,+1.15810000E+00,+1.15810000E+00,+1.15860000E+00,+1.15810000E+00,+1.15810000E+00,+1.15810000E+00\u000a
p135
aV+1.14660000E+00,+1.14660000E+00,+1.14710000E+00,+1.14710000E+00,+1.14660000E+00,+1.14660000E+00,+1.14660000E+00,+1.14610000E+00,+1.14660000E+00,+1.14660000E+00\u000a
p136
aV+1.13770000E+00,+1.13770000E+00,+1.13820000E+00,+1.13820000E+00,+1.13770000E+00,+1.13720000E+00,+1.13770000E+00,+1.13770000E+00,+1.13770000E+00,+1.13770000E+00\u000a
p137
aV+1.12730000E+00,+1.12780000E+00,+1.12680000E+00,+1.12730000E+00,+1.12730000E+00,+1.12680000E+00,+1.12730000E+00,+1.12730000E+00,+1.12780000E+00,+1.12730000E+00\u000a
p138
aV+1.11580000E+00,+1.11580000E+00,+1.11530000E+00,+1.11580000E+00,+1.11580000E+00,+1.11580000E+00,+1.11580000E+00,+1.11530000E+00,+1.11580000E+00,+1.11580000E+00\u000a
p139
aV+1.10690000E+00,+1.10690000E+00,+1.10690000E+00,+1.10690000E+00,+1.10690000E+00,+1.10740000E+00,+1.10690000E+00,+1.10740000E+00,+1.10690000E+00,+1.10690000E+00\u000a
p140
aV+1.09650000E+00,+1.09590000E+00,+1.09650000E+00,+1.09650000E+00,+1.09650000E+00,+1.09650000E+00,+1.09590000E+00,+1.09650000E+00,+1.09650000E+00,+1.09590000E+00\u000a
p141
aV+1.08760000E+00,+1.08710000E+00,+1.08810000E+00,+1.08760000E+00,+1.08760000E+00,+1.08760000E+00,+1.08710000E+00,+1.08760000E+00,+1.08760000E+00,+1.08760000E+00\u000a
p142
aV+1.07660000E+00,+1.07660000E+00,+1.07660000E+00,+1.07660000E+00,+1.07710000E+00,+1.07710000E+00,+1.07710000E+00,+1.07660000E+00,+1.07710000E+00,+1.07660000E+00\u000a
p143
aV+1.07710000E+00,+1.07710000E+00,+1.07710000E+00,+1.07660000E+00,+1.07660000E+00,+1.07660000E+00,+1.07660000E+00,+1.07660000E+00,+1.07660000E+00,+1.07710000E+00\u000a
p144
aV+1.05730000E+00,+1.05730000E+00,+1.05680000E+00,+1.05730000E+00,+1.05780000E+00,+1.05730000E+00,+1.05730000E+00,+1.05730000E+00,+1.05730000E+00,+1.05730000E+00\u000a
p145
aV+1.04840000E+00,+1.04840000E+00,+1.04840000E+00,+1.04840000E+00,+1.04840000E+00,+1.04840000E+00,+1.04840000E+00,+1.04840000E+00,+1.04840000E+00,+1.04840000E+00\u000a
p146
aV+1.03690000E+00,+1.03640000E+00,+1.03640000E+00,+1.03690000E+00,+1.03740000E+00,+1.03740000E+00,+1.03690000E+00,+1.03690000E+00,+1.03690000E+00,+1.03690000E+00\u000a
p147
aV+1.02750000E+00,+1.02750000E+00,+1.02750000E+00,+1.02750000E+00,+1.02800000E+00,+1.02800000E+00,+1.02800000E+00,+1.02800000E+00,+1.02800000E+00,+1.02850000E+00\u000a
p148
aV+1.01710000E+00,+1.01760000E+00,+1.01710000E+00,+1.01710000E+00,+1.01760000E+00,+1.01760000E+00,+1.01760000E+00,+1.01760000E+00,+1.01760000E+00,+1.01760000E+00\u000a
p149
aV+1.00870000E+00,+1.00920000E+00,+1.00820000E+00,+1.00870000E+00,+1.00870000E+00,+1.00870000E+00,+1.00870000E+00,+1.00920000E+00,+1.00920000E+00,+1.00870000E+00\u000a
p150
aV+9.97200000E-01,+9.97200000E-01,+9.96700000E-01,+9.96700000E-01,+9.96700000E-01,+9.97200000E-01,+9.96700000E-01,+9.97200000E-01,+9.97200000E-01,+9.96700000E-01\u000a
p151
aV+9.88300000E-01,+9.87800000E-01,+9.87800000E-01,+9.87800000E-01,+9.87800000E-01,+9.88300000E-01,+9.88300000E-01,+9.88300000E-01,+9.88300000E-01,+9.88300000E-01\u000a
p152
aV+9.77400000E-01,+9.77900000E-01,+9.77400000E-01,+9.77400000E-01,+9.77900000E-01,+9.77900000E-01,+9.77900000E-01,+9.77400000E-01,+9.77400000E-01,+9.77400000E-01\u000a
p153
aV+9.65900000E-01,+9.66400000E-01,+9.65900000E-01,+9.65900000E-01,+9.65900000E-01,+9.65900000E-01,+9.65900000E-01,+9.66400000E-01,+9.66400000E-01,+9.65900000E-01\u000a
p154
aV+9.57000000E-01,+9.57000000E-01,+9.56500000E-01,+9.56500000E-01,+9.56500000E-01,+9.57500000E-01,+9.57000000E-01,+9.57000000E-01,+9.57000000E-01,+9.57000000E-01\u000a
p155
aV+9.46500000E-01,+9.46500000E-01,+9.47100000E-01,+9.47100000E-01,+9.46500000E-01,+9.46500000E-01,+9.46000000E-01,+9.46500000E-01,+9.46000000E-01,+9.47100000E-01\u000a
p156
aV+9.38200000E-01,+9.37700000E-01,+9.38200000E-01,+9.38200000E-01,+9.38200000E-01,+9.37700000E-01,+9.37700000E-01,+9.37700000E-01,+9.37700000E-01,+9.38200000E-01\u000a
p157
aV+9.26200000E-01,+9.25600000E-01,+9.25600000E-01,+9.26200000E-01,+9.26200000E-01,+9.25600000E-01,+9.25600000E-01,+9.25600000E-01,+9.25600000E-01,+9.25600000E-01\u000a
p158
aV+9.16800000E-01,+9.17300000E-01,+9.17300000E-01,+9.17300000E-01,+9.16800000E-01,+9.16800000E-01,+9.16800000E-01,+9.16800000E-01,+9.16800000E-01,+9.17800000E-01\u000a
p159
aV+9.06800000E-01,+9.06300000E-01,+9.06300000E-01,+9.06300000E-01,+9.06300000E-01,+9.06800000E-01,+9.06300000E-01,+9.06300000E-01,+9.06300000E-01,+9.06300000E-01\u000a
p160
aV+8.97400000E-01,+8.98000000E-01,+8.97400000E-01,+8.98000000E-01,+8.98000000E-01,+8.97400000E-01,+8.97400000E-01,+8.97400000E-01,+8.98000000E-01,+8.98000000E-01\u000a
p161
aV+8.86500000E-01,+8.85900000E-01,+8.85900000E-01,+8.86500000E-01,+8.85900000E-01,+8.85900000E-01,+8.86500000E-01,+8.86500000E-01,+8.86500000E-01,+8.86500000E-01\u000a
p162
aV+8.77600000E-01,+8.77600000E-01,+8.77100000E-01,+8.77100000E-01,+8.77600000E-01,+8.77100000E-01,+8.77100000E-01,+8.77100000E-01,+8.77600000E-01,+8.77600000E-01\u000a
p163
aV+8.67100000E-01,+8.67100000E-01,+8.67100000E-01,+8.66600000E-01,+8.67100000E-01,+8.66600000E-01,+8.66600000E-01,+8.67100000E-01,+8.67100000E-01,+8.67100000E-01\u000a
p164
aV+8.57700000E-01,+8.58300000E-01,+8.58800000E-01,+8.57700000E-01,+8.58300000E-01,+8.58300000E-01,+8.58300000E-01,+8.58300000E-01,+8.58300000E-01,+8.58300000E-01\u000a
p165
aV+8.46200000E-01,+8.46800000E-01,+8.46200000E-01,+8.46200000E-01,+8.46200000E-01,+8.46200000E-01,+8.46200000E-01,+8.46200000E-01,+8.46200000E-01,+8.46200000E-01\u000a
p166
aV+8.35800000E-01,+8.35300000E-01,+8.35300000E-01,+8.35800000E-01,+8.35300000E-01,+8.35300000E-01,+8.35800000E-01,+8.35800000E-01,+8.35800000E-01,+8.35800000E-01\u000a
p167
aV+8.26900000E-01,+8.27400000E-01,+8.26900000E-01,+8.26900000E-01,+8.27400000E-01,+8.26900000E-01,+8.26900000E-01,+8.26900000E-01,+8.26400000E-01,+8.26900000E-01\u000a
p168
aV+8.15400000E-01,+8.15400000E-01,+8.14900000E-01,+8.14900000E-01,+8.14900000E-01,+8.15400000E-01,+8.14900000E-01,+8.14900000E-01,+8.15400000E-01,+8.15400000E-01\u000a
p169
aV+8.06500000E-01,+8.06500000E-01,+8.06500000E-01,+8.06500000E-01,+8.06500000E-01,+8.06500000E-01,+8.06500000E-01,+8.06500000E-01,+8.06500000E-01,+8.06000000E-01\u000a
p170
aV+8.06500000E-01,+8.06500000E-01,+8.06500000E-01,+8.06500000E-01,+8.06500000E-01,+8.06500000E-01,+8.06500000E-01,+8.06500000E-01,+8.06500000E-01,+8.06500000E-01\u000a
p171
aV+7.89300000E-01,+7.88800000E-01,+7.89300000E-01,+7.88800000E-01,+7.89300000E-01,+7.89300000E-01,+7.88800000E-01,+7.89300000E-01,+7.88800000E-01,+7.89300000E-01\u000a
p172
aV+7.77300000E-01,+7.77300000E-01,+7.77300000E-01,+7.76800000E-01,+7.77300000E-01,+7.77300000E-01,+7.76800000E-01,+7.76800000E-01,+7.77300000E-01,+7.76800000E-01\u000a
p173
aV+7.67900000E-01,+7.67900000E-01,+7.68400000E-01,+7.67900000E-01,+7.67900000E-01,+7.68400000E-01,+7.68400000E-01,+7.67900000E-01,+7.67900000E-01,+7.67900000E-01\u000a
p174
aV+7.58000000E-01,+7.57400000E-01,+7.58000000E-01,+7.57400000E-01,+7.58000000E-01,+7.57400000E-01,+7.58000000E-01,+7.58000000E-01,+7.57400000E-01,+7.58000000E-01\u000a
p175
aV+7.48600000E-01,+7.48600000E-01,+7.48600000E-01,+7.48600000E-01,+7.48600000E-01,+7.49100000E-01,+7.48600000E-01,+7.49100000E-01,+7.48600000E-01,+7.48600000E-01\u000a
p176
aV+7.37600000E-01,+7.37600000E-01,+7.37100000E-01,+7.37100000E-01,+7.37100000E-01,+7.37100000E-01,+7.37100000E-01,+7.37600000E-01,+7.37100000E-01,+7.37600000E-01\u000a
p177
aV+7.28700000E-01,+7.28700000E-01,+7.28700000E-01,+7.28700000E-01,+7.28700000E-01,+7.28700000E-01,+7.28700000E-01,+7.28700000E-01,+7.28700000E-01,+7.28700000E-01\u000a
p178
aV+7.18800000E-01,+7.18300000E-01,+7.18300000E-01,+7.18300000E-01,+7.18800000E-01,+7.17700000E-01,+7.18300000E-01,+7.18300000E-01,+7.18300000E-01,+7.18300000E-01\u000a
p179
aV+7.09400000E-01,+7.09400000E-01,+7.09400000E-01,+7.09400000E-01,+7.09400000E-01,+7.09400000E-01,+7.08900000E-01,+7.08900000E-01,+7.09400000E-01,+7.08900000E-01\u000a
p180
aV+6.97400000E-01,+6.97400000E-01,+6.96800000E-01,+6.97400000E-01,+6.97900000E-01,+6.97400000E-01,+6.97400000E-01,+6.96800000E-01,+6.97400000E-01,+6.97900000E-01\u000a
p181
aV+6.86900000E-01,+6.86900000E-01,+6.86900000E-01,+6.86900000E-01,+6.86900000E-01,+6.86900000E-01,+6.86900000E-01,+6.87400000E-01,+6.86900000E-01,+6.86400000E-01\u000a
p182
aV+6.77500000E-01,+6.78000000E-01,+6.77500000E-01,+6.78000000E-01,+6.78000000E-01,+6.77500000E-01,+6.77500000E-01,+6.78000000E-01,+6.78000000E-01,+6.78000000E-01\u000a
p183
aV+6.67100000E-01,+6.66500000E-01,+6.66500000E-01,+6.66500000E-01,+6.66500000E-01,+6.67100000E-01,+6.66000000E-01,+6.66500000E-01,+6.66500000E-01,+6.66500000E-01\u000a
p184
aV+6.57700000E-01,+6.57700000E-01,+6.58200000E-01,+6.57700000E-01,+6.57700000E-01,+6.57700000E-01,+6.58200000E-01,+6.57700000E-01,+6.57700000E-01,+6.58200000E-01\u000a
p185
aV+6.47200000E-01,+6.47200000E-01,+6.47700000E-01,+6.47700000E-01,+6.47700000E-01,+6.47200000E-01,+6.46700000E-01,+6.47200000E-01,+6.47200000E-01,+6.47700000E-01\u000a
p186
aV+6.38300000E-01,+6.38300000E-01,+6.38300000E-01,+6.38300000E-01,+6.38300000E-01,+6.38300000E-01,+6.38300000E-01,+6.38300000E-01,+6.38300000E-01,+6.38300000E-01\u000a
p187
aV+6.26300000E-01,+6.26300000E-01,+6.26300000E-01,+6.26300000E-01,+6.26800000E-01,+6.26300000E-01,+6.26300000E-01,+6.26800000E-01,+6.26800000E-01,+6.26800000E-01\u000a
p188
aV+6.17400000E-01,+6.18000000E-01,+6.17400000E-01,+6.17400000E-01,+6.17400000E-01,+6.17400000E-01,+6.18000000E-01,+6.18000000E-01,+6.17400000E-01,+6.18000000E-01\u000a
p189
aV+6.07000000E-01,+6.07000000E-01,+6.07000000E-01,+6.06500000E-01,+6.07000000E-01,+6.07000000E-01,+6.07000000E-01,+6.07000000E-01,+6.07000000E-01,+6.07000000E-01\u000a
p190
aV+5.98600000E-01,+5.98100000E-01,+5.98600000E-01,+5.98100000E-01,+5.98100000E-01,+5.98100000E-01,+5.97600000E-01,+5.98100000E-01,+5.98100000E-01,+5.98100000E-01\u000a
p191
aV+5.87100000E-01,+5.87100000E-01,+5.87100000E-01,+5.86600000E-01,+5.86600000E-01,+5.87100000E-01,+5.86600000E-01,+5.87100000E-01,+5.87100000E-01,+5.87100000E-01\u000a
p192
aV+5.78300000E-01,+5.78300000E-01,+5.78800000E-01,+5.78800000E-01,+5.78300000E-01,+5.78300000E-01,+5.78300000E-01,+5.78300000E-01,+5.78300000E-01,+5.78300000E-01\u000a
p193
aV+5.66800000E-01,+5.67300000E-01,+5.67800000E-01,+5.67300000E-01,+5.67300000E-01,+5.67300000E-01,+5.67300000E-01,+5.67800000E-01,+5.67300000E-01,+5.67800000E-01\u000a
p194
aV+5.55300000E-01,+5.55300000E-01,+5.55800000E-01,+5.55300000E-01,+5.55300000E-01,+5.55800000E-01,+5.55300000E-01,+5.55300000E-01,+5.55300000E-01,+5.54800000E-01\u000a
p195
aV+5.46900000E-01,+5.46900000E-01,+5.46900000E-01,+5.46900000E-01,+5.47400000E-01,+5.46400000E-01,+5.46400000E-01,+5.46400000E-01,+5.46900000E-01,+5.46900000E-01\u000a
p196
aV+5.36000000E-01,+5.36500000E-01,+5.35400000E-01,+5.36000000E-01,+5.36000000E-01,+5.36000000E-01,+5.36500000E-01,+5.36000000E-01,+5.36500000E-01,+5.36500000E-01\u000a
p197
aV+5.27600000E-01,+5.27600000E-01,+5.27100000E-01,+5.27600000E-01,+5.27600000E-01,+5.27100000E-01,+5.27600000E-01,+5.27600000E-01,+5.27100000E-01,+5.27600000E-01\u000a
p198
aV+5.16600000E-01,+5.16600000E-01,+5.16600000E-01,+5.16600000E-01,+5.17100000E-01,+5.17100000E-01,+5.17100000E-01,+5.16600000E-01,+5.17100000E-01,+5.17100000E-01\u000a
p199
aV+5.07700000E-01,+5.07700000E-01,+5.07700000E-01,+5.08300000E-01,+5.08300000E-01,+5.07700000E-01,+5.08300000E-01,+5.07700000E-01,+5.07700000E-01,+5.07700000E-01\u000a
p200
aV+4.97300000E-01,+4.97800000E-01,+4.97300000E-01,+4.97300000E-01,+4.97800000E-01,+4.97800000E-01,+4.97800000E-01,+4.97800000E-01,+4.97800000E-01,+4.97800000E-01\u000a
p201
aV+4.88900000E-01,+4.88400000E-01,+4.88400000E-01,+4.88400000E-01,+4.88400000E-01,+4.88400000E-01,+4.88400000E-01,+4.88400000E-01,+4.88400000E-01,+4.88900000E-01\u000a
p202
aV+4.76900000E-01,+4.76900000E-01,+4.76400000E-01,+4.75900000E-01,+4.76900000E-01,+4.76900000E-01,+4.76400000E-01,+4.76400000E-01,+4.76400000E-01,+4.76900000E-01\u000a
p203
aV+4.67500000E-01,+4.67500000E-01,+4.67500000E-01,+4.67500000E-01,+4.67500000E-01,+4.67500000E-01,+4.67500000E-01,+4.67500000E-01,+4.67000000E-01,+4.67500000E-01\u000a
p204
aV+4.57600000E-01,+4.57100000E-01,+4.57100000E-01,+4.57100000E-01,+4.57600000E-01,+4.57100000E-01,+4.57100000E-01,+4.57100000E-01,+4.57100000E-01,+4.56600000E-01\u000a
p205
aV+4.48700000E-01,+4.48200000E-01,+4.48200000E-01,+4.48700000E-01,+4.48700000E-01,+4.48700000E-01,+4.48700000E-01,+4.48200000E-01,+4.48700000E-01,+4.48700000E-01\u000a
p206
aV+4.37700000E-01,+4.37200000E-01,+4.37200000E-01,+4.37200000E-01,+4.37200000E-01,+4.37700000E-01,+4.37200000E-01,+4.37200000E-01,+4.37200000E-01,+4.37200000E-01\u000a
p207
aV+4.28300000E-01,+4.28300000E-01,+4.28300000E-01,+4.28300000E-01,+4.28300000E-01,+4.27800000E-01,+4.28300000E-01,+4.28300000E-01,+4.28300000E-01,+4.28300000E-01\u000a
p208
aV+4.17900000E-01,+4.17900000E-01,+4.17400000E-01,+4.17400000E-01,+4.17400000E-01,+4.17900000E-01,+4.17900000E-01,+4.17900000E-01,+4.17900000E-01,+4.17900000E-01\u000a
p209
aV+4.05900000E-01,+4.05900000E-01,+4.05900000E-01,+4.05900000E-01,+4.05900000E-01,+4.06400000E-01,+4.05900000E-01,+4.05900000E-01,+4.05900000E-01,+4.05900000E-01\u000a
p210
aV+3.96500000E-01,+3.97000000E-01,+3.96500000E-01,+3.97000000E-01,+3.97000000E-01,+3.97000000E-01,+3.96500000E-01,+3.96500000E-01,+3.96500000E-01,+3.97000000E-01\u000a
p211
aV+3.86000000E-01,+3.86600000E-01,+3.86600000E-01,+3.86000000E-01,+3.86000000E-01,+3.86600000E-01,+3.86600000E-01,+3.86000000E-01,+3.86600000E-01,+3.86600000E-01\u000a
p212
aV+3.77700000E-01,+3.78200000E-01,+3.77700000E-01,+3.77700000E-01,+3.77200000E-01,+3.77700000E-01,+3.77700000E-01,+3.77700000E-01,+3.77700000E-01,+3.77700000E-01\u000a
p213
aV+3.66200000E-01,+3.66700000E-01,+3.66700000E-01,+3.66200000E-01,+3.66200000E-01,+3.66200000E-01,+3.66200000E-01,+3.66200000E-01,+3.66700000E-01,+3.66200000E-01\u000a
p214
aV+3.57300000E-01,+3.57800000E-01,+3.56800000E-01,+3.57300000E-01,+3.57300000E-01,+3.57300000E-01,+3.57300000E-01,+3.57300000E-01,+3.57300000E-01,+3.57300000E-01\u000a
p215
aV+3.46900000E-01,+3.46900000E-01,+3.46300000E-01,+3.46900000E-01,+3.47400000E-01,+3.46900000E-01,+3.46900000E-01,+3.47400000E-01,+3.46900000E-01,+3.47400000E-01\u000a
p216
aV+3.38000000E-01,+3.37500000E-01,+3.37500000E-01,+3.38000000E-01,+3.38000000E-01,+3.38000000E-01,+3.37500000E-01,+3.38000000E-01,+3.37500000E-01,+3.37500000E-01\u000a
p217
aV+3.26000000E-01,+3.26500000E-01,+3.26000000E-01,+3.26000000E-01,+3.25400000E-01,+3.26000000E-01,+3.26000000E-01,+3.26000000E-01,+3.26000000E-01,+3.25400000E-01\u000a
p218
aV+3.17100000E-01,+3.17100000E-01,+3.17100000E-01,+3.17100000E-01,+3.17100000E-01,+3.17100000E-01,+3.17600000E-01,+3.17100000E-01,+3.17600000E-01,+3.17100000E-01\u000a
p219
aV+3.07200000E-01,+3.06600000E-01,+3.07200000E-01,+3.06600000E-01,+3.07200000E-01,+3.07200000E-01,+3.07200000E-01,+3.07200000E-01,+3.07200000E-01,+3.06600000E-01\u000a
p220
aV+2.98300000E-01,+2.97800000E-01,+2.98300000E-01,+2.98300000E-01,+2.97800000E-01,+2.98300000E-01,+2.98300000E-01,+2.98300000E-01,+2.98800000E-01,+2.97800000E-01\u000a
p221
aV+2.86800000E-01,+2.86300000E-01,+2.86800000E-01,+2.86800000E-01,+2.86800000E-01,+2.86800000E-01,+2.86800000E-01,+2.86800000E-01,+2.86800000E-01,+2.86800000E-01\u000a
p222
aV+2.75800000E-01,+2.76300000E-01,+2.76300000E-01,+2.75800000E-01,+2.76300000E-01,+2.75800000E-01,+2.76300000E-01,+2.76300000E-01,+2.76300000E-01,+2.76900000E-01\u000a
p223
aV+2.67500000E-01,+2.66900000E-01,+2.66900000E-01,+2.67500000E-01,+2.67500000E-01,+2.68000000E-01,+2.66900000E-01,+2.67500000E-01,+2.67500000E-01,+2.67500000E-01\u000a
p224
aV+2.55400000E-01,+2.55400000E-01,+2.55400000E-01,+2.55400000E-01,+2.55400000E-01,+2.54900000E-01,+2.55400000E-01,+2.54900000E-01,+2.55400000E-01,+2.55400000E-01\u000a
p225
aV+2.46000000E-01,+2.46600000E-01,+2.46600000E-01,+2.46600000E-01,+2.46600000E-01,+2.46600000E-01,+2.46600000E-01,+2.46000000E-01,+2.46600000E-01,+2.46600000E-01\u000a
p226
aV+2.42400000E-01,+2.42400000E-01,+2.42400000E-01,+2.42400000E-01,+2.42400000E-01,+2.42400000E-01,+2.42400000E-01,+2.42400000E-01,+2.42400000E-01,+2.42400000E-01\u000a
p227
aV+2.31400000E-01,+2.31900000E-01,+2.31400000E-01,+2.31900000E-01,+2.31400000E-01,+2.32500000E-01,+2.31900000E-01,+2.31900000E-01,+2.31900000E-01,+2.31400000E-01\u000a
p228
aV+2.21500000E-01,+2.21500000E-01,+2.21500000E-01,+2.21000000E-01,+2.21500000E-01,+2.21500000E-01,+2.21500000E-01,+2.21000000E-01,+2.21500000E-01,+2.21000000E-01\u000a
p229
aV+2.12100000E-01,+2.12100000E-01,+2.12600000E-01,+2.12100000E-01,+2.12600000E-01,+2.12600000E-01,+2.12600000E-01,+2.12600000E-01,+2.12100000E-01,+2.12100000E-01\u000a
p230
aV+2.00600000E-01,+2.00600000E-01,+2.00100000E-01,+2.00600000E-01,+2.00600000E-01,+2.00100000E-01,+2.00600000E-01,+2.00100000E-01,+2.00600000E-01,+2.00600000E-01\u000a
p231
aV+1.91200000E-01,+1.92200000E-01,+1.91700000E-01,+1.91700000E-01,+1.91700000E-01,+1.91700000E-01,+1.91700000E-01,+1.91700000E-01,+1.91700000E-01,+1.91200000E-01\u000a
p232
aV+1.80700000E-01,+1.81300000E-01,+1.80700000E-01,+1.81300000E-01,+1.80700000E-01,+1.80700000E-01,+1.81300000E-01,+1.81300000E-01,+1.81300000E-01,+1.80700000E-01\u000a
p233
aV+1.72400000E-01,+1.72400000E-01,+1.72400000E-01,+1.71900000E-01,+1.71900000E-01,+1.72400000E-01,+1.71900000E-01,+1.72400000E-01,+1.72400000E-01,+1.71900000E-01\u000a
p234
aV+1.60900000E-01,+1.61400000E-01,+1.61400000E-01,+1.61400000E-01,+1.61400000E-01,+1.60400000E-01,+1.60900000E-01,+1.60900000E-01,+1.61400000E-01,+1.60900000E-01\u000a
p235
aV+1.52500000E-01,+1.52000000E-01,+1.52500000E-01,+1.52500000E-01,+1.52000000E-01,+1.52500000E-01,+1.52000000E-01,+1.52000000E-01,+1.52500000E-01,+1.52000000E-01\u000a
p236
aV+1.41600000E-01,+1.42100000E-01,+1.41600000E-01,+1.41600000E-01,+1.41600000E-01,+1.41000000E-01,+1.41600000E-01,+1.41600000E-01,+1.41600000E-01,+1.42100000E-01\u000a
p237
aV+1.29500000E-01,+1.29500000E-01,+1.29500000E-01,+1.29500000E-01,+1.30100000E-01,+1.29500000E-01,+1.30100000E-01,+1.30100000E-01,+1.30100000E-01,+1.29500000E-01\u000a
p238
aV+1.21200000E-01,+1.20700000E-01,+1.21200000E-01,+1.20700000E-01,+1.20700000E-01,+1.20100000E-01,+1.20700000E-01,+1.21200000E-01,+1.20700000E-01,+1.20700000E-01\u000a
p239
aV+1.10200000E-01,+1.10200000E-01,+1.10200000E-01,+1.10700000E-01,+1.10200000E-01,+1.10200000E-01,+1.10200000E-01,+1.10200000E-01,+1.10200000E-01,+1.10200000E-01\u000a
p240
aV+1.01300000E-01,+1.01900000E-01,+1.01900000E-01,+1.01300000E-01,+1.01900000E-01,+1.00800000E-01,+1.00800000E-01,+1.01900000E-01,+1.01900000E-01,+1.00800000E-01\u000a
p241
aV+9.04000000E-02,+9.04000000E-02,+8.93000000E-02,+8.98000000E-02,+9.04000000E-02,+8.93000000E-02,+8.98000000E-02,+8.98000000E-02,+9.04000000E-02,+8.98000000E-02\u000a
p242
aV+8.10000000E-02,+8.15000000E-02,+8.15000000E-02,+8.15000000E-02,+8.15000000E-02,+8.10000000E-02,+8.15000000E-02,+8.15000000E-02,+8.15000000E-02,+8.10000000E-02\u000a
p243
aV+7.05000000E-02,+7.00000000E-02,+7.05000000E-02,+7.00000000E-02,+7.05000000E-02,+7.10000000E-02,+7.05000000E-02,+7.05000000E-02,+7.10000000E-02,+7.10000000E-02\u000a
p244
aV+6.16000000E-02,+6.22000000E-02,+6.16000000E-02,+6.11000000E-02,+6.11000000E-02,+6.16000000E-02,+6.16000000E-02,+6.22000000E-02,+6.22000000E-02,+6.16000000E-02\u000a
p245
aV+4.96000000E-02,+5.01000000E-02,+5.01000000E-02,+4.96000000E-02,+4.96000000E-02,+5.01000000E-02,+4.96000000E-02,+4.96000000E-02,+5.01000000E-02,+4.96000000E-02\u000a
p246
aV+4.13000000E-02,+4.07000000E-02,+4.07000000E-02,+4.02000000E-02,+4.07000000E-02,+4.07000000E-02,+4.07000000E-02,+4.07000000E-02,+4.13000000E-02,+4.07000000E-02\u000a
p247
aV+2.98000000E-02,+3.03000000E-02,+3.03000000E-02,+3.08000000E-02,+3.03000000E-02,+3.03000000E-02,+3.03000000E-02,+2.98000000E-02,+2.98000000E-02,+3.08000000E-02\u000a
p248
aV+2.14000000E-02,+2.19000000E-02,+2.14000000E-02,+2.14000000E-02,+2.19000000E-02,+2.14000000E-02,+2.14000000E-02,+2.19000000E-02,+2.19000000E-02,+2.19000000E-02\u000a
p249
aV+1.04000000E-02,+9.90000000E-03,+1.10000000E-02,+1.10000000E-02,+1.04000000E-02,+1.10000000E-02,+9.90000000E-03,+9.90000000E-03,+9.90000000E-03,+1.04000000E-02\u000a
p250
a.