(lp0
V+9.37946000E-04,+1.46542600E-03,+1.47195300E-03,+1.46737500E-03,+1.46228300E-03,+1.46889400E-03,+1.47070600E-03,+1.48957500E-03,+1.48941800E-03,+1.47938100E-03\u000a
p1
aV+2.17982710E-02,+2.17902150E-02,+2.17880250E-02,+2.17838340E-02,+2.17784810E-02,+2.17741220E-02,+2.17661710E-02,+2.17582920E-02,+2.17629960E-02,+2.17699740E-02\u000a
p2
aV+4.08150270E-02,+4.08011140E-02,+4.07814070E-02,+4.07794270E-02,+4.07833250E-02,+4.07987670E-02,+4.08041310E-02,+4.08013660E-02,+4.08000450E-02,+4.08096210E-02\u000a
p3
aV+6.17620430E-02,+6.17738930E-02,+6.17829860E-02,+6.17689270E-02,+6.17706450E-02,+6.17730960E-02,+6.17687900E-02,+6.17686230E-02,+6.17637410E-02,+6.17640650E-02\u000a
p4
aV+8.12398720E-02,+8.12372950E-02,+8.12468710E-02,+8.12632350E-02,+8.12595890E-02,+8.12552620E-02,+8.12587410E-02,+8.12537540E-02,+8.12584470E-02,+8.12530620E-02\u000a
p5
aV+1.01291710E-01,+1.01292700E-01,+1.01293660E-01,+1.01287910E-01,+1.01285690E-01,+1.01294000E-01,+1.01299640E-01,+1.01293190E-01,+1.01309260E-01,+1.01329110E-01\u000a
p6
aV+1.20765180E-01,+1.20759120E-01,+1.20763400E-01,+1.20763400E-01,+1.20771040E-01,+1.20770520E-01,+1.20769470E-01,+1.20768530E-01,+1.20754830E-01,+1.20736730E-01\u000a
p7
aV+1.41511620E-01,+1.41519880E-01,+1.41523330E-01,+1.41515380E-01,+1.41512660E-01,+1.41508060E-01,+1.41522390E-01,+1.41519150E-01,+1.41521030E-01,+1.41512030E-01\u000a
p8
aV+1.60971900E-01,+1.60973880E-01,+1.60983400E-01,+1.60992820E-01,+1.60996160E-01,+1.60993650E-01,+1.60980890E-01,+1.61009550E-01,+1.60998050E-01,+1.60982250E-01\u000a
p9
aV+1.80868770E-01,+1.80854650E-01,+1.80860620E-01,+1.80873060E-01,+1.80876410E-01,+1.80859260E-01,+1.80866680E-01,+1.80880280E-01,+1.80880910E-01,+1.80885410E-01\u000a
p10
aV+2.00379790E-01,+2.00377390E-01,+2.00368290E-01,+2.00373940E-01,+2.00388790E-01,+2.00386280E-01,+2.00388680E-01,+2.00392240E-01,+2.00393080E-01,+2.00397050E-01\u000a
p11
aV+2.21337920E-01,+2.21329450E-01,+2.21329340E-01,+2.21336560E-01,+2.21331330E-01,+2.21330180E-01,+2.21331750E-01,+2.21319300E-01,+2.21321710E-01,+2.21322130E-01\u000a
p12
aV+2.42309630E-01,+2.42308060E-01,+2.42305760E-01,+2.42308370E-01,+2.42311090E-01,+2.42315280E-01,+2.42332430E-01,+2.42332430E-01,+2.42328140E-01,+2.42328560E-01\u000a
p13
aV+2.55294520E-01,+2.55287830E-01,+2.55289190E-01,+2.55286990E-01,+2.55276950E-01,+2.55286470E-01,+2.55286780E-01,+2.55301430E-01,+2.55290440E-01,+2.55273400E-01\u000a
p14
aV+2.76224200E-01,+2.76223570E-01,+2.76228800E-01,+2.76231100E-01,+2.76219700E-01,+2.76216150E-01,+2.76228490E-01,+2.76226610E-01,+2.76220230E-01,+2.76223990E-01\u000a
p15
aV+2.98202460E-01,+2.98204760E-01,+2.98216900E-01,+2.98201830E-01,+2.98212290E-01,+2.98203930E-01,+2.98205080E-01,+2.98200680E-01,+2.98193890E-01,+2.98198800E-01\u000a
p16
aV+3.17235150E-01,+3.17240800E-01,+3.17245820E-01,+3.17247910E-01,+3.17241220E-01,+3.17246660E-01,+3.17239750E-01,+3.17231280E-01,+3.16413750E-01,+3.17229820E-01\u000a
p17
aV+3.37972580E-01,+3.37969340E-01,+3.37956890E-01,+3.37960130E-01,+3.37964840E-01,+3.37982520E-01,+3.37973520E-01,+3.37980740E-01,+3.37980210E-01,+3.37974980E-01\u000a
p18
aV+3.57440210E-01,+3.57447010E-01,+3.57454440E-01,+3.57467200E-01,+3.57465730E-01,+3.57474940E-01,+3.57473470E-01,+3.57482780E-01,+3.57488950E-01,+3.57485920E-01\u000a
p19
aV+3.77781830E-01,+3.77779640E-01,+3.77786330E-01,+3.77784760E-01,+3.77773260E-01,+3.77780890E-01,+3.77789990E-01,+3.77788950E-01,+3.77785290E-01,+3.77795430E-01\u000a
p20
aV+3.96974360E-01,+3.96989000E-01,+3.96983140E-01,+3.96981780E-01,+3.96993710E-01,+3.97001340E-01,+3.97005420E-01,+3.97003640E-01,+3.97004590E-01,+3.96999770E-01\u000a
p21
aV+4.17937290E-01,+4.17931530E-01,+4.17931110E-01,+4.17921070E-01,+4.17915630E-01,+4.17893670E-01,+4.17904130E-01,+4.17906430E-01,+4.17914690E-01,+4.17910300E-01\u000a
p22
aV+4.37413920E-01,+4.37407020E-01,+4.37396870E-01,+4.37393320E-01,+4.37389870E-01,+4.37392690E-01,+4.37396770E-01,+4.37391960E-01,+4.37384010E-01,+4.37386000E-01\u000a
p23
aV+4.57263110E-01,+4.57256830E-01,+4.57257140E-01,+4.57256100E-01,+4.57247730E-01,+4.57252330E-01,+4.57253380E-01,+4.57245010E-01,+4.57229530E-01,+4.57216350E-01\u000a
p24
aV+4.76724580E-01,+4.76732000E-01,+4.76726460E-01,+4.76722800E-01,+4.76711080E-01,+4.76733360E-01,+4.76711610E-01,+4.76712340E-01,+4.76715370E-01,+4.76741000E-01\u000a
p25
aV+4.97501860E-01,+4.97506770E-01,+4.97499140E-01,+4.97518280E-01,+4.97512940E-01,+4.97516500E-01,+4.97517960E-01,+4.97521620E-01,+4.97518590E-01,+4.97515980E-01\u000a
p26
aV+5.16990300E-01,+5.17000240E-01,+5.16997210E-01,+5.17007980E-01,+5.17005470E-01,+5.16989570E-01,+5.16982560E-01,+5.16995430E-01,+5.16989150E-01,+5.16997520E-01\u000a
p27
aV+5.36154590E-01,+5.36161070E-01,+5.36159300E-01,+5.36170910E-01,+5.36164840E-01,+5.36177610E-01,+5.36187120E-01,+5.36183570E-01,+5.36189010E-01,+5.36189950E-01\u000a
p28
aV+5.55651920E-01,+5.55652550E-01,+5.55654330E-01,+5.55655790E-01,+5.55649410E-01,+5.55648680E-01,+5.55633830E-01,+5.55632880E-01,+5.55632050E-01,+5.55635810E-01\u000a
p29
aV+5.78253720E-01,+5.78247030E-01,+5.78266170E-01,+5.78272240E-01,+5.78258120E-01,+5.78261150E-01,+5.78256440E-01,+5.78243270E-01,+5.78240340E-01,+5.78246400E-01\u000a
p30
aV+5.98092680E-01,+5.98129490E-01,+5.98129490E-01,+5.98117670E-01,+5.98095710E-01,+5.98102510E-01,+5.98118200E-01,+5.98127510E-01,+5.98134720E-01,+5.98115060E-01\u000a
p31
aV+6.17576700E-01,+6.17582240E-01,+6.17594900E-01,+6.17607240E-01,+6.17603790E-01,+6.17595740E-01,+6.17582350E-01,+6.17585590E-01,+6.17592810E-01,+6.17578160E-01\u000a
p32
aV+6.38336620E-01,+6.38319880E-01,+6.38321970E-01,+6.38330340E-01,+6.38334320E-01,+6.38333580E-01,+6.38325840E-01,+6.38333270E-01,+6.38331280E-01,+6.38319460E-01\u000a
p33
aV+6.57839390E-01,+6.57829980E-01,+6.57825270E-01,+6.57832700E-01,+6.57831340E-01,+6.57818680E-01,+6.57818060E-01,+6.57809690E-01,+6.57826000E-01,+6.57835520E-01\u000a
p34
aV+6.77872490E-01,+6.77852090E-01,+6.77864540E-01,+6.77871340E-01,+6.77880330E-01,+6.77860140E-01,+6.77840580E-01,+6.77852090E-01,+6.77847380E-01,+6.77857210E-01\u000a
p35
aV+6.97338650E-01,+6.97335100E-01,+6.97333840E-01,+6.97339280E-01,+6.97336250E-01,+6.97334570E-01,+6.97332690E-01,+6.97342730E-01,+6.97336460E-01,+6.97328610E-01\u000a
p36
aV+7.18282470E-01,+7.18288540E-01,+7.18288540E-01,+7.18274840E-01,+7.18290530E-01,+7.18295340E-01,+7.18293660E-01,+7.18293980E-01,+7.18295760E-01,+7.18296490E-01\u000a
p37
aV+7.37358180E-01,+7.37350860E-01,+7.37347410E-01,+7.37341340E-01,+7.37353050E-01,+7.37349390E-01,+7.37362360E-01,+7.37358700E-01,+7.37366440E-01,+7.37357760E-01\u000a
p38
aV+7.57672100E-01,+7.57666770E-01,+7.57662690E-01,+7.57666870E-01,+7.57664470E-01,+7.57673050E-01,+7.57676390E-01,+7.57686540E-01,+7.57679840E-01,+7.57672310E-01\u000a
p39
aV+7.77217890E-01,+7.77207950E-01,+7.77195720E-01,+7.77186410E-01,+7.77188080E-01,+7.77185150E-01,+7.77187660E-01,+7.77179820E-01,+7.77183370E-01,+7.77194980E-01\u000a
p40
aV+7.97938700E-01,+7.97946860E-01,+7.97959510E-01,+7.97958570E-01,+7.97943720E-01,+7.97960040E-01,+7.97951980E-01,+7.97942460E-01,+7.97916630E-01,+7.97893930E-01\u000a
p41
aV+8.15466230E-01,+8.15459740E-01,+8.15471560E-01,+8.15473760E-01,+8.15493630E-01,+8.15496770E-01,+8.15515390E-01,+8.15519260E-01,+8.15513510E-01,+8.15497610E-01\u000a
p42
aV+8.35772210E-01,+8.35774620E-01,+8.35775140E-01,+8.35783720E-01,+8.35784660E-01,+8.35770960E-01,+8.35775350E-01,+8.35765210E-01,+8.35771590E-01,+8.35772630E-01\u000a
p43
aV+8.58389580E-01,+8.58398580E-01,+8.58395860E-01,+8.58400770E-01,+8.58398580E-01,+8.58393240E-01,+8.58402550E-01,+8.58397740E-01,+8.58372640E-01,+8.58368980E-01\u000a
p44
aV+8.77382430E-01,+8.77380860E-01,+8.77379920E-01,+8.77380230E-01,+8.77396970E-01,+8.77397800E-01,+8.77396440E-01,+8.77400840E-01,+8.77394980E-01,+8.77407430E-01\u000a
p45
aV+8.97704100E-01,+8.97697310E-01,+8.97694800E-01,+8.97671470E-01,+8.97664670E-01,+8.97672730E-01,+8.97691970E-01,+8.97684440E-01,+8.97695630E-01,+8.97700340E-01\u000a
p46
aV+9.17195380E-01,+9.17192660E-01,+9.17195580E-01,+9.17191820E-01,+9.17189410E-01,+9.17175290E-01,+9.17171420E-01,+9.17178330E-01,+9.17177380E-01,+9.17178220E-01\u000a
p47
aV+9.37926000E-01,+9.37928830E-01,+9.37916490E-01,+9.37912200E-01,+9.37912620E-01,+9.37901420E-01,+9.37896190E-01,+9.37897350E-01,+9.37895250E-01,+9.37902580E-01\u000a
p48
aV+9.57106540E-01,+9.57105180E-01,+9.57098070E-01,+9.57109680E-01,+9.57128710E-01,+9.57104550E-01,+9.57104970E-01,+9.57102670E-01,+9.57116370E-01,+9.57123170E-01\u000a
p49
aV+9.77359700E-01,+9.77357720E-01,+9.77360640E-01,+9.77354580E-01,+9.77361900E-01,+9.77362630E-01,+9.77361800E-01,+9.77356250E-01,+9.77347780E-01,+9.77339310E-01\u000a
p50
aV+9.96827860E-01,+9.96849200E-01,+9.96850560E-01,+9.96844070E-01,+9.96840310E-01,+9.96842080E-01,+9.96825350E-01,+9.96818860E-01,+9.96817190E-01,+9.96811650E-01\u000a
p51
aV+1.01733480E+00,+1.01733860E+00,+1.01733870E+00,+1.01732890E+00,+1.01732410E+00,+1.01733530E+00,+1.01734170E+00,+1.01733890E+00,+1.01734300E+00,+1.01735340E+00\u000a
p52
aV+1.03682640E+00,+1.03683010E+00,+1.03683030E+00,+1.03683030E+00,+1.03682250E+00,+1.03682370E+00,+1.03681550E+00,+1.03681340E+00,+1.03681510E+00,+1.03680800E+00\u000a
p53
aV+1.05715070E+00,+1.05715020E+00,+1.05715030E+00,+1.05715190E+00,+1.05715580E+00,+1.05714350E+00,+1.05715960E+00,+1.05715640E+00,+1.05715770E+00,+1.05715480E+00\u000a
p54
aV+1.07664110E+00,+1.07663310E+00,+1.07663610E+00,+1.07664720E+00,+1.07665390E+00,+1.07664800E+00,+1.07663760E+00,+1.07663970E+00,+1.07663100E+00,+1.07664120E+00\u000a
p55
aV+1.09621130E+00,+1.09619070E+00,+1.09619470E+00,+1.09620130E+00,+1.09620160E+00,+1.09620010E+00,+1.09620140E+00,+1.09620700E+00,+1.09620350E+00,+1.09620200E+00\u000a
p56
aV+1.11569540E+00,+1.11567440E+00,+1.11567850E+00,+1.11567360E+00,+1.11567630E+00,+1.11568820E+00,+1.11567480E+00,+1.11567520E+00,+1.11566710E+00,+1.11566570E+00\u000a
p57
aV+1.13767370E+00,+1.13767220E+00,+1.13767980E+00,+1.13768040E+00,+1.13767670E+00,+1.13768110E+00,+1.13768180E+00,+1.13766560E+00,+1.13766240E+00,+1.13767170E+00\u000a
p58
aV+1.15819090E+00,+1.15818520E+00,+1.15818950E+00,+1.15818710E+00,+1.15817020E+00,+1.15817310E+00,+1.15818250E+00,+1.15819120E+00,+1.15821370E+00,+1.15820770E+00\u000a
p59
aV+1.15818150E+00,+1.15817830E+00,+1.15819130E+00,+1.15818230E+00,+1.15818780E+00,+1.15820170E+00,+1.15818320E+00,+1.15818510E+00,+1.15818510E+00,+1.15818020E+00\u000a
p60
aV+1.19800890E+00,+1.19799530E+00,+1.19799950E+00,+1.19799440E+00,+1.19799550E+00,+1.19800150E+00,+1.19798010E+00,+1.19798540E+00,+1.19800030E+00,+1.19799490E+00\u000a
p61
aV+1.21747150E+00,+1.21745780E+00,+1.21745890E+00,+1.21744960E+00,+1.21745580E+00,+1.21746000E+00,+1.21745890E+00,+1.21745580E+00,+1.21744020E+00,+1.21745380E+00\u000a
p62
aV+1.23793890E+00,+1.23794110E+00,+1.23793380E+00,+1.23794530E+00,+1.23794320E+00,+1.23794220E+00,+1.23794630E+00,+1.23794530E+00,+1.23794830E+00,+1.23793800E+00\u000a
p63
aV+1.25740140E+00,+1.25743180E+00,+1.25742240E+00,+1.25740670E+00,+1.25740870E+00,+1.25739840E+00,+1.25740450E+00,+1.25740030E+00,+1.25740450E+00,+1.25740360E+00\u000a
p64
aV+1.27770630E+00,+1.27771140E+00,+1.27770940E+00,+1.27771250E+00,+1.27772300E+00,+1.27772620E+00,+1.27773030E+00,+1.27773340E+00,+1.27772200E+00,+1.27771670E+00\u000a
p65
aV+1.29710700E+00,+1.29711450E+00,+1.29710510E+00,+1.29711450E+00,+1.29711450E+00,+1.29712280E+00,+1.29712070E+00,+1.29710920E+00,+1.29710290E+00,+1.29711650E+00\u000a
p66
aV+1.29713430E+00,+1.29713520E+00,+1.29714270E+00,+1.29712490E+00,+1.29712910E+00,+1.29712790E+00,+1.29711850E+00,+1.29710820E+00,+1.29711450E+00,+1.29710610E+00\u000a
p67
aV+1.33567690E+00,+1.33566750E+00,+1.33567160E+00,+1.33568620E+00,+1.33567060E+00,+1.33566750E+00,+1.33565270E+00,+1.33565690E+00,+1.33565490E+00,+1.33565690E+00\u000a
p68
aV+1.35375390E+00,+1.35375080E+00,+1.35373400E+00,+1.35373310E+00,+1.35372370E+00,+1.35372370E+00,+1.35373310E+00,+1.35374240E+00,+1.35374460E+00,+1.35374550E+00\u000a
p69
aV+1.36643220E+00,+1.36642490E+00,+1.36641330E+00,+1.36641440E+00,+1.36641440E+00,+1.36642070E+00,+1.36641860E+00,+1.36641750E+00,+1.36641660E+00,+1.36642180E+00\u000a
p70
aV+1.38174920E+00,+1.38175330E+00,+1.38175020E+00,+1.38175330E+00,+1.38175640E+00,+1.38176170E+00,+1.38175020E+00,+1.38175110E+00,+1.38175230E+00,+1.38174700E+00\u000a
p71
aV+1.39801460E+00,+1.39800210E+00,+1.39798430E+00,+1.39796980E+00,+1.39796770E+00,+1.39796980E+00,+1.39799070E+00,+1.39799070E+00,+1.39798760E+00,+1.39796860E+00\u000a
p72
aV+1.41243740E+00,+1.41241540E+00,+1.41239560E+00,+1.41238620E+00,+1.41238830E+00,+1.41238830E+00,+1.41237560E+00,+1.41237990E+00,+1.41238080E+00,+1.41238500E+00\u000a
p73
aV+1.42502320E+00,+1.42500030E+00,+1.42498570E+00,+1.42497520E+00,+1.42496480E+00,+1.42495850E+00,+1.42495540E+00,+1.42496690E+00,+1.42495540E+00,+1.42495650E+00\u000a
p74
aV+1.43781720E+00,+1.43777850E+00,+1.43775140E+00,+1.43773160E+00,+1.43772520E+00,+1.43771170E+00,+1.43770750E+00,+1.43770650E+00,+1.43770430E+00,+1.43769920E+00\u000a
p75
aV+1.44956850E+00,+1.44952550E+00,+1.44949530E+00,+1.44948060E+00,+1.44948480E+00,+1.44947640E+00,+1.44946810E+00,+1.44945880E+00,+1.44946280E+00,+1.44945670E+00\u000a
p76
aV+1.46158510E+00,+1.46152240E+00,+1.46148480E+00,+1.46146910E+00,+1.46145330E+00,+1.46144400E+00,+1.46144600E+00,+1.46143250E+00,+1.46142840E+00,+1.46142930E+00\u000a
p77
aV+1.47240230E+00,+1.47232710E+00,+1.47229560E+00,+1.47228000E+00,+1.47226650E+00,+1.47224760E+00,+1.47224980E+00,+1.47223400E+00,+1.47222470E+00,+1.47221630E+00\u000a
p78
aV+1.48335850E+00,+1.48327600E+00,+1.48323520E+00,+1.48320810E+00,+1.48317880E+00,+1.48316830E+00,+1.48316300E+00,+1.48315790E+00,+1.48314960E+00,+1.48315160E+00\u000a
p79
aV+1.49341820E+00,+1.49333570E+00,+1.49328770E+00,+1.49325840E+00,+1.49323550E+00,+1.49322290E+00,+1.49320940E+00,+1.49320620E+00,+1.49320520E+00,+1.49320520E+00\u000a
p80
aV+1.50357830E+00,+1.50347810E+00,+1.50341540E+00,+1.50338510E+00,+1.50336740E+00,+1.50336740E+00,+1.50334860E+00,+1.50334650E+00,+1.50332980E+00,+1.50331620E+00\u000a
p81
aV+1.51294870E+00,+1.51284930E+00,+1.51279510E+00,+1.51276260E+00,+1.51273440E+00,+1.51272190E+00,+1.51270200E+00,+1.51269060E+00,+1.51267910E+00,+1.51267170E+00\u000a
p82
aV+1.52242440E+00,+1.52230640E+00,+1.52224150E+00,+1.52221130E+00,+1.52218730E+00,+1.52216220E+00,+1.52215810E+00,+1.52214870E+00,+1.52214130E+00,+1.52213300E+00\u000a
p83
aV+1.53119600E+00,+1.53108540E+00,+1.53102680E+00,+1.53098820E+00,+1.53096520E+00,+1.53095260E+00,+1.53094640E+00,+1.53093060E+00,+1.53092230E+00,+1.53091500E+00\u000a
p84
aV+1.53991750E+00,+1.53978810E+00,+1.53971280E+00,+1.53965220E+00,+1.53961040E+00,+1.53959680E+00,+1.53957700E+00,+1.53957390E+00,+1.53956870E+00,+1.53956970E+00\u000a
p85
aV+1.54927210E+00,+1.54910500E+00,+1.54902030E+00,+1.54897120E+00,+1.54893780E+00,+1.54890960E+00,+1.54889090E+00,+1.54887090E+00,+1.54887830E+00,+1.54887310E+00\u000a
p86
aV+1.54884180E+00,+1.54883650E+00,+1.54882820E+00,+1.54883020E+00,+1.54881250E+00,+1.54882400E+00,+1.54882290E+00,+1.54880420E+00,+1.54879780E+00,+1.54881350E+00\u000a
p87
aV+1.56578010E+00,+1.56544890E+00,+1.56526090E+00,+1.56514600E+00,+1.56507080E+00,+1.56502170E+00,+1.56497570E+00,+1.56494530E+00,+1.56491300E+00,+1.56489730E+00\u000a
p88
aV+1.57281220E+00,+1.57263460E+00,+1.57254590E+00,+1.57248210E+00,+1.57243920E+00,+1.57239540E+00,+1.57236720E+00,+1.57234100E+00,+1.57235050E+00,+1.57236610E+00\u000a
p89
aV+1.58049350E+00,+1.58031370E+00,+1.58021550E+00,+1.58016860E+00,+1.58012580E+00,+1.58010070E+00,+1.58008700E+00,+1.58007140E+00,+1.58007140E+00,+1.58006520E+00\u000a
p90
aV+1.58768650E+00,+1.58750360E+00,+1.58741180E+00,+1.58734600E+00,+1.58730420E+00,+1.58725820E+00,+1.58722060E+00,+1.58719550E+00,+1.58717040E+00,+1.58717150E+00\u000a
p91
aV+1.59508220E+00,+1.59487110E+00,+1.59474990E+00,+1.59468410E+00,+1.59465280E+00,+1.59462050E+00,+1.59461410E+00,+1.59460060E+00,+1.59459320E+00,+1.59457650E+00\u000a
p92
aV+1.60182190E+00,+1.60162340E+00,+1.60151160E+00,+1.60144680E+00,+1.60139030E+00,+1.60136630E+00,+1.60133400E+00,+1.60130780E+00,+1.60130050E+00,+1.60130270E+00\u000a
p93
aV+1.60867950E+00,+1.60845910E+00,+1.60834410E+00,+1.60827730E+00,+1.60822610E+00,+1.60819990E+00,+1.60818120E+00,+1.60816340E+00,+1.60814660E+00,+1.60813320E+00\u000a
p94
aV+1.61494270E+00,+1.61472650E+00,+1.61460640E+00,+1.61455930E+00,+1.61451220E+00,+1.61448620E+00,+1.61447370E+00,+1.61447470E+00,+1.61444750E+00,+1.61442150E+00\u000a
p95
aV+1.62166880E+00,+1.62143380E+00,+1.62129580E+00,+1.62122780E+00,+1.62119130E+00,+1.62117770E+00,+1.62115680E+00,+1.62115060E+00,+1.62114020E+00,+1.62112660E+00\u000a
p96
aV+1.62782020E+00,+1.62759140E+00,+1.62746920E+00,+1.62739290E+00,+1.62736360E+00,+1.62733760E+00,+1.62729580E+00,+1.62726340E+00,+1.62725820E+00,+1.62724980E+00\u000a
p97
aV+1.63547700E+00,+1.63518140E+00,+1.63503200E+00,+1.63494530E+00,+1.63488160E+00,+1.63482840E+00,+1.63478550E+00,+1.63475930E+00,+1.63473220E+00,+1.63472080E+00\u000a
p98
aV+1.64112920E+00,+1.64089090E+00,+1.64076980E+00,+1.64070290E+00,+1.64064550E+00,+1.64060060E+00,+1.64056820E+00,+1.64054930E+00,+1.64053150E+00,+1.64052730E+00\u000a
p99
aV+1.64047210E+00,+1.64046460E+00,+1.64047620E+00,+1.64047300E+00,+1.64046680E+00,+1.64044790E+00,+1.64043550E+00,+1.64043230E+00,+1.64043440E+00,+1.64045220E+00\u000a
p100
aV+1.65439830E+00,+1.65385940E+00,+1.65357090E+00,+1.65340180E+00,+1.65329200E+00,+1.65319910E+00,+1.65313330E+00,+1.65309150E+00,+1.65306640E+00,+1.65305480E+00\u000a
p101
aV+1.65897220E+00,+1.65873520E+00,+1.65859520E+00,+1.65851470E+00,+1.65845410E+00,+1.65841960E+00,+1.65839250E+00,+1.65837470E+00,+1.65835490E+00,+1.65833400E+00\u000a
p102
aV+1.66457630E+00,+1.66430560E+00,+1.66416140E+00,+1.66406750E+00,+1.66399640E+00,+1.66394200E+00,+1.66389710E+00,+1.66387840E+00,+1.66385440E+00,+1.66384380E+00\u000a
p103
aV+1.66969440E+00,+1.66943120E+00,+1.66935590E+00,+1.66929230E+00,+1.66918780E+00,+1.66913760E+00,+1.66908440E+00,+1.66904670E+00,+1.66910210E+00,+1.66912200E+00\u000a
p104
aV+1.67516570E+00,+1.67496610E+00,+1.67479070E+00,+1.67463910E+00,+1.67458270E+00,+1.67452530E+00,+1.67447420E+00,+1.67445420E+00,+1.67445950E+00,+1.67442910E+00\u000a
p105
aV+1.68006570E+00,+1.67980240E+00,+1.67970630E+00,+1.67968130E+00,+1.67965620E+00,+1.67964050E+00,+1.67960500E+00,+1.67957570E+00,+1.67955270E+00,+1.67948690E+00\u000a
p106
aV+1.68520900E+00,+1.68492480E+00,+1.68484540E+00,+1.68482760E+00,+1.68479210E+00,+1.68476080E+00,+1.68472630E+00,+1.68467410E+00,+1.68466150E+00,+1.68462390E+00\u000a
p107
aV+1.69015270E+00,+1.68989780E+00,+1.68974840E+00,+1.68963870E+00,+1.68957080E+00,+1.68953730E+00,+1.68946520E+00,+1.68940460E+00,+1.68940260E+00,+1.68945170E+00\u000a
p108
aV+1.69512360E+00,+1.69484360E+00,+1.69465450E+00,+1.69449150E+00,+1.69439750E+00,+1.69440270E+00,+1.69439640E+00,+1.69434000E+00,+1.69428780E+00,+1.69427000E+00\u000a
p109
aV+1.69954800E+00,+1.69935060E+00,+1.69924610E+00,+1.69917190E+00,+1.69906120E+00,+1.69903300E+00,+1.69899010E+00,+1.69894210E+00,+1.69889920E+00,+1.69944460E+00\u000a
p110
aV+1.70671390E+00,+1.70649760E+00,+1.70640360E+00,+1.70638480E+00,+1.70637020E+00,+1.70637120E+00,+1.70636810E+00,+1.70635660E+00,+1.70636290E+00,+1.70636180E+00\u000a
p111
aV+1.71163880E+00,+1.71135570E+00,+1.71118020E+00,+1.71107360E+00,+1.71100260E+00,+1.71094610E+00,+1.71090120E+00,+1.71087720E+00,+1.71083960E+00,+1.71081560E+00\u000a
p112
aV+1.71603500E+00,+1.71571120E+00,+1.71554300E+00,+1.71543230E+00,+1.71535180E+00,+1.71529330E+00,+1.71524210E+00,+1.71519300E+00,+1.71515960E+00,+1.71514910E+00\u000a
p113
aV+1.72090670E+00,+1.72054840E+00,+1.72037490E+00,+1.72025790E+00,+1.72018900E+00,+1.72014400E+00,+1.72010220E+00,+1.72006250E+00,+1.72001450E+00,+1.71998420E+00\u000a
p114
aV+1.72496660E+00,+1.72466150E+00,+1.72448700E+00,+1.72436900E+00,+1.72429270E+00,+1.72424150E+00,+1.72418400E+00,+1.72414750E+00,+1.72411930E+00,+1.72409840E+00\u000a
p115
aV+1.72927920E+00,+1.72894910E+00,+1.72875690E+00,+1.72863570E+00,+1.72855940E+00,+1.72849460E+00,+1.72843930E+00,+1.72839440E+00,+1.72836820E+00,+1.72834940E+00\u000a
p116
aV+1.73321060E+00,+1.73289820E+00,+1.73272790E+00,+1.73261930E+00,+1.73253260E+00,+1.73246360E+00,+1.73240930E+00,+1.73236330E+00,+1.73233930E+00,+1.73230900E+00\u000a
p117
aV+1.73737180E+00,+1.73705320E+00,+1.73687350E+00,+1.73673760E+00,+1.73665410E+00,+1.73659560E+00,+1.73654750E+00,+1.73650880E+00,+1.73649630E+00,+1.73646910E+00\u000a
p118
aV+1.74120910E+00,+1.74086230E+00,+1.74066690E+00,+1.74054990E+00,+1.74047990E+00,+1.74042140E+00,+1.74037650E+00,+1.74034200E+00,+1.74031900E+00,+1.74028250E+00\u000a
p119
aV+1.74526590E+00,+1.74489810E+00,+1.74469330E+00,+1.74455650E+00,+1.74446350E+00,+1.74438620E+00,+1.74431410E+00,+1.74427960E+00,+1.74425250E+00,+1.74423370E+00\u000a
p120
aV+1.74892560E+00,+1.74858290E+00,+1.74838330E+00,+1.74826220E+00,+1.74815980E+00,+1.74808670E+00,+1.74803960E+00,+1.74800520E+00,+1.74800410E+00,+1.74798740E+00\u000a
p121
aV+1.75280990E+00,+1.75245050E+00,+1.75225520E+00,+1.75210260E+00,+1.75201800E+00,+1.75196370E+00,+1.75191350E+00,+1.75184880E+00,+1.75180380E+00,+1.75178820E+00\u000a
p122
aV+1.75620640E+00,+1.75590240E+00,+1.75572480E+00,+1.75557330E+00,+1.75550120E+00,+1.75542910E+00,+1.75538830E+00,+1.75535600E+00,+1.75535600E+00,+1.75536120E+00\u000a
p123
aV+1.76023070E+00,+1.75981700E+00,+1.75957360E+00,+1.75941270E+00,+1.75930510E+00,+1.75922460E+00,+1.75920370E+00,+1.75917140E+00,+1.75915050E+00,+1.75912750E+00\u000a
p124
aV+1.76364600E+00,+1.76331370E+00,+1.76312470E+00,+1.76301390E+00,+1.76294080E+00,+1.76287390E+00,+1.76285510E+00,+1.76281020E+00,+1.76278200E+00,+1.76273500E+00\u000a
p125
a.