(lp0
V-1.00000000E-04,-5.00000000E-05,+1.00000000E-04,+1.00000000E-04,+0.00000000E-05,-1.00000000E-04,+5.00000000E-05,+0.00000000E-05,-1.00000000E-04,+5.00000000E-05\u000a
p1
aV+5.00000000E-05,-5.00000000E-05,+0.00000000E-05,+0.00000000E-05,+5.00000000E-05,-5.00000000E-05,+0.00000000E-05,+0.00000000E-05,-5.00000000E-05,+5.00000000E-05\u000a
p2
aV+0.00000000E-05,-1.00000000E-04,+5.00000000E-05,-5.00000000E-05,+1.00000000E-04,+0.00000000E-05,-1.00000000E-04,+0.00000000E-05,+0.00000000E-05,-5.00000000E-05\u000a
p3
aV-1.50000000E-04,+1.00000000E-04,+0.00000000E-05,+5.00000000E-05,+5.00000000E-05,-1.00000000E-04,+5.00000000E-05,+5.00000000E-05,+1.00000000E-04,-1.00000000E-04\u000a
p4
aV+5.00000000E-05,+5.00000000E-05,-5.00000000E-05,-5.00000000E-05,+0.00000000E-05,+5.00000000E-05,+0.00000000E-05,+5.00000000E-05,+0.00000000E-05,+5.00000000E-05\u000a
p5
aV+5.00000000E-05,+0.00000000E-05,+5.00000000E-05,+5.00000000E-05,+5.00000000E-05,+0.00000000E-05,+0.00000000E-05,+0.00000000E-05,-1.00000000E-04,-1.50000000E-04\u000a
p6
aV+5.00000000E-05,+0.00000000E-05,-5.00000000E-05,-5.00000000E-05,+0.00000000E-05,+0.00000000E-05,-5.00000000E-05,+0.00000000E-05,+0.00000000E-05,+5.00000000E-05\u000a
p7
aV+1.00000000E-04,-5.00000000E-05,+5.00000000E-05,-5.00000000E-05,+1.00000000E-04,+0.00000000E-05,+0.00000000E-05,+5.00000000E-05,-1.00000000E-04,+0.00000000E-05\u000a
p8
aV+0.00000000E-05,+0.00000000E-05,+0.00000000E-05,-5.00000000E-05,+5.00000000E-05,-1.50000000E-04,-1.00000000E-04,+0.00000000E-05,-5.00000000E-05,-1.50000000E-04\u000a
p9
aV+5.00000000E-05,+0.00000000E-05,-1.00000000E-04,+0.00000000E-05,-1.00000000E-04,+0.00000000E-05,-5.00000000E-05,+0.00000000E-05,-5.00000000E-05,+5.00000000E-05\u000a
p10
aV-5.00000000E-05,-5.00000000E-05,-5.00000000E-05,-5.00000000E-05,+1.00000000E-04,+0.00000000E-05,+5.00000000E-05,-1.00000000E-04,-1.50000000E-04,+0.00000000E-05\u000a
p11
aV+0.00000000E-05,-5.00000000E-05,+0.00000000E-05,-5.00000000E-05,+5.00000000E-05,+0.00000000E-05,-5.00000000E-05,-5.00000000E-05,-5.00000000E-05,-1.00000000E-04\u000a
p12
aV+0.00000000E-05,+1.00000000E-04,+0.00000000E-05,+0.00000000E-05,+0.00000000E-05,+0.00000000E-05,-5.00000000E-05,+5.00000000E-05,-5.00000000E-05,-5.00000000E-05\u000a
p13
aV+0.00000000E-05,+1.00000000E-04,+0.00000000E-05,+0.00000000E-05,+1.00000000E-04,-5.00000000E-05,+5.00000000E-05,+5.00000000E-05,+5.00000000E-05,+0.00000000E-05\u000a
p14
aV+5.00000000E-05,+0.00000000E-05,+1.50000000E-04,-5.00000000E-05,+0.00000000E-05,-5.00000000E-05,+0.00000000E-05,+0.00000000E-05,+5.00000000E-05,+0.00000000E-05\u000a
p15
aV-5.00000000E-05,+5.00000000E-05,-5.00000000E-05,+0.00000000E-05,+5.00000000E-05,-5.00000000E-05,+0.00000000E-05,+1.00000000E-04,+0.00000000E-05,+0.00000000E-05\u000a
p16
aV-5.00000000E-05,+0.00000000E-05,+5.00000000E-05,-5.00000000E-05,+1.00000000E-04,-5.00000000E-05,+0.00000000E-05,+0.00000000E-05,+0.00000000E-05,-5.00000000E-05\u000a
p17
aV+0.00000000E-05,+0.00000000E-05,+1.00000000E-04,+0.00000000E-05,+1.00000000E-04,+0.00000000E-05,+0.00000000E-05,-5.00000000E-05,+0.00000000E-05,-1.00000000E-04\u000a
p18
aV+0.00000000E-05,-1.00000000E-04,+0.00000000E-05,+5.00000000E-05,+0.00000000E-05,+5.00000000E-05,-5.00000000E-05,+5.00000000E-05,+0.00000000E-05,-1.00000000E-04\u000a
p19
aV+0.00000000E-05,+0.00000000E-05,+5.00000000E-05,+5.00000000E-05,+5.00000000E-05,+5.00000000E-05,+0.00000000E-05,-5.00000000E-05,+5.00000000E-05,+0.00000000E-05\u000a
p20
aV+5.00000000E-05,+5.00000000E-05,+0.00000000E-05,+5.00000000E-05,-5.00000000E-05,-5.00000000E-05,+5.00000000E-05,+0.00000000E-05,+0.00000000E-05,+0.00000000E-05\u000a
p21
aV+1.00000000E-04,-1.50000000E-04,-1.00000000E-04,+1.00000000E-04,-5.00000000E-05,+5.00000000E-05,+0.00000000E-05,-5.00000000E-05,+5.00000000E-05,+0.00000000E-05\u000a
p22
aV+5.00000000E-05,+0.00000000E-05,+5.00000000E-05,+5.00000000E-05,-5.00000000E-05,+0.00000000E-05,+5.00000000E-05,-5.00000000E-05,+5.00000000E-05,+0.00000000E-05\u000a
p23
aV-5.00000000E-05,+5.00000000E-05,-5.00000000E-05,-2.60000000E-04,-1.00000000E-04,+1.00000000E-04,+5.00000000E-05,-1.00000000E-04,+5.00000000E-05,+5.00000000E-05\u000a
p24
aV+0.00000000E-05,+5.00000000E-05,+1.00000000E-04,+0.00000000E-05,+0.00000000E-05,+5.00000000E-05,+5.00000000E-05,+1.00000000E-04,+0.00000000E-05,+0.00000000E-05\u000a
p25
aV+0.00000000E-05,+5.00000000E-05,-1.00000000E-04,+0.00000000E-05,-5.00000000E-05,-5.00000000E-05,+5.00000000E-05,+0.00000000E-05,-1.00000000E-04,+5.00000000E-05\u000a
p26
aV+5.00000000E-05,+5.00000000E-05,-5.00000000E-05,+5.00000000E-05,-5.00000000E-05,+0.00000000E-05,+5.00000000E-05,+0.00000000E-05,-5.00000000E-05,+0.00000000E-05\u000a
p27
aV+0.00000000E-05,+0.00000000E-05,-1.00000000E-04,+5.00000000E-05,+0.00000000E-05,+0.00000000E-05,+5.00000000E-05,+5.00000000E-05,+0.00000000E-05,+0.00000000E-05\u000a
p28
aV-1.00000000E-04,+0.00000000E-05,-5.00000000E-05,+0.00000000E-05,+1.00000000E-04,+5.00000000E-05,-5.00000000E-05,+0.00000000E-05,-5.00000000E-05,-5.00000000E-05\u000a
p29
aV+0.00000000E-05,+0.00000000E-05,+0.00000000E-05,+0.00000000E-05,-5.00000000E-05,+5.00000000E-05,+1.00000000E-04,+1.00000000E-04,-2.10000000E-04,-1.00000000E-04\u000a
p30
aV+0.00000000E-05,+0.00000000E-05,+0.00000000E-05,-5.00000000E-05,+0.00000000E-05,-5.00000000E-05,+0.00000000E-05,+0.00000000E-05,-5.00000000E-05,+0.00000000E-05\u000a
p31
aV-1.00000000E-04,+5.00000000E-05,+5.00000000E-05,+0.00000000E-05,+0.00000000E-05,+5.00000000E-05,+0.00000000E-05,+1.00000000E-04,+0.00000000E-05,-1.00000000E-04\u000a
p32
aV+5.00000000E-05,+5.00000000E-05,+5.00000000E-05,+0.00000000E-05,-5.00000000E-05,+0.00000000E-05,-3.60000000E-04,-5.00000000E-05,-5.00000000E-05,+5.00000000E-05\u000a
p33
aV-1.00000000E-04,+0.00000000E-05,+0.00000000E-05,+0.00000000E-05,+0.00000000E-05,-1.00000000E-04,-1.00000000E-04,+0.00000000E-05,-1.00000000E-04,+0.00000000E-05\u000a
p34
aV+0.00000000E-05,+0.00000000E-05,-5.00000000E-05,+5.00000000E-05,+0.00000000E-05,-1.00000000E-04,-5.00000000E-05,-5.00000000E-05,+1.00000000E-04,+0.00000000E-05\u000a
p35
aV+0.00000000E-05,+0.00000000E-05,+5.00000000E-05,+0.00000000E-05,+0.00000000E-05,-5.00000000E-05,+0.00000000E-05,+5.00000000E-05,+5.00000000E-05,-5.00000000E-05\u000a
p36
aV+0.00000000E-05,+5.00000000E-05,-5.00000000E-05,+5.00000000E-05,+0.00000000E-05,+1.00000000E-04,+0.00000000E-05,-5.00000000E-05,+5.00000000E-05,+5.00000000E-05\u000a
p37
aV+0.00000000E-05,+1.50000000E-04,+0.00000000E-05,-5.00000000E-05,+0.00000000E-05,-1.00000000E-04,+0.00000000E-05,+0.00000000E-05,-1.00000000E-04,+0.00000000E-05\u000a
p38
aV-5.00000000E-05,+0.00000000E-05,+0.00000000E-05,+0.00000000E-05,+0.00000000E-05,+5.00000000E-05,+0.00000000E-05,+0.00000000E-05,+1.00000000E-04,+5.00000000E-05\u000a
p39
aV+0.00000000E-05,+5.00000000E-05,+0.00000000E-05,-5.00000000E-05,-5.00000000E-05,+0.00000000E-05,-5.00000000E-05,+1.00000000E-04,+1.00000000E-04,-5.00000000E-05\u000a
p40
aV+5.00000000E-05,+5.00000000E-05,+5.00000000E-05,+5.00000000E-05,+0.00000000E-05,+1.00000000E-04,+0.00000000E-05,-5.00000000E-05,-1.00000000E-04,+0.00000000E-05\u000a
p41
aV+0.00000000E-05,+0.00000000E-05,-5.00000000E-05,-5.00000000E-05,+5.00000000E-05,+5.00000000E-05,+0.00000000E-05,-5.00000000E-05,-1.00000000E-04,+1.00000000E-04\u000a
p42
aV-1.00000000E-04,-1.00000000E-04,+5.00000000E-05,+0.00000000E-05,+5.00000000E-05,-5.00000000E-05,-1.00000000E-04,-1.00000000E-04,+5.00000000E-05,+5.00000000E-05\u000a
p43
aV-5.00000000E-05,+0.00000000E-05,-5.00000000E-05,-5.00000000E-05,-5.00000000E-05,+0.00000000E-05,-5.00000000E-05,+0.00000000E-05,+0.00000000E-05,-5.00000000E-05\u000a
p44
aV-5.00000000E-05,+0.00000000E-05,-1.00000000E-04,+5.00000000E-05,+0.00000000E-05,-1.00000000E-04,-5.00000000E-05,+5.00000000E-05,-5.00000000E-05,-5.00000000E-05\u000a
p45
aV+0.00000000E-05,+0.00000000E-05,-5.00000000E-05,-5.00000000E-05,-5.00000000E-05,-5.00000000E-05,-1.50000000E-04,+1.00000000E-04,+1.00000000E-04,-5.00000000E-05\u000a
p46
aV+0.00000000E-05,+0.00000000E-05,-5.00000000E-05,-5.00000000E-05,+5.00000000E-05,-5.00000000E-05,-5.00000000E-05,+0.00000000E-05,+1.00000000E-04,-5.00000000E-05\u000a
p47
aV+0.00000000E-05,-5.00000000E-05,+0.00000000E-05,+0.00000000E-05,-5.00000000E-05,+0.00000000E-05,+0.00000000E-05,+5.00000000E-05,+0.00000000E-05,-2.10000000E-04\u000a
p48
aV+5.00000000E-05,+0.00000000E-05,+0.00000000E-05,-5.00000000E-05,-5.00000000E-05,-5.00000000E-05,+5.00000000E-05,+0.00000000E-05,-5.00000000E-05,-1.00000000E-04\u000a
p49
aV-5.00000000E-05,-5.00000000E-05,+0.00000000E-05,+0.00000000E-05,-5.00000000E-05,-5.00000000E-05,-5.00000000E-05,+0.00000000E-05,-1.50000000E-04,-5.00000000E-05\u000a
p50
aV-5.00000000E-05,+1.00000000E-04,-1.00000000E-04,-1.00000000E-04,+0.00000000E-05,-1.00000000E-04,-1.00000000E-04,+1.00000000E-04,-2.10000000E-04,-5.00000000E-05\u000a
p51
aV+0.00000000E-05,+0.00000000E-05,-5.00000000E-05,+0.00000000E-05,-5.00000000E-05,+5.00000000E-05,+0.00000000E-05,-5.00000000E-05,+0.00000000E-05,-5.00000000E-05\u000a
p52
aV+0.00000000E-05,-1.00000000E-04,-1.00000000E-04,+5.00000000E-05,-5.00000000E-05,-5.00000000E-05,+1.00000000E-04,-1.00000000E-04,-5.00000000E-05,-5.00000000E-05\u000a
p53
aV-1.50000000E-04,+0.00000000E-05,-1.00000000E-04,-1.00000000E-04,-5.00000000E-05,+5.00000000E-05,-1.00000000E-04,+0.00000000E-05,-5.00000000E-05,-5.00000000E-05\u000a
p54
aV+1.00000000E-04,+0.00000000E-05,-1.00000000E-04,-5.00000000E-05,+0.00000000E-05,+1.00000000E-04,+0.00000000E-05,+5.00000000E-05,-1.50000000E-04,+5.00000000E-05\u000a
p55
aV-1.00000000E-04,-1.00000000E-04,+5.00000000E-05,+0.00000000E-05,-5.00000000E-05,+0.00000000E-05,-5.00000000E-05,+0.00000000E-05,-5.00000000E-05,+0.00000000E-05\u000a
p56
aV-1.00000000E-04,-5.00000000E-05,+0.00000000E-05,+0.00000000E-05,+0.00000000E-05,-5.00000000E-05,-1.00000000E-04,+0.00000000E-05,+0.00000000E-05,+5.00000000E-05\u000a
p57
aV-5.00000000E-05,+5.00000000E-05,-5.00000000E-05,-5.00000000E-05,+5.00000000E-05,-1.00000000E-04,-1.00000000E-04,+5.00000000E-05,+5.00000000E-05,+0.00000000E-05\u000a
p58
aV+5.00000000E-05,-5.00000000E-05,-1.00000000E-04,-5.00000000E-05,-1.00000000E-04,-1.00000000E-04,-5.00000000E-05,-1.00000000E-04,-1.50000000E-04,+0.00000000E-05\u000a
p59
aV+5.00000000E-05,+0.00000000E-05,+5.00000000E-05,+0.00000000E-05,+0.00000000E-05,-1.00000000E-04,+5.00000000E-05,+0.00000000E-05,+5.00000000E-05,+0.00000000E-05\u000a
p60
aV-5.00000000E-05,+0.00000000E-05,+0.00000000E-05,-5.00000000E-05,+0.00000000E-05,+0.00000000E-05,+0.00000000E-05,-5.00000000E-05,-1.00000000E-04,+0.00000000E-05\u000a
p61
aV+0.00000000E-05,-5.00000000E-05,+0.00000000E-05,+0.00000000E-05,+1.00000000E-04,-5.00000000E-05,-5.00000000E-05,+0.00000000E-05,+0.00000000E-05,-5.00000000E-05\u000a
p62
aV+0.00000000E-05,+1.00000000E-04,-5.00000000E-05,+0.00000000E-05,-5.00000000E-05,+0.00000000E-05,+5.00000000E-05,+5.00000000E-05,+0.00000000E-05,+5.00000000E-05\u000a
p63
aV-5.00000000E-05,-1.50000000E-04,+0.00000000E-05,-1.00000000E-04,-5.00000000E-05,+5.00000000E-05,-1.00000000E-04,-1.00000000E-04,+0.00000000E-05,+5.00000000E-05\u000a
p64
aV+0.00000000E-05,-1.50000000E-04,-1.00000000E-04,-5.00000000E-05,+0.00000000E-05,+0.00000000E-05,+0.00000000E-05,-1.00000000E-04,-5.00000000E-05,+0.00000000E-05\u000a
p65
aV+5.00000000E-05,+0.00000000E-05,-5.00000000E-05,+5.00000000E-05,+5.00000000E-05,+5.00000000E-05,-1.50000000E-04,+0.00000000E-05,-5.00000000E-05,-5.00000000E-05\u000a
p66
aV+1.50000000E-04,-5.00000000E-05,-5.00000000E-05,+1.00000000E-04,+0.00000000E-05,-1.00000000E-04,-1.00000000E-04,-5.00000000E-05,-5.00000000E-05,-5.00000000E-05\u000a
p67
aV+0.00000000E-05,+1.00000000E-04,-5.00000000E-05,-5.00000000E-05,+1.00000000E-04,+5.00000000E-05,-1.00000000E-04,+0.00000000E-05,-5.00000000E-05,-5.00000000E-05\u000a
p68
aV-1.00000000E-04,+0.00000000E-05,+0.00000000E-05,-1.00000000E-04,+5.00000000E-05,+0.00000000E-05,-1.00000000E-04,-5.00000000E-05,+0.00000000E-05,-5.00000000E-05\u000a
p69
aV-5.00000000E-05,+5.00000000E-05,+5.00000000E-05,+0.00000000E-05,-5.00000000E-05,+5.00000000E-05,+0.00000000E-05,+0.00000000E-05,+0.00000000E-05,+0.00000000E-05\u000a
p70
aV+0.00000000E-05,+0.00000000E-05,+0.00000000E-05,+0.00000000E-05,-5.00000000E-05,-1.00000000E-04,+5.00000000E-05,-5.00000000E-05,+0.00000000E-05,-5.00000000E-05\u000a
p71
aV-5.00000000E-05,-5.00000000E-05,+0.00000000E-05,-5.00000000E-05,+0.00000000E-05,+0.00000000E-05,+0.00000000E-05,-1.00000000E-04,+0.00000000E-05,-5.00000000E-05\u000a
p72
aV-1.00000000E-04,-1.00000000E-04,+0.00000000E-05,-5.00000000E-05,-5.00000000E-05,+0.00000000E-05,+0.00000000E-05,-5.00000000E-05,-5.00000000E-05,-5.00000000E-05\u000a
p73
aV-5.00000000E-05,-1.00000000E-04,+5.00000000E-05,+0.00000000E-05,+0.00000000E-05,+5.00000000E-05,-5.00000000E-05,-1.50000000E-04,-1.50000000E-04,-1.00000000E-04\u000a
p74
aV-5.00000000E-05,-5.00000000E-05,-1.00000000E-04,+5.00000000E-05,-5.00000000E-05,+0.00000000E-05,-1.00000000E-04,-1.00000000E-04,+0.00000000E-05,+0.00000000E-05\u000a
p75
aV-1.00000000E-04,-5.00000000E-05,-5.00000000E-05,-1.00000000E-04,+0.00000000E-05,-1.00000000E-04,-5.00000000E-05,-5.00000000E-05,-2.10000000E-04,-5.00000000E-05\u000a
p76
aV-5.00000000E-05,-5.00000000E-05,+0.00000000E-05,-1.00000000E-04,+0.00000000E-05,-1.00000000E-04,-5.00000000E-05,+0.00000000E-05,-5.00000000E-05,+0.00000000E-05\u000a
p77
aV+0.00000000E-05,+5.00000000E-05,-1.00000000E-04,-5.00000000E-05,-5.00000000E-05,+5.00000000E-05,-5.00000000E-05,-1.00000000E-04,-1.50000000E-04,+0.00000000E-05\u000a
p78
aV-5.00000000E-05,-5.00000000E-05,+0.00000000E-05,+0.00000000E-05,+5.00000000E-05,-5.00000000E-05,+0.00000000E-05,+0.00000000E-05,-5.00000000E-05,-5.00000000E-05\u000a
p79
aV-5.00000000E-05,-5.00000000E-05,+5.00000000E-05,+0.00000000E-05,+5.00000000E-05,+5.00000000E-05,-5.00000000E-05,-1.00000000E-04,-1.00000000E-04,-5.00000000E-05\u000a
p80
aV-5.00000000E-05,-5.00000000E-05,-1.00000000E-04,+5.00000000E-05,+0.00000000E-05,-1.00000000E-04,+0.00000000E-05,-5.00000000E-05,+5.00000000E-05,-5.00000000E-05\u000a
p81
aV-5.00000000E-05,-1.00000000E-04,+0.00000000E-05,-1.50000000E-04,-1.00000000E-04,+0.00000000E-05,-1.50000000E-04,-1.50000000E-04,+0.00000000E-05,+0.00000000E-05\u000a
p82
aV-1.00000000E-04,+0.00000000E-05,+0.00000000E-05,+0.00000000E-05,+5.00000000E-05,+1.50000000E-04,-1.50000000E-04,-1.00000000E-04,+5.00000000E-05,-5.00000000E-05\u000a
p83
aV-5.00000000E-05,-1.00000000E-04,+5.00000000E-05,-5.00000000E-05,+5.00000000E-05,+0.00000000E-05,-5.00000000E-05,-5.00000000E-05,-5.00000000E-05,+5.00000000E-05\u000a
p84
aV+5.00000000E-05,+0.00000000E-05,-1.00000000E-04,+5.00000000E-05,+0.00000000E-05,-1.00000000E-04,-5.00000000E-05,-1.00000000E-04,-5.00000000E-05,+0.00000000E-05\u000a
p85
aV+5.00000000E-05,+1.50000000E-04,-1.50000000E-04,-5.00000000E-05,+0.00000000E-05,-5.00000000E-05,+1.00000000E-04,-5.00000000E-05,-1.00000000E-04,-5.00000000E-05\u000a
p86
aV-1.00000000E-04,+5.00000000E-05,-5.00000000E-05,-1.00000000E-04,-5.00000000E-05,-5.00000000E-05,+5.00000000E-05,-5.00000000E-05,-1.00000000E-04,+0.00000000E-05\u000a
p87
aV+1.00000000E-04,-5.00000000E-05,-1.00000000E-04,+1.00000000E-04,-1.00000000E-04,+0.00000000E-05,+1.00000000E-04,-5.00000000E-05,+5.00000000E-05,-1.00000000E-04\u000a
p88
aV+0.00000000E-05,+5.00000000E-05,-1.50000000E-04,+0.00000000E-05,-5.00000000E-05,-5.00000000E-05,-1.00000000E-04,+5.00000000E-05,+0.00000000E-05,-5.00000000E-05\u000a
p89
aV+1.00000000E-04,+1.00000000E-04,-5.00000000E-05,-5.00000000E-05,+0.00000000E-05,+0.00000000E-05,+0.00000000E-05,+5.00000000E-05,+1.00000000E-04,-5.00000000E-05\u000a
p90
aV+5.00000000E-05,+0.00000000E-05,-5.00000000E-05,+0.00000000E-05,+0.00000000E-05,-5.00000000E-05,+5.00000000E-05,+0.00000000E-05,+5.00000000E-05,-1.00000000E-04\u000a
p91
aV+1.00000000E-04,-1.00000000E-04,-5.00000000E-05,+5.00000000E-05,-5.00000000E-05,-5.00000000E-05,-5.00000000E-05,-5.00000000E-05,+0.00000000E-05,+0.00000000E-05\u000a
p92
aV-5.00000000E-05,-1.00000000E-04,+0.00000000E-05,-5.00000000E-05,-1.50000000E-04,+5.00000000E-05,-1.00000000E-04,+0.00000000E-05,-5.00000000E-05,+0.00000000E-05\u000a
p93
aV-1.00000000E-04,+0.00000000E-05,+5.00000000E-05,-5.00000000E-05,+0.00000000E-05,-5.00000000E-05,-1.00000000E-04,+0.00000000E-05,+5.00000000E-05,+5.00000000E-05\u000a
p94
aV-1.00000000E-04,+5.00000000E-05,+0.00000000E-05,-5.00000000E-05,+5.00000000E-05,+0.00000000E-05,-1.00000000E-04,+0.00000000E-05,+0.00000000E-05,-1.00000000E-04\u000a
p95
aV-5.00000000E-05,+0.00000000E-05,+1.00000000E-04,-1.00000000E-04,+1.00000000E-04,-5.00000000E-05,-5.00000000E-05,+1.00000000E-04,-1.50000000E-04,-5.00000000E-05\u000a
p96
aV-1.00000000E-04,+5.00000000E-05,+5.00000000E-05,+5.00000000E-05,+0.00000000E-05,+0.00000000E-05,+0.00000000E-05,+0.00000000E-05,+0.00000000E-05,+0.00000000E-05\u000a
p97
aV+0.00000000E-05,-5.00000000E-05,-1.00000000E-04,+5.00000000E-05,-5.00000000E-05,-5.00000000E-05,+0.00000000E-05,-1.50000000E-04,-5.00000000E-05,+0.00000000E-05\u000a
p98
aV+5.00000000E-05,-5.00000000E-05,-5.00000000E-05,+0.00000000E-05,-5.00000000E-05,+5.00000000E-05,+0.00000000E-05,-5.00000000E-05,-5.00000000E-05,+0.00000000E-05\u000a
p99
aV-5.00000000E-05,+0.00000000E-05,-5.00000000E-05,-5.00000000E-05,+0.00000000E-05,-5.00000000E-05,-1.00000000E-04,+0.00000000E-05,-1.50000000E-04,-5.00000000E-05\u000a
p100
aV-1.00000000E-04,+0.00000000E-05,+5.00000000E-05,-5.00000000E-05,+0.00000000E-05,+0.00000000E-05,-5.00000000E-05,-5.00000000E-05,-5.00000000E-05,-1.50000000E-04\u000a
p101
aV+0.00000000E-05,-2.60000000E-04,+0.00000000E-05,+5.00000000E-05,-1.50000000E-04,+0.00000000E-05,-1.00000000E-04,-5.00000000E-05,-1.00000000E-04,-5.00000000E-05\u000a
p102
aV+0.00000000E-05,-1.00000000E-04,-1.00000000E-04,+0.00000000E-05,+0.00000000E-05,-5.00000000E-05,+0.00000000E-05,-1.50000000E-04,-5.00000000E-05,-5.00000000E-05\u000a
p103
aV-1.00000000E-04,+0.00000000E-05,+5.00000000E-05,+0.00000000E-05,+0.00000000E-05,-1.00000000E-04,-1.00000000E-04,-5.00000000E-05,+1.00000000E-04,+0.00000000E-05\u000a
p104
aV+0.00000000E-05,+5.00000000E-05,+5.00000000E-05,-1.00000000E-04,+5.00000000E-05,+0.00000000E-05,-1.00000000E-04,+5.00000000E-05,+1.00000000E-04,+0.00000000E-05\u000a
p105
aV-5.00000000E-05,+0.00000000E-05,+5.00000000E-05,-5.00000000E-05,+5.00000000E-05,+0.00000000E-05,+1.50000000E-04,+0.00000000E-05,+0.00000000E-05,+0.00000000E-05\u000a
p106
aV-1.50000000E-04,-5.00000000E-05,-5.00000000E-05,-5.00000000E-05,+0.00000000E-05,+5.00000000E-05,+0.00000000E-05,-1.00000000E-04,+0.00000000E-05,-5.00000000E-05\u000a
p107
aV-5.00000000E-05,+0.00000000E-05,+0.00000000E-05,+0.00000000E-05,-5.00000000E-05,+5.00000000E-05,-5.00000000E-05,+5.00000000E-05,+0.00000000E-05,-5.00000000E-05\u000a
p108
aV+5.00000000E-05,+5.00000000E-05,+0.00000000E-05,+0.00000000E-05,+5.00000000E-05,-1.00000000E-04,+5.00000000E-05,+5.00000000E-05,+0.00000000E-05,+0.00000000E-05\u000a
p109
aV-5.00000000E-05,-5.00000000E-05,+0.00000000E-05,+5.00000000E-05,-5.00000000E-05,+0.00000000E-05,-5.00000000E-05,-5.00000000E-05,+1.00000000E-04,+0.00000000E-05\u000a
p110
aV+0.00000000E-05,+0.00000000E-05,+5.00000000E-05,+0.00000000E-05,+5.00000000E-05,+0.00000000E-05,+0.00000000E-05,+5.00000000E-05,+5.00000000E-05,+0.00000000E-05\u000a
p111
aV+0.00000000E-05,+5.00000000E-05,+1.00000000E-04,+1.00000000E-04,+0.00000000E-05,+5.00000000E-05,+0.00000000E-05,+0.00000000E-05,+5.00000000E-05,+0.00000000E-05\u000a
p112
aV+3.10000000E-04,+5.00000000E-05,-1.00000000E-04,+1.00000000E-04,-5.00000000E-05,+1.00000000E-04,+1.00000000E-04,+5.00000000E-05,-5.00000000E-05,+1.00000000E-04\u000a
p113
aV+5.00000000E-05,+0.00000000E-05,+0.00000000E-05,-5.00000000E-05,-1.00000000E-04,+5.00000000E-05,-5.00000000E-05,+0.00000000E-05,-5.00000000E-05,+1.00000000E-04\u000a
p114
aV+5.00000000E-05,+5.00000000E-05,+0.00000000E-05,+0.00000000E-05,+5.00000000E-05,-1.00000000E-04,+1.00000000E-04,-5.00000000E-05,+0.00000000E-05,+1.00000000E-04\u000a
p115
aV+0.00000000E-05,+5.00000000E-05,+0.00000000E-05,+0.00000000E-05,+0.00000000E-05,+0.00000000E-05,-5.00000000E-05,+1.50000000E-04,+0.00000000E-05,-5.00000000E-05\u000a
p116
aV+0.00000000E-05,+0.00000000E-05,+0.00000000E-05,+0.00000000E-05,+5.00000000E-05,+5.00000000E-05,-5.00000000E-05,+0.00000000E-05,+0.00000000E-05,-5.00000000E-05\u000a
p117
aV+5.00000000E-05,+1.00000000E-04,+0.00000000E-05,-5.00000000E-05,+0.00000000E-05,-1.00000000E-04,+0.00000000E-05,+5.00000000E-05,+5.00000000E-05,-1.00000000E-04\u000a
p118
aV+0.00000000E-05,+0.00000000E-05,+0.00000000E-05,+0.00000000E-05,-5.00000000E-05,+0.00000000E-05,+0.00000000E-05,+0.00000000E-05,+5.00000000E-05,+5.00000000E-05\u000a
p119
aV-5.00000000E-05,+0.00000000E-05,+1.00000000E-04,+0.00000000E-05,+0.00000000E-05,+5.00000000E-05,+0.00000000E-05,+0.00000000E-05,+5.00000000E-05,-5.00000000E-05\u000a
p120
aV-5.00000000E-05,+5.00000000E-05,+5.00000000E-05,+0.00000000E-05,+0.00000000E-05,+5.00000000E-05,+1.50000000E-04,+0.00000000E-05,+5.00000000E-05,-5.00000000E-05\u000a
p121
aV+0.00000000E-05,+5.00000000E-05,+0.00000000E-05,+5.00000000E-05,-5.00000000E-05,-5.00000000E-05,+0.00000000E-05,+5.00000000E-05,+1.00000000E-04,+5.00000000E-05\u000a
p122
aV+5.00000000E-05,+5.00000000E-05,+0.00000000E-05,+0.00000000E-05,+0.00000000E-05,-1.00000000E-04,+0.00000000E-05,+1.00000000E-04,+0.00000000E-05,-5.00000000E-05\u000a
p123
aV+0.00000000E-05,+5.00000000E-05,+0.00000000E-05,+1.00000000E-04,+5.00000000E-05,+0.00000000E-05,-5.00000000E-05,+0.00000000E-05,+5.00000000E-05,+0.00000000E-05\u000a
p124
aV+0.00000000E-05,-5.00000000E-05,+1.00000000E-04,-5.00000000E-05,+5.00000000E-05,+1.00000000E-04,-5.00000000E-05,+5.00000000E-05,+1.00000000E-04,+0.00000000E-05\u000a
p125
aV-1.00000000E-04,-5.00000000E-05,+1.00000000E-04,-5.00000000E-05,+0.00000000E-05,+5.00000000E-05,-5.00000000E-05,-5.00000000E-05,+1.00000000E-04,-1.00000000E-04\u000a
p126
aV-5.00000000E-05,-5.00000000E-05,+0.00000000E-05,-5.00000000E-05,+1.50000000E-04,+0.00000000E-05,-1.00000000E-04,+0.00000000E-05,+5.00000000E-05,-5.00000000E-05\u000a
p127
aV-5.00000000E-05,-2.10000000E-04,+0.00000000E-05,+0.00000000E-05,-1.00000000E-04,+0.00000000E-05,+5.00000000E-05,-5.00000000E-05,+0.00000000E-05,+0.00000000E-05\u000a
p128
aV-1.00000000E-04,-1.00000000E-04,-1.00000000E-04,-5.00000000E-05,-5.00000000E-05,+1.00000000E-04,+5.00000000E-05,-5.00000000E-05,+0.00000000E-05,-1.00000000E-04\u000a
p129
aV-1.00000000E-04,-5.00000000E-05,+0.00000000E-05,-1.00000000E-04,+0.00000000E-05,-1.00000000E-04,+0.00000000E-05,+0.00000000E-05,+0.00000000E-05,-5.00000000E-05\u000a
p130
aV-1.00000000E-04,-5.00000000E-05,+0.00000000E-05,-1.50000000E-04,+0.00000000E-05,-5.00000000E-05,-5.00000000E-05,+0.00000000E-05,+0.00000000E-05,-5.00000000E-05\u000a
p131
aV+0.00000000E-05,+5.00000000E-05,+0.00000000E-05,-5.00000000E-05,-5.00000000E-05,-5.00000000E-05,+0.00000000E-05,+0.00000000E-05,+0.00000000E-05,+5.00000000E-05\u000a
p132
aV+5.00000000E-05,+0.00000000E-05,+0.00000000E-05,+0.00000000E-05,+0.00000000E-05,-5.00000000E-05,-5.00000000E-05,+0.00000000E-05,+1.00000000E-04,+1.00000000E-04\u000a
p133
aV+0.00000000E-05,+5.00000000E-05,-5.00000000E-05,-1.00000000E-04,+5.00000000E-05,+0.00000000E-05,+0.00000000E-05,+5.00000000E-05,+0.00000000E-05,+5.00000000E-05\u000a
p134
aV+5.00000000E-05,-1.00000000E-04,+1.00000000E-04,+5.00000000E-05,-5.00000000E-05,+0.00000000E-05,+5.00000000E-05,+5.00000000E-05,+5.00000000E-05,+1.50000000E-04\u000a
p135
aV+1.00000000E-04,+5.00000000E-05,+5.00000000E-05,+5.00000000E-05,+5.00000000E-05,+2.10000000E-04,+0.00000000E-05,+5.00000000E-05,+5.00000000E-05,+1.50000000E-04\u000a
p136
aV+1.00000000E-04,+1.50000000E-04,+1.00000000E-04,+1.00000000E-04,+5.00000000E-05,+1.50000000E-04,+1.00000000E-04,+1.00000000E-04,+1.00000000E-04,+2.10000000E-04\u000a
p137
aV+1.50000000E-04,+2.60000000E-04,+1.00000000E-04,+1.50000000E-04,+3.10000000E-04,+2.60000000E-04,+2.60000000E-04,+2.10000000E-04,+2.60000000E-04,+1.50000000E-04\u000a
p138
aV+3.10000000E-04,+2.60000000E-04,+2.10000000E-04,+1.00000000E-04,+2.60000000E-04,+4.10000000E-04,+2.60000000E-04,+3.10000000E-04,+2.60000000E-04,+3.10000000E-04\u000a
p139
aV+5.10000000E-04,+3.10000000E-04,+3.60000000E-04,+3.60000000E-04,+4.10000000E-04,+2.60000000E-04,+4.10000000E-04,+3.60000000E-04,+4.10000000E-04,+4.60000000E-04\u000a
p140
aV+5.10000000E-04,+4.10000000E-04,+6.20000000E-04,+4.60000000E-04,+4.60000000E-04,+4.60000000E-04,+4.60000000E-04,+4.60000000E-04,+4.60000000E-04,+5.10000000E-04\u000a
p141
aV+5.70000000E-04,+5.70000000E-04,+5.70000000E-04,+5.70000000E-04,+5.10000000E-04,+5.10000000E-04,+5.70000000E-04,+4.10000000E-04,+5.70000000E-04,+6.70000000E-04\u000a
p142
aV+6.70000000E-04,+7.70000000E-04,+5.70000000E-04,+7.20000000E-04,+7.20000000E-04,+6.20000000E-04,+7.20000000E-04,+6.70000000E-04,+6.20000000E-04,+6.70000000E-04\u000a
p143
aV+6.70000000E-04,+7.70000000E-04,+7.70000000E-04,+6.70000000E-04,+7.70000000E-04,+7.70000000E-04,+7.20000000E-04,+7.70000000E-04,+8.20000000E-04,+7.70000000E-04\u000a
p144
aV+9.30000000E-04,+9.80000000E-04,+9.30000000E-04,+8.70000000E-04,+8.20000000E-04,+8.70000000E-04,+9.30000000E-04,+9.30000000E-04,+8.70000000E-04,+7.70000000E-04\u000a
p145
aV+9.30000000E-04,+9.30000000E-04,+9.80000000E-04,+9.80000000E-04,+9.80000000E-04,+8.70000000E-04,+8.70000000E-04,+9.80000000E-04,+1.03000000E-03,+9.30000000E-04\u000a
p146
aV+9.80000000E-04,+1.08000000E-03,+1.03000000E-03,+1.03000000E-03,+1.08000000E-03,+1.08000000E-03,+1.03000000E-03,+1.08000000E-03,+1.08000000E-03,+1.03000000E-03\u000a
p147
aV+1.13000000E-03,+1.18000000E-03,+1.18000000E-03,+9.80000000E-04,+1.29000000E-03,+1.24000000E-03,+1.13000000E-03,+1.18000000E-03,+1.13000000E-03,+1.13000000E-03\u000a
p148
aV+1.18000000E-03,+1.24000000E-03,+1.24000000E-03,+1.54000000E-03,+1.18000000E-03,+1.29000000E-03,+1.29000000E-03,+1.13000000E-03,+1.18000000E-03,+1.34000000E-03\u000a
p149
aV+1.34000000E-03,+1.39000000E-03,+1.39000000E-03,+1.29000000E-03,+1.44000000E-03,+1.29000000E-03,+1.29000000E-03,+1.39000000E-03,+1.39000000E-03,+1.34000000E-03\u000a
p150
aV+1.44000000E-03,+1.49000000E-03,+1.44000000E-03,+1.39000000E-03,+1.44000000E-03,+1.60000000E-03,+1.39000000E-03,+1.44000000E-03,+1.49000000E-03,+1.39000000E-03\u000a
p151
aV+1.49000000E-03,+1.60000000E-03,+1.54000000E-03,+1.60000000E-03,+1.54000000E-03,+1.60000000E-03,+1.54000000E-03,+1.60000000E-03,+1.60000000E-03,+1.54000000E-03\u000a
p152
aV+1.70000000E-03,+1.60000000E-03,+1.60000000E-03,+1.65000000E-03,+1.54000000E-03,+1.60000000E-03,+1.75000000E-03,+1.54000000E-03,+1.60000000E-03,+1.65000000E-03\u000a
p153
aV+1.80000000E-03,+1.75000000E-03,+1.65000000E-03,+1.70000000E-03,+1.70000000E-03,+1.80000000E-03,+1.75000000E-03,+1.70000000E-03,+1.65000000E-03,+1.75000000E-03\u000a
p154
aV+1.70000000E-03,+1.75000000E-03,+1.85000000E-03,+1.75000000E-03,+1.75000000E-03,+1.70000000E-03,+1.80000000E-03,+1.80000000E-03,+1.85000000E-03,+1.96000000E-03\u000a
p155
aV+2.01000000E-03,+2.01000000E-03,+2.01000000E-03,+1.96000000E-03,+2.01000000E-03,+2.11000000E-03,+1.85000000E-03,+1.96000000E-03,+2.06000000E-03,+1.96000000E-03\u000a
p156
aV+2.11000000E-03,+2.06000000E-03,+2.11000000E-03,+2.06000000E-03,+2.11000000E-03,+2.06000000E-03,+2.21000000E-03,+2.16000000E-03,+2.16000000E-03,+2.11000000E-03\u000a
p157
aV+2.16000000E-03,+2.16000000E-03,+2.21000000E-03,+2.16000000E-03,+2.21000000E-03,+2.26000000E-03,+2.21000000E-03,+2.16000000E-03,+2.16000000E-03,+2.21000000E-03\u000a
p158
aV+2.21000000E-03,+2.32000000E-03,+2.26000000E-03,+2.37000000E-03,+2.26000000E-03,+2.06000000E-03,+2.32000000E-03,+2.26000000E-03,+2.32000000E-03,+2.26000000E-03\u000a
p159
aV+2.32000000E-03,+2.37000000E-03,+2.21000000E-03,+2.26000000E-03,+2.32000000E-03,+2.21000000E-03,+2.32000000E-03,+2.32000000E-03,+2.21000000E-03,+2.21000000E-03\u000a
p160
aV+2.57000000E-03,+2.57000000E-03,+2.52000000E-03,+2.68000000E-03,+2.47000000E-03,+2.47000000E-03,+2.42000000E-03,+2.47000000E-03,+2.37000000E-03,+2.42000000E-03\u000a
p161
aV+2.57000000E-03,+2.62000000E-03,+2.57000000E-03,+2.62000000E-03,+2.68000000E-03,+2.62000000E-03,+2.62000000E-03,+2.62000000E-03,+2.62000000E-03,+2.62000000E-03\u000a
p162
aV+2.78000000E-03,+2.68000000E-03,+2.83000000E-03,+2.62000000E-03,+2.88000000E-03,+2.73000000E-03,+2.73000000E-03,+2.78000000E-03,+2.68000000E-03,+2.73000000E-03\u000a
p163
aV+2.98000000E-03,+2.88000000E-03,+2.88000000E-03,+2.88000000E-03,+2.83000000E-03,+2.83000000E-03,+2.88000000E-03,+2.88000000E-03,+2.93000000E-03,+2.98000000E-03\u000a
p164
aV+2.88000000E-03,+2.98000000E-03,+3.04000000E-03,+2.93000000E-03,+2.98000000E-03,+2.98000000E-03,+3.09000000E-03,+2.93000000E-03,+2.88000000E-03,+3.04000000E-03\u000a
p165
aV+3.14000000E-03,+3.19000000E-03,+3.19000000E-03,+3.14000000E-03,+3.19000000E-03,+3.04000000E-03,+3.14000000E-03,+3.19000000E-03,+3.09000000E-03,+3.04000000E-03\u000a
p166
aV+3.29000000E-03,+3.29000000E-03,+3.19000000E-03,+3.19000000E-03,+3.24000000E-03,+3.24000000E-03,+3.29000000E-03,+3.29000000E-03,+3.40000000E-03,+3.29000000E-03\u000a
p167
aV+3.40000000E-03,+3.35000000E-03,+3.45000000E-03,+3.45000000E-03,+3.50000000E-03,+3.35000000E-03,+3.45000000E-03,+3.40000000E-03,+3.40000000E-03,+3.29000000E-03\u000a
p168
aV+3.55000000E-03,+3.45000000E-03,+3.50000000E-03,+3.55000000E-03,+3.50000000E-03,+3.60000000E-03,+3.60000000E-03,+3.50000000E-03,+3.55000000E-03,+3.55000000E-03\u000a
p169
aV+3.71000000E-03,+3.71000000E-03,+4.07000000E-03,+3.71000000E-03,+3.81000000E-03,+3.65000000E-03,+3.65000000E-03,+3.71000000E-03,+3.71000000E-03,+3.81000000E-03\u000a
p170
aV+4.01000000E-03,+3.91000000E-03,+3.86000000E-03,+3.96000000E-03,+3.86000000E-03,+3.86000000E-03,+3.91000000E-03,+4.01000000E-03,+3.86000000E-03,+4.01000000E-03\u000a
p171
aV+4.07000000E-03,+4.01000000E-03,+4.17000000E-03,+4.01000000E-03,+4.07000000E-03,+4.17000000E-03,+4.07000000E-03,+3.91000000E-03,+4.01000000E-03,+4.12000000E-03\u000a
p172
aV+4.27000000E-03,+4.27000000E-03,+4.22000000E-03,+4.32000000E-03,+4.22000000E-03,+4.22000000E-03,+4.22000000E-03,+4.32000000E-03,+4.37000000E-03,+4.22000000E-03\u000a
p173
aV+4.22000000E-03,+4.48000000E-03,+4.37000000E-03,+4.37000000E-03,+4.32000000E-03,+4.43000000E-03,+4.43000000E-03,+4.32000000E-03,+4.43000000E-03,+4.48000000E-03\u000a
p174
aV+4.68000000E-03,+4.73000000E-03,+4.58000000E-03,+4.68000000E-03,+4.58000000E-03,+4.73000000E-03,+4.63000000E-03,+4.58000000E-03,+4.73000000E-03,+4.53000000E-03\u000a
p175
aV+4.94000000E-03,+4.84000000E-03,+4.79000000E-03,+4.94000000E-03,+4.73000000E-03,+4.94000000E-03,+4.84000000E-03,+4.84000000E-03,+4.89000000E-03,+4.73000000E-03\u000a
p176
aV+5.04000000E-03,+4.99000000E-03,+4.99000000E-03,+5.10000000E-03,+5.15000000E-03,+5.20000000E-03,+4.99000000E-03,+5.10000000E-03,+5.15000000E-03,+4.89000000E-03\u000a
p177
aV+5.30000000E-03,+5.20000000E-03,+5.10000000E-03,+5.35000000E-03,+5.15000000E-03,+5.35000000E-03,+5.30000000E-03,+5.25000000E-03,+5.25000000E-03,+5.25000000E-03\u000a
p178
aV+5.51000000E-03,+5.30000000E-03,+5.51000000E-03,+5.51000000E-03,+5.46000000E-03,+5.51000000E-03,+5.51000000E-03,+5.40000000E-03,+5.56000000E-03,+5.51000000E-03\u000a
p179
aV+5.61000000E-03,+5.76000000E-03,+5.76000000E-03,+5.66000000E-03,+5.82000000E-03,+5.76000000E-03,+5.76000000E-03,+5.76000000E-03,+5.66000000E-03,+5.76000000E-03\u000a
p180
aV+6.02000000E-03,+5.92000000E-03,+5.87000000E-03,+6.02000000E-03,+6.02000000E-03,+6.02000000E-03,+5.97000000E-03,+6.02000000E-03,+6.07000000E-03,+5.97000000E-03\u000a
p181
aV+5.97000000E-03,+6.07000000E-03,+6.02000000E-03,+6.07000000E-03,+6.02000000E-03,+5.97000000E-03,+6.02000000E-03,+5.92000000E-03,+5.92000000E-03,+6.02000000E-03\u000a
p182
aV+6.59000000E-03,+6.64000000E-03,+6.59000000E-03,+6.48000000E-03,+6.64000000E-03,+6.59000000E-03,+6.59000000E-03,+6.64000000E-03,+6.48000000E-03,+6.48000000E-03\u000a
p183
aV+6.84000000E-03,+6.90000000E-03,+7.00000000E-03,+6.95000000E-03,+6.79000000E-03,+6.90000000E-03,+7.00000000E-03,+6.90000000E-03,+6.95000000E-03,+6.90000000E-03\u000a
p184
aV+7.15000000E-03,+7.21000000E-03,+7.21000000E-03,+7.26000000E-03,+7.15000000E-03,+7.10000000E-03,+7.15000000E-03,+7.15000000E-03,+7.15000000E-03,+7.10000000E-03\u000a
p185
aV+7.26000000E-03,+7.21000000E-03,+7.21000000E-03,+7.21000000E-03,+7.26000000E-03,+7.15000000E-03,+7.21000000E-03,+7.26000000E-03,+7.21000000E-03,+7.15000000E-03\u000a
p186
aV+7.87000000E-03,+7.93000000E-03,+7.77000000E-03,+7.77000000E-03,+7.77000000E-03,+7.82000000E-03,+7.98000000E-03,+7.87000000E-03,+7.93000000E-03,+7.87000000E-03\u000a
p187
aV+7.98000000E-03,+7.98000000E-03,+7.77000000E-03,+8.23000000E-03,+7.87000000E-03,+7.77000000E-03,+7.87000000E-03,+7.87000000E-03,+7.87000000E-03,+7.82000000E-03\u000a
p188
aV+8.54000000E-03,+8.70000000E-03,+8.49000000E-03,+8.49000000E-03,+8.65000000E-03,+8.54000000E-03,+8.54000000E-03,+8.54000000E-03,+8.49000000E-03,+8.49000000E-03\u000a
p189
aV+9.01000000E-03,+9.01000000E-03,+9.06000000E-03,+8.95000000E-03,+9.11000000E-03,+9.06000000E-03,+9.06000000E-03,+8.90000000E-03,+9.01000000E-03,+9.06000000E-03\u000a
p190
aV+9.52000000E-03,+9.32000000E-03,+9.37000000E-03,+9.52000000E-03,+9.37000000E-03,+9.32000000E-03,+9.47000000E-03,+9.47000000E-03,+9.42000000E-03,+9.47000000E-03\u000a
p191
aV+9.93000000E-03,+9.88000000E-03,+9.88000000E-03,+9.88000000E-03,+9.83000000E-03,+9.83000000E-03,+9.98000000E-03,+9.93000000E-03,+9.83000000E-03,+9.98000000E-03\u000a
p192
aV+1.01900000E-02,+1.01900000E-02,+1.02900000E-02,+1.03400000E-02,+1.04000000E-02,+1.02400000E-02,+1.01900000E-02,+1.03400000E-02,+1.02900000E-02,+1.02400000E-02\u000a
p193
aV+1.09100000E-02,+1.08100000E-02,+1.08100000E-02,+1.09100000E-02,+1.08100000E-02,+1.07600000E-02,+1.08600000E-02,+1.09100000E-02,+1.08600000E-02,+1.09600000E-02\u000a
p194
aV+1.14300000E-02,+1.14300000E-02,+1.16300000E-02,+1.13700000E-02,+1.15300000E-02,+1.14800000E-02,+1.15300000E-02,+1.14300000E-02,+1.14300000E-02,+1.14300000E-02\u000a
p195
aV+1.18900000E-02,+1.19900000E-02,+1.21500000E-02,+1.19900000E-02,+1.20400000E-02,+1.20900000E-02,+1.19900000E-02,+1.19400000E-02,+1.18900000E-02,+1.19900000E-02\u000a
p196
aV+1.25100000E-02,+1.25600000E-02,+1.26600000E-02,+1.25600000E-02,+1.25100000E-02,+1.25600000E-02,+1.24500000E-02,+1.25100000E-02,+1.25600000E-02,+1.25100000E-02\u000a
p197
aV+1.31800000E-02,+1.31200000E-02,+1.33300000E-02,+1.33800000E-02,+1.31800000E-02,+1.32800000E-02,+1.31800000E-02,+1.32300000E-02,+1.32300000E-02,+1.31800000E-02\u000a
p198
aV+1.39500000E-02,+1.38400000E-02,+1.39000000E-02,+1.39000000E-02,+1.40000000E-02,+1.40000000E-02,+1.39000000E-02,+1.38400000E-02,+1.38400000E-02,+1.37400000E-02\u000a
p199
aV+1.45100000E-02,+1.44100000E-02,+1.44100000E-02,+1.45600000E-02,+1.46200000E-02,+1.45100000E-02,+1.44600000E-02,+1.45100000E-02,+1.45100000E-02,+1.45600000E-02\u000a
p200
aV+1.45100000E-02,+1.45600000E-02,+1.45600000E-02,+1.46200000E-02,+1.46200000E-02,+1.44600000E-02,+1.45600000E-02,+1.45600000E-02,+1.46200000E-02,+1.45600000E-02\u000a
p201
aV+1.58500000E-02,+1.57500000E-02,+1.59500000E-02,+1.59000000E-02,+1.59500000E-02,+1.60100000E-02,+1.58500000E-02,+1.59500000E-02,+1.60100000E-02,+1.59000000E-02\u000a
p202
aV+1.67300000E-02,+1.67300000E-02,+1.66200000E-02,+1.66200000E-02,+1.67300000E-02,+1.66200000E-02,+1.65700000E-02,+1.67300000E-02,+1.67300000E-02,+1.65700000E-02\u000a
p203
aV+1.74500000E-02,+1.75000000E-02,+1.74500000E-02,+1.73400000E-02,+1.74000000E-02,+1.72900000E-02,+1.74500000E-02,+1.75000000E-02,+1.74500000E-02,+1.75500000E-02\u000a
p204
aV+1.84200000E-02,+1.83700000E-02,+1.83200000E-02,+1.83700000E-02,+1.83700000E-02,+1.83700000E-02,+1.84200000E-02,+1.84800000E-02,+1.84800000E-02,+1.85300000E-02\u000a
p205
aV+1.92500000E-02,+1.92500000E-02,+1.93500000E-02,+1.92500000E-02,+1.92500000E-02,+1.93000000E-02,+1.92500000E-02,+1.92000000E-02,+1.92500000E-02,+1.93000000E-02\u000a
p206
aV+2.02300000E-02,+2.01700000E-02,+2.01700000E-02,+2.02800000E-02,+2.01700000E-02,+2.01700000E-02,+2.02800000E-02,+2.03300000E-02,+2.02800000E-02,+2.02300000E-02\u000a
p207
aV+2.04300000E-02,+2.03800000E-02,+2.03300000E-02,+2.03800000E-02,+2.03300000E-02,+2.04300000E-02,+2.03300000E-02,+2.02800000E-02,+2.03800000E-02,+2.03800000E-02\u000a
p208
aV+2.21800000E-02,+2.22300000E-02,+2.22300000E-02,+2.22800000E-02,+2.21800000E-02,+2.22800000E-02,+2.21300000E-02,+2.22300000E-02,+2.22800000E-02,+2.23400000E-02\u000a
p209
aV+2.33100000E-02,+2.33100000E-02,+2.33100000E-02,+2.33700000E-02,+2.33100000E-02,+2.33100000E-02,+2.33700000E-02,+2.33100000E-02,+2.32100000E-02,+2.33700000E-02\u000a
p210
aV+2.45500000E-02,+2.46000000E-02,+2.45000000E-02,+2.45000000E-02,+2.46000000E-02,+2.46000000E-02,+2.45500000E-02,+2.45500000E-02,+2.45500000E-02,+2.45500000E-02\u000a
p211
aV+2.59400000E-02,+2.57800000E-02,+2.59400000E-02,+2.58900000E-02,+2.63000000E-02,+2.59900000E-02,+2.59400000E-02,+2.58400000E-02,+2.58900000E-02,+2.59900000E-02\u000a
p212
aV+2.72300000E-02,+2.72300000E-02,+2.71700000E-02,+2.72300000E-02,+2.71200000E-02,+2.72300000E-02,+2.72800000E-02,+2.71700000E-02,+2.71700000E-02,+2.72300000E-02\u000a
p213
aV+2.85600000E-02,+2.86700000E-02,+2.85600000E-02,+2.85600000E-02,+2.86100000E-02,+2.85600000E-02,+2.86100000E-02,+2.87700000E-02,+2.86100000E-02,+2.85600000E-02\u000a
p214
aV+2.99000000E-02,+2.99500000E-02,+3.00600000E-02,+2.99000000E-02,+3.00600000E-02,+3.00600000E-02,+2.99000000E-02,+3.00000000E-02,+2.99500000E-02,+3.01100000E-02\u000a
p215
aV+3.17500000E-02,+3.18100000E-02,+3.17000000E-02,+3.17500000E-02,+3.18600000E-02,+3.18100000E-02,+3.16500000E-02,+3.17500000E-02,+3.18100000E-02,+3.17500000E-02\u000a
p216
aV+3.34000000E-02,+3.33000000E-02,+3.33500000E-02,+3.33000000E-02,+3.33500000E-02,+3.33500000E-02,+3.33500000E-02,+3.34000000E-02,+3.34000000E-02,+3.32500000E-02\u000a
p217
aV+3.52000000E-02,+3.51500000E-02,+3.51000000E-02,+3.53100000E-02,+3.49400000E-02,+3.51500000E-02,+3.51500000E-02,+3.51000000E-02,+3.51500000E-02,+3.51500000E-02\u000a
p218
aV+3.67500000E-02,+3.68000000E-02,+3.70000000E-02,+3.68500000E-02,+3.69500000E-02,+3.68500000E-02,+3.68000000E-02,+3.69000000E-02,+3.69000000E-02,+3.69000000E-02\u000a
p219
aV+3.89100000E-02,+3.89600000E-02,+3.89600000E-02,+3.89600000E-02,+3.89600000E-02,+3.89600000E-02,+3.90100000E-02,+3.89600000E-02,+3.90100000E-02,+3.90600000E-02\u000a
p220
aV+4.09700000E-02,+4.09100000E-02,+4.09700000E-02,+4.09700000E-02,+4.09100000E-02,+4.09700000E-02,+4.10700000E-02,+4.09100000E-02,+4.10200000E-02,+4.09100000E-02\u000a
p221
aV+4.32300000E-02,+4.32300000E-02,+4.32300000E-02,+4.29700000E-02,+4.32300000E-02,+4.33300000E-02,+4.32300000E-02,+4.32800000E-02,+4.32300000E-02,+4.32300000E-02\u000a
p222
aV+4.51900000E-02,+4.52900000E-02,+4.53400000E-02,+4.53400000E-02,+4.52900000E-02,+4.53400000E-02,+4.52400000E-02,+4.53400000E-02,+4.52900000E-02,+4.52900000E-02\u000a
p223
aV+4.75500000E-02,+4.77600000E-02,+4.78100000E-02,+4.76600000E-02,+4.78600000E-02,+4.77100000E-02,+4.77600000E-02,+4.78600000E-02,+4.76600000E-02,+4.77100000E-02\u000a
p224
aV+4.99200000E-02,+4.99700000E-02,+4.99700000E-02,+4.99200000E-02,+4.99200000E-02,+4.99700000E-02,+5.00200000E-02,+5.00200000E-02,+4.99200000E-02,+5.00800000E-02\u000a
p225
aV+5.23900000E-02,+5.24400000E-02,+5.22400000E-02,+5.23900000E-02,+5.22900000E-02,+5.22900000E-02,+5.23900000E-02,+5.24400000E-02,+5.23400000E-02,+5.24400000E-02\u000a
p226
aV+5.53800000E-02,+5.54300000E-02,+5.54800000E-02,+5.53800000E-02,+5.55300000E-02,+5.55300000E-02,+5.54800000E-02,+5.55300000E-02,+5.56300000E-02,+5.55800000E-02\u000a
p227
aV+5.81600000E-02,+5.82600000E-02,+5.83600000E-02,+5.83600000E-02,+5.84100000E-02,+5.84600000E-02,+5.83100000E-02,+5.83600000E-02,+5.84600000E-02,+5.85200000E-02\u000a
p228
aV+6.19600000E-02,+6.20700000E-02,+6.21200000E-02,+6.21200000E-02,+6.22200000E-02,+6.21700000E-02,+6.21200000E-02,+6.21700000E-02,+6.21200000E-02,+6.21700000E-02\u000a
p229
aV+6.59800000E-02,+6.58800000E-02,+6.59300000E-02,+6.60800000E-02,+6.59800000E-02,+6.59800000E-02,+6.60800000E-02,+6.60300000E-02,+6.60800000E-02,+6.60300000E-02\u000a
p230
aV+7.10200000E-02,+7.10200000E-02,+7.10700000E-02,+7.11200000E-02,+7.11200000E-02,+7.11800000E-02,+7.12800000E-02,+7.12800000E-02,+7.13300000E-02,+7.11800000E-02\u000a
p231
aV+7.64300000E-02,+7.64300000E-02,+7.63700000E-02,+7.64800000E-02,+7.64300000E-02,+7.64800000E-02,+7.65800000E-02,+7.65800000E-02,+7.65300000E-02,+7.66300000E-02\u000a
p232
aV+8.29100000E-02,+8.29100000E-02,+8.27600000E-02,+8.30100000E-02,+8.30100000E-02,+8.30600000E-02,+8.31700000E-02,+8.31200000E-02,+8.30600000E-02,+8.30600000E-02\u000a
p233
aV+8.99600000E-02,+9.01200000E-02,+9.01200000E-02,+9.01700000E-02,+9.02200000E-02,+9.03200000E-02,+9.02200000E-02,+9.03200000E-02,+9.03200000E-02,+9.02700000E-02\u000a
p234
aV+8.33700000E-02,+8.33700000E-02,+8.33200000E-02,+8.32700000E-02,+8.31700000E-02,+8.30100000E-02,+8.29600000E-02,+8.29100000E-02,+8.29100000E-02,+8.29600000E-02\u000a
p235
aV+8.17300000E-02,+8.15200000E-02,+8.15200000E-02,+8.16800000E-02,+8.15700000E-02,+8.15700000E-02,+8.16200000E-02,+8.16200000E-02,+8.14700000E-02,+8.15700000E-02\u000a
p236
aV+8.34300000E-02,+8.33700000E-02,+8.32700000E-02,+8.34300000E-02,+8.33700000E-02,+8.33200000E-02,+8.34300000E-02,+8.33700000E-02,+8.33700000E-02,+8.33700000E-02\u000a
p237
aV+8.64600000E-02,+8.64600000E-02,+8.64100000E-02,+8.65100000E-02,+8.64600000E-02,+8.64600000E-02,+8.65100000E-02,+8.64600000E-02,+8.65600000E-02,+8.65100000E-02\u000a
p238
aV+9.14500000E-02,+9.14500000E-02,+9.16600000E-02,+9.15600000E-02,+9.16100000E-02,+9.16600000E-02,+9.17100000E-02,+9.16100000E-02,+9.17100000E-02,+9.17100000E-02\u000a
p239
aV+9.79400000E-02,+9.78900000E-02,+9.77800000E-02,+9.79400000E-02,+9.79900000E-02,+9.80400000E-02,+9.79900000E-02,+9.81400000E-02,+9.79900000E-02,+9.81400000E-02\u000a
p240
aV+1.04830000E-01,+1.04680000E-01,+1.04830000E-01,+1.04890000E-01,+1.04940000E-01,+1.04990000E-01,+1.04990000E-01,+1.04990000E-01,+1.05090000E-01,+1.05040000E-01\u000a
p241
aV+1.13840000E-01,+1.13790000E-01,+1.13840000E-01,+1.14000000E-01,+1.14000000E-01,+1.14150000E-01,+1.14150000E-01,+1.14150000E-01,+1.14150000E-01,+1.14250000E-01\u000a
p242
aV+1.23770000E-01,+1.23830000E-01,+1.23830000E-01,+1.23880000E-01,+1.23880000E-01,+1.23930000E-01,+1.24290000E-01,+1.24240000E-01,+1.24030000E-01,+1.24190000E-01\u000a
p243
aV+1.36180000E-01,+1.36540000E-01,+1.36280000E-01,+1.36490000E-01,+1.36540000E-01,+1.36690000E-01,+1.36790000E-01,+1.36690000E-01,+1.36690000E-01,+1.36640000E-01\u000a
p244
aV+1.49710000E-01,+1.49710000E-01,+1.49820000E-01,+1.50070000E-01,+1.50120000E-01,+1.50180000E-01,+1.50330000E-01,+1.50380000E-01,+1.50280000E-01,+1.50380000E-01\u000a
p245
aV+1.67420000E-01,+1.67520000E-01,+1.67470000E-01,+1.67670000E-01,+1.67930000E-01,+1.67620000E-01,+1.68090000E-01,+1.68140000E-01,+1.68240000E-01,+1.68190000E-01\u000a
p246
aV+1.86720000E-01,+1.86560000E-01,+1.86770000E-01,+1.86970000E-01,+1.87180000E-01,+1.87130000E-01,+1.87330000E-01,+1.87380000E-01,+1.87490000E-01,+1.87540000E-01\u000a
p247
aV+2.02100000E-01,+2.02210000E-01,+2.02260000E-01,+2.02460000E-01,+2.02570000E-01,+2.02620000E-01,+2.02770000E-01,+2.02770000E-01,+2.02820000E-01,+2.02670000E-01\u000a
p248
aV+2.27580000E-01,+2.27580000E-01,+2.27630000E-01,+2.28150000E-01,+2.28200000E-01,+2.28560000E-01,+2.28560000E-01,+2.28610000E-01,+2.28760000E-01,+2.28710000E-01\u000a
p249
aV+2.55420000E-01,+2.55420000E-01,+2.55680000E-01,+2.55940000E-01,+2.56090000E-01,+2.56400000E-01,+2.56400000E-01,+2.56550000E-01,+2.56610000E-01,+2.56550000E-01\u000a
p250
a.