(lp0
V+3.34580000E-01,+3.34580000E-01,+3.34520000E-01,+3.34580000E-01,+3.34470000E-01,+3.34520000E-01,+3.34680000E-01,+3.34580000E-01,+3.34580000E-01,+3.34520000E-01\u000a
p1
aV+3.34680000E-01,+3.34630000E-01,+3.34580000E-01,+3.34680000E-01,+3.34580000E-01,+3.34520000E-01,+3.34730000E-01,+3.34630000E-01,+3.34680000E-01,+3.34580000E-01\u000a
p2
aV+3.33130000E-01,+3.33130000E-01,+3.33030000E-01,+3.33130000E-01,+3.33130000E-01,+3.33240000E-01,+3.33290000E-01,+3.33190000E-01,+3.33240000E-01,+3.33240000E-01\u000a
p3
aV+3.32260000E-01,+3.32260000E-01,+3.32210000E-01,+3.32160000E-01,+3.32360000E-01,+3.32210000E-01,+3.32210000E-01,+3.32360000E-01,+3.32310000E-01,+3.32360000E-01\u000a
p4
aV+3.30510000E-01,+3.30360000E-01,+3.30360000E-01,+3.30410000E-01,+3.30460000E-01,+3.30460000E-01,+3.30460000E-01,+3.30410000E-01,+3.30410000E-01,+3.30360000E-01\u000a
p5
aV+3.28810000E-01,+3.28810000E-01,+3.28860000E-01,+3.28860000E-01,+3.28970000E-01,+3.28970000E-01,+3.28860000E-01,+3.28910000E-01,+3.28910000E-01,+3.28860000E-01\u000a
p6
aV+3.26750000E-01,+3.26700000E-01,+3.26800000E-01,+3.26750000E-01,+3.26800000E-01,+3.26750000E-01,+3.26860000E-01,+3.26910000E-01,+3.26700000E-01,+3.26800000E-01\u000a
p7
aV+3.25210000E-01,+3.25110000E-01,+3.25160000E-01,+3.25210000E-01,+3.25110000E-01,+3.25160000E-01,+3.25160000E-01,+3.25160000E-01,+3.25160000E-01,+3.25310000E-01\u000a
p8
aV+3.22840000E-01,+3.22890000E-01,+3.23000000E-01,+3.22940000E-01,+3.23100000E-01,+3.23050000E-01,+3.22840000E-01,+3.23000000E-01,+3.23000000E-01,+3.23000000E-01\u000a
p9
aV+3.20220000E-01,+3.20320000E-01,+3.20270000E-01,+3.20320000E-01,+3.20270000E-01,+3.20320000E-01,+3.20270000E-01,+3.20320000E-01,+3.20370000E-01,+3.20320000E-01\u000a
p10
aV+3.18360000E-01,+3.18360000E-01,+3.18360000E-01,+3.18420000E-01,+3.18360000E-01,+3.18470000E-01,+3.18360000E-01,+3.18360000E-01,+3.18420000E-01,+3.18420000E-01\u000a
p11
aV+3.15790000E-01,+3.15790000E-01,+3.15790000E-01,+3.15790000E-01,+3.15840000E-01,+3.15740000E-01,+3.15790000E-01,+3.15840000E-01,+3.15840000E-01,+3.15690000E-01\u000a
p12
aV+3.13470000E-01,+3.13470000E-01,+3.13470000E-01,+3.13470000E-01,+3.13580000E-01,+3.13530000E-01,+3.13530000E-01,+3.13470000E-01,+3.13470000E-01,+3.13470000E-01\u000a
p13
aV+3.10490000E-01,+3.10540000E-01,+3.10640000E-01,+3.10700000E-01,+3.10640000E-01,+3.10640000E-01,+3.10590000E-01,+3.10590000E-01,+3.10540000E-01,+3.10700000E-01\u000a
p14
aV+3.08230000E-01,+3.08280000E-01,+3.08170000E-01,+3.08230000E-01,+3.08230000E-01,+3.08230000E-01,+3.08170000E-01,+3.08170000E-01,+3.08230000E-01,+3.08170000E-01\u000a
p15
aV+3.05290000E-01,+3.05290000E-01,+3.05190000E-01,+3.05340000E-01,+3.05190000E-01,+3.05290000E-01,+3.05340000E-01,+3.05340000E-01,+3.05290000E-01,+3.05190000E-01\u000a
p16
aV+3.02670000E-01,+3.02770000E-01,+3.02770000E-01,+3.02770000E-01,+3.02670000E-01,+3.02820000E-01,+3.02770000E-01,+3.02770000E-01,+3.02720000E-01,+3.02720000E-01\u000a
p17
aV+2.99370000E-01,+2.99320000E-01,+2.99480000E-01,+2.99420000E-01,+2.99480000E-01,+2.99420000E-01,+2.99370000E-01,+2.99370000E-01,+2.99530000E-01,+2.99420000E-01\u000a
p18
aV+2.96700000E-01,+2.96850000E-01,+2.96900000E-01,+2.96900000E-01,+2.96900000E-01,+2.96800000E-01,+2.96800000E-01,+2.96800000E-01,+2.96800000E-01,+2.96800000E-01\u000a
p19
aV+2.93560000E-01,+2.93610000E-01,+2.93510000E-01,+2.93610000E-01,+2.93560000E-01,+2.93560000E-01,+2.93560000E-01,+2.93510000E-01,+2.93610000E-01,+2.93610000E-01\u000a
p20
aV+2.90980000E-01,+2.90980000E-01,+2.90980000E-01,+2.90930000E-01,+2.90980000E-01,+2.90930000E-01,+2.90930000E-01,+2.90980000E-01,+2.90980000E-01,+2.90980000E-01\u000a
p21
aV+2.87480000E-01,+2.87430000E-01,+2.87430000E-01,+2.87430000E-01,+2.87430000E-01,+2.87430000E-01,+2.87540000E-01,+2.87380000E-01,+2.87480000E-01,+2.87430000E-01\u000a
p22
aV+2.87380000E-01,+2.87430000E-01,+2.87480000E-01,+2.87590000E-01,+2.87540000E-01,+2.87480000E-01,+2.87480000E-01,+2.87430000E-01,+2.87540000E-01,+2.87590000E-01\u000a
p23
aV+2.81360000E-01,+2.81460000E-01,+2.81460000E-01,+2.81410000E-01,+2.81670000E-01,+2.81410000E-01,+2.81460000E-01,+2.81510000E-01,+2.81460000E-01,+2.81510000E-01\u000a
p24
aV+2.78020000E-01,+2.78170000E-01,+2.78220000E-01,+2.78020000E-01,+2.78170000E-01,+2.78170000E-01,+2.78120000E-01,+2.78170000E-01,+2.78070000E-01,+2.78120000E-01\u000a
p25
aV+2.75440000E-01,+2.75390000E-01,+2.75390000E-01,+2.75440000E-01,+2.75290000E-01,+2.75340000E-01,+2.75390000E-01,+2.75390000E-01,+2.75390000E-01,+2.75390000E-01\u000a
p26
aV+2.71990000E-01,+2.71990000E-01,+2.71990000E-01,+2.71990000E-01,+2.71990000E-01,+2.71940000E-01,+2.71890000E-01,+2.71890000E-01,+2.72100000E-01,+2.72050000E-01\u000a
p27
aV+2.69210000E-01,+2.69160000E-01,+2.69110000E-01,+2.69210000E-01,+2.69110000E-01,+2.69160000E-01,+2.69110000E-01,+2.69060000E-01,+2.69210000E-01,+2.69110000E-01\u000a
p28
aV+2.65510000E-01,+2.65460000E-01,+2.65460000E-01,+2.65460000E-01,+2.65460000E-01,+2.65410000E-01,+2.65460000E-01,+2.65460000E-01,+2.65460000E-01,+2.65410000E-01\u000a
p29
aV+2.62630000E-01,+2.62520000E-01,+2.62470000E-01,+2.62580000E-01,+2.62520000E-01,+2.62520000E-01,+2.62520000E-01,+2.62580000E-01,+2.62680000E-01,+2.62520000E-01\u000a
p30
aV+2.59020000E-01,+2.59020000E-01,+2.59020000E-01,+2.59020000E-01,+2.58970000E-01,+2.58920000E-01,+2.59020000E-01,+2.59020000E-01,+2.59020000E-01,+2.59080000E-01\u000a
p31
aV+2.56040000E-01,+2.56040000E-01,+2.56090000E-01,+2.56040000E-01,+2.56140000E-01,+2.56040000E-01,+2.55990000E-01,+2.55990000E-01,+2.55990000E-01,+2.56040000E-01\u000a
p32
aV+2.52280000E-01,+2.52280000E-01,+2.52280000E-01,+2.52390000E-01,+2.52180000E-01,+2.52230000E-01,+2.52180000E-01,+2.52180000E-01,+2.52180000E-01,+2.52280000E-01\u000a
p33
aV+2.51970000E-01,+2.52030000E-01,+2.51970000E-01,+2.52030000E-01,+2.51870000E-01,+2.52080000E-01,+2.51970000E-01,+2.51920000E-01,+2.52030000E-01,+2.52030000E-01\u000a
p34
aV+2.45750000E-01,+2.45690000E-01,+2.45640000E-01,+2.45690000E-01,+2.45590000E-01,+2.45640000E-01,+2.45640000E-01,+2.45690000E-01,+2.45640000E-01,+2.45750000E-01\u000a
p35
aV+2.42610000E-01,+2.42660000E-01,+2.42560000E-01,+2.42660000E-01,+2.42610000E-01,+2.42610000E-01,+2.42560000E-01,+2.42560000E-01,+2.42660000E-01,+2.42610000E-01\u000a
p36
aV+2.38800000E-01,+2.38800000E-01,+2.38850000E-01,+2.38800000E-01,+2.38850000E-01,+2.38800000E-01,+2.38750000E-01,+2.38850000E-01,+2.38700000E-01,+2.38900000E-01\u000a
p37
aV+2.35250000E-01,+2.35300000E-01,+2.35250000E-01,+2.35250000E-01,+2.35300000E-01,+2.35250000E-01,+2.35250000E-01,+2.35200000E-01,+2.35200000E-01,+2.35250000E-01\u000a
p38
aV+2.32310000E-01,+2.32210000E-01,+2.32310000E-01,+2.32260000E-01,+2.32260000E-01,+2.32370000E-01,+2.32310000E-01,+2.32310000E-01,+2.32260000E-01,+2.32260000E-01\u000a
p39
aV+2.28450000E-01,+2.28450000E-01,+2.28400000E-01,+2.28450000E-01,+2.28300000E-01,+2.28450000E-01,+2.28400000E-01,+2.28350000E-01,+2.28400000E-01,+2.28350000E-01\u000a
p40
aV+2.25420000E-01,+2.25370000E-01,+2.25370000E-01,+2.25420000E-01,+2.25370000E-01,+2.25370000E-01,+2.25310000E-01,+2.25370000E-01,+2.25210000E-01,+2.25420000E-01\u000a
p41
aV+2.21760000E-01,+2.21920000E-01,+2.21970000E-01,+2.21820000E-01,+2.21920000E-01,+2.21760000E-01,+2.21820000E-01,+2.21920000E-01,+2.21870000E-01,+2.21870000E-01\u000a
p42
aV+2.18730000E-01,+2.18830000E-01,+2.18780000E-01,+2.18830000E-01,+2.18730000E-01,+2.18830000E-01,+2.18880000E-01,+2.18730000E-01,+2.18780000E-01,+2.18730000E-01\u000a
p43
aV+2.15020000E-01,+2.15020000E-01,+2.14920000E-01,+2.15020000E-01,+2.15070000E-01,+2.15020000E-01,+2.14970000E-01,+2.14970000E-01,+2.15020000E-01,+2.14920000E-01\u000a
p44
aV+2.11930000E-01,+2.11880000E-01,+2.12040000E-01,+2.12040000E-01,+2.11930000E-01,+2.11830000E-01,+2.11880000E-01,+2.11990000E-01,+2.11990000E-01,+2.11930000E-01\u000a
p45
aV+2.08490000E-01,+2.08490000E-01,+2.08430000E-01,+2.08430000E-01,+2.08490000E-01,+2.08430000E-01,+2.08380000E-01,+2.08490000E-01,+2.08490000E-01,+2.08380000E-01\u000a
p46
aV+2.05400000E-01,+2.05350000E-01,+2.05350000E-01,+2.05400000E-01,+2.05450000E-01,+2.05400000E-01,+2.05450000E-01,+2.05350000E-01,+2.05400000E-01,+2.05400000E-01\u000a
p47
aV+2.04990000E-01,+2.05040000E-01,+2.05140000E-01,+2.05140000E-01,+2.05090000E-01,+2.05190000E-01,+2.05090000E-01,+2.05090000E-01,+2.05190000E-01,+2.05090000E-01\u000a
p48
aV+1.98300000E-01,+1.98350000E-01,+1.98350000E-01,+1.98300000E-01,+1.98550000E-01,+1.98400000E-01,+1.98300000E-01,+1.98350000E-01,+1.98350000E-01,+1.98240000E-01\u000a
p49
aV+1.94640000E-01,+1.94690000E-01,+1.94590000E-01,+1.94590000E-01,+1.94540000E-01,+1.94540000E-01,+1.94640000E-01,+1.94740000E-01,+1.94540000E-01,+1.94490000E-01\u000a
p50
aV+1.90680000E-01,+1.90680000E-01,+1.90730000E-01,+1.90630000E-01,+1.90730000E-01,+1.90630000E-01,+1.90630000E-01,+1.90630000E-01,+1.90780000E-01,+1.90680000E-01\u000a
p51
aV+1.87280000E-01,+1.87490000E-01,+1.87590000E-01,+1.87490000E-01,+1.87590000E-01,+1.87330000E-01,+1.87380000E-01,+1.87490000E-01,+1.87490000E-01,+1.87490000E-01\u000a
p52
aV+1.83830000E-01,+1.83780000E-01,+1.83830000E-01,+1.83890000E-01,+1.83780000E-01,+1.83830000E-01,+1.83830000E-01,+1.83780000E-01,+1.83730000E-01,+1.83780000E-01\u000a
p53
aV+1.82030000E-01,+1.82190000E-01,+1.81980000E-01,+1.81880000E-01,+1.82030000E-01,+1.82030000E-01,+1.81930000E-01,+1.82030000E-01,+1.81930000E-01,+1.81930000E-01\u000a
p54
aV+1.78220000E-01,+1.78280000E-01,+1.78380000E-01,+1.78430000E-01,+1.78330000E-01,+1.78280000E-01,+1.78330000E-01,+1.78330000E-01,+1.78380000E-01,+1.78330000E-01\u000a
p55
aV+1.75290000E-01,+1.75290000E-01,+1.75190000E-01,+1.75240000E-01,+1.75190000E-01,+1.75240000E-01,+1.75290000E-01,+1.75240000E-01,+1.75240000E-01,+1.75190000E-01\u000a
p56
aV+1.71430000E-01,+1.71280000E-01,+1.71380000E-01,+1.71480000E-01,+1.71330000E-01,+1.71380000E-01,+1.71330000E-01,+1.71280000E-01,+1.71480000E-01,+1.71430000E-01\u000a
p57
aV+1.68240000E-01,+1.68290000E-01,+1.68240000E-01,+1.68190000E-01,+1.68190000E-01,+1.68240000E-01,+1.68190000E-01,+1.68240000E-01,+1.68240000E-01,+1.68290000E-01\u000a
p58
aV+1.64590000E-01,+1.64640000E-01,+1.64640000E-01,+1.64690000E-01,+1.64690000E-01,+1.64640000E-01,+1.64640000E-01,+1.64530000E-01,+1.64640000E-01,+1.64640000E-01\u000a
p59
aV+1.61550000E-01,+1.61650000E-01,+1.61450000E-01,+1.61550000E-01,+1.61550000E-01,+1.61550000E-01,+1.61550000E-01,+1.61600000E-01,+1.61550000E-01,+1.61550000E-01\u000a
p60
aV+1.57590000E-01,+1.57740000E-01,+1.57790000E-01,+1.57690000E-01,+1.57690000E-01,+1.57690000E-01,+1.57540000E-01,+1.57640000E-01,+1.57690000E-01,+1.57590000E-01\u000a
p61
aV+1.54700000E-01,+1.54650000E-01,+1.54760000E-01,+1.54600000E-01,+1.54810000E-01,+1.54550000E-01,+1.54650000E-01,+1.54550000E-01,+1.54650000E-01,+1.54650000E-01\u000a
p62
aV+1.51000000E-01,+1.51100000E-01,+1.51000000E-01,+1.51100000E-01,+1.51100000E-01,+1.50950000E-01,+1.51100000E-01,+1.51050000E-01,+1.51050000E-01,+1.51000000E-01\u000a
p63
aV+1.47960000E-01,+1.48010000E-01,+1.48010000E-01,+1.48170000E-01,+1.48010000E-01,+1.48170000E-01,+1.47960000E-01,+1.48120000E-01,+1.48070000E-01,+1.48070000E-01\u000a
p64
aV+1.44260000E-01,+1.44360000E-01,+1.44150000E-01,+1.44150000E-01,+1.44150000E-01,+1.43900000E-01,+1.44260000E-01,+1.44260000E-01,+1.44260000E-01,+1.44210000E-01\u000a
p65
aV+1.40600000E-01,+1.40600000E-01,+1.40650000E-01,+1.40650000E-01,+1.40550000E-01,+1.40600000E-01,+1.40600000E-01,+1.40600000E-01,+1.40600000E-01,+1.40600000E-01\u000a
p66
aV+1.40240000E-01,+1.40190000E-01,+1.40350000E-01,+1.40350000E-01,+1.40240000E-01,+1.40350000E-01,+1.40290000E-01,+1.40290000E-01,+1.40350000E-01,+1.40240000E-01\u000a
p67
aV+1.33810000E-01,+1.33810000E-01,+1.33760000E-01,+1.33810000E-01,+1.33660000E-01,+1.33760000E-01,+1.33760000E-01,+1.33710000E-01,+1.33810000E-01,+1.33710000E-01\u000a
p68
aV+1.33400000E-01,+1.33550000E-01,+1.33500000E-01,+1.33450000E-01,+1.33450000E-01,+1.33400000E-01,+1.33450000E-01,+1.33500000E-01,+1.33450000E-01,+1.33400000E-01\u000a
p69
aV+1.27380000E-01,+1.27430000E-01,+1.27320000E-01,+1.27380000E-01,+1.27380000E-01,+1.27270000E-01,+1.27320000E-01,+1.27380000E-01,+1.27380000E-01,+1.27380000E-01\u000a
p70
aV+1.24390000E-01,+1.24290000E-01,+1.24390000E-01,+1.24390000E-01,+1.24390000E-01,+1.24440000E-01,+1.24440000E-01,+1.24390000E-01,+1.24390000E-01,+1.24390000E-01\u000a
p71
aV+1.20630000E-01,+1.20740000E-01,+1.20690000E-01,+1.20690000E-01,+1.20690000E-01,+1.20690000E-01,+1.20630000E-01,+1.20630000E-01,+1.20630000E-01,+1.20580000E-01\u000a
p72
aV+1.17700000E-01,+1.17700000E-01,+1.17750000E-01,+1.17750000E-01,+1.17650000E-01,+1.17750000E-01,+1.17700000E-01,+1.17800000E-01,+1.17750000E-01,+1.17700000E-01\u000a
p73
aV+1.14250000E-01,+1.14200000E-01,+1.14100000E-01,+1.14360000E-01,+1.14100000E-01,+1.14150000E-01,+1.14150000E-01,+1.14200000E-01,+1.14200000E-01,+1.14200000E-01\u000a
p74
aV+1.11160000E-01,+1.11160000E-01,+1.11160000E-01,+1.11110000E-01,+1.11060000E-01,+1.11160000E-01,+1.11160000E-01,+1.11160000E-01,+1.11160000E-01,+1.11160000E-01\u000a
p75
aV+1.07410000E-01,+1.07410000E-01,+1.07300000E-01,+1.07360000E-01,+1.07250000E-01,+1.07360000E-01,+1.07410000E-01,+1.07410000E-01,+1.07300000E-01,+1.07250000E-01\u000a
p76
aV+1.06840000E-01,+1.06840000E-01,+1.07050000E-01,+1.06840000E-01,+1.06840000E-01,+1.06840000E-01,+1.06790000E-01,+1.06840000E-01,+1.06940000E-01,+1.06790000E-01\u000a
p77
aV+1.00670000E-01,+1.00770000E-01,+1.00770000E-01,+1.00610000E-01,+1.00770000E-01,+1.00820000E-01,+1.00770000E-01,+1.00770000E-01,+1.00870000E-01,+1.00670000E-01\u000a
p78
aV+9.69100000E-02,+9.69100000E-02,+9.70100000E-02,+9.69100000E-02,+9.68600000E-02,+9.69100000E-02,+9.69100000E-02,+9.69600000E-02,+9.69100000E-02,+9.70600000E-02\u000a
p79
aV+9.40300000E-02,+9.40300000E-02,+9.41300000E-02,+9.40800000E-02,+9.40800000E-02,+9.39800000E-02,+9.41300000E-02,+9.40300000E-02,+9.40800000E-02,+9.40300000E-02\u000a
p80
aV+9.07300000E-02,+9.08400000E-02,+9.07300000E-02,+9.07800000E-02,+9.07300000E-02,+9.07300000E-02,+9.07800000E-02,+9.07300000E-02,+9.07300000E-02,+9.07300000E-02\u000a
p81
aV+8.80600000E-02,+8.81100000E-02,+8.79500000E-02,+8.80600000E-02,+8.81100000E-02,+8.80100000E-02,+8.80600000E-02,+8.80100000E-02,+8.80600000E-02,+8.80600000E-02\u000a
p82
aV+8.47100000E-02,+8.47600000E-02,+8.47600000E-02,+8.47100000E-02,+8.47600000E-02,+8.47600000E-02,+8.47600000E-02,+8.47600000E-02,+8.47100000E-02,+8.47600000E-02\u000a
p83
aV+8.19300000E-02,+8.20400000E-02,+8.19300000E-02,+8.19800000E-02,+8.20900000E-02,+8.20900000E-02,+8.19800000E-02,+8.20400000E-02,+8.19300000E-02,+8.18800000E-02\u000a
p84
aV+7.89000000E-02,+7.88400000E-02,+7.87900000E-02,+7.88400000E-02,+7.86400000E-02,+7.87400000E-02,+7.87900000E-02,+7.88400000E-02,+7.87400000E-02,+7.87400000E-02\u000a
p85
aV+7.59100000E-02,+7.59100000E-02,+7.58600000E-02,+7.59600000E-02,+7.58600000E-02,+7.59100000E-02,+7.59600000E-02,+7.58600000E-02,+7.59100000E-02,+7.58600000E-02\u000a
p86
aV+7.25700000E-02,+7.24100000E-02,+7.25700000E-02,+7.24600000E-02,+7.25100000E-02,+7.25700000E-02,+7.25100000E-02,+7.24600000E-02,+7.25700000E-02,+7.25700000E-02\u000a
p87
aV+6.97900000E-02,+6.98400000E-02,+6.98400000E-02,+6.97900000E-02,+6.96800000E-02,+6.97400000E-02,+6.97900000E-02,+6.97900000E-02,+6.97900000E-02,+6.97900000E-02\u000a
p88
aV+6.67500000E-02,+6.67500000E-02,+6.67000000E-02,+6.67500000E-02,+6.66500000E-02,+6.66000000E-02,+6.64400000E-02,+6.67500000E-02,+6.66500000E-02,+6.67500000E-02\u000a
p89
aV+6.41800000E-02,+6.41800000E-02,+6.41300000E-02,+6.41300000E-02,+6.41300000E-02,+6.41300000E-02,+6.42800000E-02,+6.42800000E-02,+6.42300000E-02,+6.41300000E-02\u000a
p90
aV+6.38200000E-02,+6.39200000E-02,+6.39200000E-02,+6.37700000E-02,+6.38200000E-02,+6.38200000E-02,+6.39200000E-02,+6.38700000E-02,+6.39200000E-02,+6.39700000E-02\u000a
p91
aV+5.82600000E-02,+5.82600000E-02,+5.83600000E-02,+5.82100000E-02,+5.83600000E-02,+5.83600000E-02,+5.82600000E-02,+5.83100000E-02,+5.83100000E-02,+5.83100000E-02\u000a
p92
aV+5.53800000E-02,+5.53800000E-02,+5.54300000E-02,+5.53300000E-02,+5.53800000E-02,+5.53300000E-02,+5.52700000E-02,+5.53300000E-02,+5.52700000E-02,+5.52200000E-02\u000a
p93
aV+5.21900000E-02,+5.22900000E-02,+5.23400000E-02,+5.23400000E-02,+5.21300000E-02,+5.20300000E-02,+5.23400000E-02,+5.22900000E-02,+5.22900000E-02,+5.22900000E-02\u000a
p94
aV+4.99200000E-02,+4.98700000E-02,+4.99200000E-02,+4.98700000E-02,+4.97700000E-02,+4.98200000E-02,+4.98700000E-02,+4.98200000E-02,+4.98700000E-02,+4.97200000E-02\u000a
p95
aV+4.70400000E-02,+4.70900000E-02,+4.70900000E-02,+4.70900000E-02,+4.70900000E-02,+4.69900000E-02,+4.70400000E-02,+4.70900000E-02,+4.70900000E-02,+4.70900000E-02\u000a
p96
aV+4.47700000E-02,+4.47200000E-02,+4.47700000E-02,+4.47700000E-02,+4.47700000E-02,+4.48300000E-02,+4.47200000E-02,+4.49300000E-02,+4.48300000E-02,+4.47700000E-02\u000a
p97
aV+4.17900000E-02,+4.17400000E-02,+4.17400000E-02,+4.18400000E-02,+4.17900000E-02,+4.17900000E-02,+4.17400000E-02,+4.17900000E-02,+4.17900000E-02,+4.17900000E-02\u000a
p98
aV+3.95800000E-02,+3.96300000E-02,+3.96300000E-02,+3.95800000E-02,+3.96300000E-02,+3.96300000E-02,+3.96300000E-02,+3.95300000E-02,+3.95300000E-02,+3.95300000E-02\u000a
p99
aV+3.71100000E-02,+3.69500000E-02,+3.70500000E-02,+3.70000000E-02,+3.70000000E-02,+3.69500000E-02,+3.70500000E-02,+3.70000000E-02,+3.70500000E-02,+3.70000000E-02\u000a
p100
aV+3.48900000E-02,+3.48900000E-02,+3.49400000E-02,+3.49400000E-02,+3.49400000E-02,+3.47900000E-02,+3.49400000E-02,+3.49400000E-02,+3.49400000E-02,+3.50000000E-02\u000a
p101
aV+3.22700000E-02,+3.23200000E-02,+3.23700000E-02,+3.23700000E-02,+3.23200000E-02,+3.22700000E-02,+3.22200000E-02,+3.22700000E-02,+3.23200000E-02,+3.22700000E-02\u000a
p102
aV+3.21100000E-02,+3.21700000E-02,+3.21100000E-02,+3.20600000E-02,+3.20600000E-02,+3.21100000E-02,+3.21100000E-02,+3.20600000E-02,+3.21100000E-02,+3.21700000E-02\u000a
p103
aV+2.82000000E-02,+2.81500000E-02,+2.81500000E-02,+2.82500000E-02,+2.81500000E-02,+2.81500000E-02,+2.82000000E-02,+2.81000000E-02,+2.81500000E-02,+2.81500000E-02\u000a
p104
aV+2.62500000E-02,+2.63000000E-02,+2.62000000E-02,+2.62500000E-02,+2.63500000E-02,+2.63000000E-02,+2.63000000E-02,+2.64000000E-02,+2.63000000E-02,+2.62500000E-02\u000a
p105
aV+2.38800000E-02,+2.39800000E-02,+2.38800000E-02,+2.38300000E-02,+2.38300000E-02,+2.38300000E-02,+2.38800000E-02,+2.38800000E-02,+2.39300000E-02,+2.39300000E-02\u000a
p106
aV+2.18200000E-02,+2.17700000E-02,+2.17700000E-02,+2.18200000E-02,+2.18700000E-02,+2.19200000E-02,+2.17200000E-02,+2.18200000E-02,+2.19800000E-02,+2.17700000E-02\u000a
p107
aV+2.01700000E-02,+2.02300000E-02,+2.01700000E-02,+2.00700000E-02,+2.02800000E-02,+2.01200000E-02,+2.01700000E-02,+2.01700000E-02,+2.01700000E-02,+1.99700000E-02\u000a
p108
aV+1.82700000E-02,+1.81700000E-02,+1.81700000E-02,+1.82200000E-02,+1.80600000E-02,+1.82200000E-02,+1.82700000E-02,+1.80100000E-02,+1.81200000E-02,+1.81700000E-02\u000a
p109
aV+1.66700000E-02,+1.66700000E-02,+1.67300000E-02,+1.67300000E-02,+1.66700000E-02,+1.67300000E-02,+1.66700000E-02,+1.67800000E-02,+1.66700000E-02,+1.66200000E-02\u000a
p110
aV+1.52900000E-02,+1.51800000E-02,+1.52300000E-02,+1.51800000E-02,+1.52300000E-02,+1.52300000E-02,+1.52300000E-02,+1.52900000E-02,+1.53400000E-02,+1.52900000E-02\u000a
p111
aV+1.38400000E-02,+1.39000000E-02,+1.39000000E-02,+1.38400000E-02,+1.39000000E-02,+1.39000000E-02,+1.38400000E-02,+1.38400000E-02,+1.39000000E-02,+1.40000000E-02\u000a
p112
aV+1.22000000E-02,+1.21500000E-02,+1.21500000E-02,+1.21500000E-02,+1.20900000E-02,+1.22000000E-02,+1.22000000E-02,+1.21500000E-02,+1.22000000E-02,+1.21500000E-02\u000a
p113
aV+1.10100000E-02,+1.10700000E-02,+1.09100000E-02,+1.08600000E-02,+1.07600000E-02,+1.09100000E-02,+1.10100000E-02,+1.09100000E-02,+1.08600000E-02,+1.08600000E-02\u000a
p114
aV+9.62000000E-03,+9.57000000E-03,+9.57000000E-03,+9.62000000E-03,+9.62000000E-03,+9.62000000E-03,+9.62000000E-03,+9.62000000E-03,+9.57000000E-03,+9.62000000E-03\u000a
p115
aV+8.49000000E-03,+8.49000000E-03,+8.54000000E-03,+8.59000000E-03,+8.54000000E-03,+8.49000000E-03,+8.54000000E-03,+8.65000000E-03,+8.59000000E-03,+8.44000000E-03\u000a
p116
aV+7.21000000E-03,+7.31000000E-03,+7.36000000E-03,+7.31000000E-03,+7.26000000E-03,+7.41000000E-03,+7.31000000E-03,+7.31000000E-03,+7.46000000E-03,+7.31000000E-03\u000a
p117
aV+6.43000000E-03,+6.48000000E-03,+6.43000000E-03,+6.48000000E-03,+6.48000000E-03,+6.48000000E-03,+6.48000000E-03,+6.43000000E-03,+6.48000000E-03,+6.48000000E-03\u000a
p118
aV+5.56000000E-03,+5.46000000E-03,+5.56000000E-03,+5.61000000E-03,+5.51000000E-03,+5.61000000E-03,+5.51000000E-03,+5.51000000E-03,+5.56000000E-03,+5.51000000E-03\u000a
p119
aV+4.84000000E-03,+4.84000000E-03,+4.84000000E-03,+4.84000000E-03,+4.79000000E-03,+4.79000000E-03,+4.79000000E-03,+4.84000000E-03,+4.89000000E-03,+4.89000000E-03\u000a
p120
aV+4.07000000E-03,+3.96000000E-03,+3.96000000E-03,+4.07000000E-03,+3.91000000E-03,+4.01000000E-03,+4.01000000E-03,+4.01000000E-03,+4.07000000E-03,+3.91000000E-03\u000a
p121
aV+3.91000000E-03,+4.01000000E-03,+3.91000000E-03,+3.91000000E-03,+3.96000000E-03,+3.96000000E-03,+4.01000000E-03,+4.01000000E-03,+3.96000000E-03,+3.96000000E-03\u000a
p122
aV+2.93000000E-03,+2.88000000E-03,+2.83000000E-03,+2.78000000E-03,+2.83000000E-03,+2.88000000E-03,+2.88000000E-03,+2.88000000E-03,+2.83000000E-03,+2.83000000E-03\u000a
p123
aV+2.37000000E-03,+2.32000000E-03,+2.32000000E-03,+2.37000000E-03,+2.57000000E-03,+2.26000000E-03,+2.42000000E-03,+2.47000000E-03,+2.32000000E-03,+2.26000000E-03\u000a
p124
aV+2.06000000E-03,+2.11000000E-03,+2.06000000E-03,+2.01000000E-03,+2.01000000E-03,+2.01000000E-03,+2.11000000E-03,+2.01000000E-03,+1.96000000E-03,+1.96000000E-03\u000a
p125
aV+1.60000000E-03,+1.65000000E-03,+1.65000000E-03,+1.70000000E-03,+1.65000000E-03,+1.80000000E-03,+1.54000000E-03,+1.54000000E-03,+1.70000000E-03,+1.75000000E-03\u000a
p126
aV+1.39000000E-03,+1.34000000E-03,+1.39000000E-03,+1.44000000E-03,+1.49000000E-03,+1.44000000E-03,+1.49000000E-03,+1.39000000E-03,+1.44000000E-03,+1.39000000E-03\u000a
p127
aV+1.13000000E-03,+1.24000000E-03,+1.08000000E-03,+1.13000000E-03,+1.13000000E-03,+1.18000000E-03,+1.29000000E-03,+1.03000000E-03,+1.13000000E-03,+1.08000000E-03\u000a
p128
aV+9.80000000E-04,+9.30000000E-04,+9.30000000E-04,+9.80000000E-04,+8.70000000E-04,+8.70000000E-04,+1.03000000E-03,+9.30000000E-04,+9.80000000E-04,+9.80000000E-04\u000a
p129
aV+7.70000000E-04,+7.20000000E-04,+8.70000000E-04,+7.70000000E-04,+7.20000000E-04,+7.20000000E-04,+7.70000000E-04,+7.20000000E-04,+7.70000000E-04,+8.20000000E-04\u000a
p130
aV+6.20000000E-04,+6.70000000E-04,+8.70000000E-04,+5.70000000E-04,+6.70000000E-04,+6.70000000E-04,+6.70000000E-04,+6.70000000E-04,+6.70000000E-04,+6.20000000E-04\u000a
p131
aV+5.10000000E-04,+6.20000000E-04,+4.60000000E-04,+5.70000000E-04,+5.10000000E-04,+5.70000000E-04,+5.70000000E-04,+4.60000000E-04,+6.20000000E-04,+5.70000000E-04\u000a
p132
aV+4.60000000E-04,+4.10000000E-04,+5.70000000E-04,+4.10000000E-04,+4.10000000E-04,+4.10000000E-04,+4.10000000E-04,+5.10000000E-04,+4.10000000E-04,+4.10000000E-04\u000a
p133
aV+2.60000000E-04,+2.60000000E-04,+4.10000000E-04,+4.10000000E-04,+3.60000000E-04,+4.60000000E-04,+2.60000000E-04,+3.60000000E-04,+2.60000000E-04,+4.10000000E-04\u000a
p134
aV+2.10000000E-04,+2.60000000E-04,+2.60000000E-04,+2.10000000E-04,+2.60000000E-04,+4.10000000E-04,+3.10000000E-04,+2.60000000E-04,+3.60000000E-04,+2.10000000E-04\u000a
p135
aV+2.10000000E-04,+2.60000000E-04,+2.10000000E-04,+2.60000000E-04,+1.50000000E-04,+1.50000000E-04,+2.60000000E-04,+2.60000000E-04,+3.10000000E-04,+1.50000000E-04\u000a
p136
aV+2.10000000E-04,+2.10000000E-04,+1.50000000E-04,+2.60000000E-04,+2.10000000E-04,+1.50000000E-04,+2.60000000E-04,+2.60000000E-04,+2.10000000E-04,+1.50000000E-04\u000a
p137
aV+2.10000000E-04,+0.00000000E-05,+1.50000000E-04,+1.50000000E-04,+1.00000000E-04,+2.10000000E-04,+2.10000000E-04,+0.00000000E-05,+2.10000000E-04,+2.10000000E-04\u000a
p138
aV+1.00000000E-04,+5.00000000E-05,+1.50000000E-04,+5.00000000E-05,+1.00000000E-04,+1.00000000E-04,+1.00000000E-04,+1.00000000E-04,+5.00000000E-05,+5.00000000E-05\u000a
p139
aV+5.00000000E-05,+1.50000000E-04,+5.00000000E-05,-5.00000000E-05,+1.00000000E-04,+0.00000000E-05,+1.50000000E-04,+1.50000000E-04,+5.00000000E-05,+5.00000000E-05\u000a
p140
aV+1.00000000E-04,+1.00000000E-04,+2.10000000E-04,+1.50000000E-04,+0.00000000E-05,+1.00000000E-04,+0.00000000E-05,+1.00000000E-04,+0.00000000E-05,+1.50000000E-04\u000a
p141
aV+5.00000000E-05,-5.00000000E-05,+1.50000000E-04,+5.00000000E-05,+5.00000000E-05,+5.00000000E-05,+0.00000000E-05,+5.00000000E-05,+1.00000000E-04,+5.00000000E-05\u000a
p142
aV-5.00000000E-05,+0.00000000E-05,+0.00000000E-05,+5.00000000E-05,+2.10000000E-04,+1.50000000E-04,-5.00000000E-05,+0.00000000E-05,+5.00000000E-05,+5.00000000E-05\u000a
p143
aV+1.00000000E-04,+0.00000000E-05,-5.00000000E-05,+5.00000000E-05,+5.00000000E-05,+5.00000000E-05,+5.00000000E-05,+1.50000000E-04,+1.00000000E-04,-5.00000000E-05\u000a
p144
aV+5.00000000E-05,+0.00000000E-05,-5.00000000E-05,+0.00000000E-05,+0.00000000E-05,+0.00000000E-05,+1.00000000E-04,-5.00000000E-05,+0.00000000E-05,+0.00000000E-05\u000a
p145
aV+0.00000000E-05,-5.00000000E-05,+0.00000000E-05,+0.00000000E-05,+5.00000000E-05,+0.00000000E-05,+5.00000000E-05,-5.00000000E-05,+0.00000000E-05,+1.00000000E-04\u000a
p146
aV+0.00000000E-05,+0.00000000E-05,-5.00000000E-05,+0.00000000E-05,+1.00000000E-04,+1.00000000E-04,-1.00000000E-04,-5.00000000E-05,+0.00000000E-05,+5.00000000E-05\u000a
p147
aV+0.00000000E-05,+1.00000000E-04,-5.00000000E-05,-1.00000000E-04,+5.00000000E-05,+0.00000000E-05,+0.00000000E-05,+1.00000000E-04,+0.00000000E-05,+0.00000000E-05\u000a
p148
aV+0.00000000E-05,+0.00000000E-05,-5.00000000E-05,+0.00000000E-05,+0.00000000E-05,+0.00000000E-05,+1.00000000E-04,+0.00000000E-05,+0.00000000E-05,+5.00000000E-05\u000a
p149
aV+0.00000000E-05,-1.00000000E-04,+1.00000000E-04,-5.00000000E-05,+0.00000000E-05,+5.00000000E-05,-1.00000000E-04,+0.00000000E-05,+5.00000000E-05,-5.00000000E-05\u000a
p150
aV-5.00000000E-05,-5.00000000E-05,+0.00000000E-05,+0.00000000E-05,+0.00000000E-05,-5.00000000E-05,-5.00000000E-05,+0.00000000E-05,-5.00000000E-05,-5.00000000E-05\u000a
p151
aV+0.00000000E-05,+0.00000000E-05,+0.00000000E-05,+0.00000000E-05,-1.00000000E-04,-5.00000000E-05,+0.00000000E-05,+0.00000000E-05,+5.00000000E-05,-1.00000000E-04\u000a
p152
aV-5.00000000E-05,-5.00000000E-05,-5.00000000E-05,+5.00000000E-05,+5.00000000E-05,-5.00000000E-05,+0.00000000E-05,+0.00000000E-05,-5.00000000E-05,+5.00000000E-05\u000a
p153
aV-5.00000000E-05,-1.00000000E-04,+5.00000000E-05,+0.00000000E-05,+0.00000000E-05,+0.00000000E-05,+5.00000000E-05,-1.00000000E-04,+1.00000000E-04,+0.00000000E-05\u000a
p154
aV+5.00000000E-05,+0.00000000E-05,-5.00000000E-05,+1.00000000E-04,-5.00000000E-05,-5.00000000E-05,+1.00000000E-04,-5.00000000E-05,-1.00000000E-04,+0.00000000E-05\u000a
p155
aV-5.00000000E-05,+0.00000000E-05,+5.00000000E-05,+0.00000000E-05,-1.00000000E-04,+0.00000000E-05,+0.00000000E-05,+5.00000000E-05,-5.00000000E-05,-1.50000000E-04\u000a
p156
aV+0.00000000E-05,+0.00000000E-05,+0.00000000E-05,-5.00000000E-05,+5.00000000E-05,-1.00000000E-04,+5.00000000E-05,+0.00000000E-05,-5.00000000E-05,+0.00000000E-05\u000a
p157
aV+0.00000000E-05,+0.00000000E-05,-5.00000000E-05,+0.00000000E-05,-5.00000000E-05,+0.00000000E-05,+5.00000000E-05,+0.00000000E-05,-5.00000000E-05,-1.50000000E-04\u000a
p158
aV+5.00000000E-05,+0.00000000E-05,-5.00000000E-05,-1.00000000E-04,+0.00000000E-05,+0.00000000E-05,+5.00000000E-05,+0.00000000E-05,+0.00000000E-05,+0.00000000E-05\u000a
p159
aV+2.60000000E-04,+0.00000000E-05,+0.00000000E-05,+5.00000000E-05,-5.00000000E-05,+0.00000000E-05,+5.00000000E-05,+0.00000000E-05,+0.00000000E-05,+0.00000000E-05\u000a
p160
aV+5.00000000E-05,-5.00000000E-05,-5.00000000E-05,+0.00000000E-05,+5.00000000E-05,+5.00000000E-05,-5.00000000E-05,+0.00000000E-05,-1.00000000E-04,-5.00000000E-05\u000a
p161
aV-5.00000000E-05,-5.00000000E-05,+0.00000000E-05,-5.00000000E-05,-5.00000000E-05,-5.00000000E-05,-5.00000000E-05,-1.00000000E-04,+5.00000000E-05,-1.00000000E-04\u000a
p162
aV-5.00000000E-05,+0.00000000E-05,+0.00000000E-05,+0.00000000E-05,+0.00000000E-05,-1.00000000E-04,+5.00000000E-05,+5.00000000E-05,+5.00000000E-05,-1.00000000E-04\u000a
p163
aV+0.00000000E-05,+5.00000000E-05,+0.00000000E-05,+0.00000000E-05,-5.00000000E-05,-5.00000000E-05,+0.00000000E-05,+5.00000000E-05,-5.00000000E-05,+5.00000000E-05\u000a
p164
aV-5.00000000E-05,+0.00000000E-05,+0.00000000E-05,+1.00000000E-04,+0.00000000E-05,-2.10000000E-04,-5.00000000E-05,+5.00000000E-05,+0.00000000E-05,-5.00000000E-05\u000a
p165
aV-1.00000000E-04,+0.00000000E-05,+5.00000000E-05,+0.00000000E-05,+1.00000000E-04,-1.00000000E-04,-5.00000000E-05,+5.00000000E-05,+5.00000000E-05,+0.00000000E-05\u000a
p166
aV-5.00000000E-05,+0.00000000E-05,+5.00000000E-05,-5.00000000E-05,-5.00000000E-05,-5.00000000E-05,-5.00000000E-05,+0.00000000E-05,+0.00000000E-05,+0.00000000E-05\u000a
p167
aV+5.00000000E-05,+5.00000000E-05,+0.00000000E-05,+0.00000000E-05,-1.00000000E-04,+0.00000000E-05,-1.00000000E-04,+0.00000000E-05,+0.00000000E-05,+0.00000000E-05\u000a
p168
aV+0.00000000E-05,+5.00000000E-05,-5.00000000E-05,+0.00000000E-05,-5.00000000E-05,-1.00000000E-04,+1.00000000E-04,-5.00000000E-05,-1.00000000E-04,-5.00000000E-05\u000a
p169
aV-1.00000000E-04,-5.00000000E-05,+0.00000000E-05,+0.00000000E-05,+0.00000000E-05,+5.00000000E-05,-5.00000000E-05,+0.00000000E-05,+5.00000000E-05,+5.00000000E-05\u000a
p170
aV+0.00000000E-05,+5.00000000E-05,-1.00000000E-04,+1.00000000E-04,+5.00000000E-05,+0.00000000E-05,+0.00000000E-05,+0.00000000E-05,-5.00000000E-05,+0.00000000E-05\u000a
p171
aV+0.00000000E-05,+0.00000000E-05,+5.00000000E-05,+0.00000000E-05,+0.00000000E-05,-1.00000000E-04,-2.10000000E-04,-1.00000000E-04,+5.00000000E-05,+5.00000000E-05\u000a
p172
aV-5.00000000E-05,+0.00000000E-05,+5.00000000E-05,-5.00000000E-05,+0.00000000E-05,+5.00000000E-05,+5.00000000E-05,+0.00000000E-05,+5.00000000E-05,-5.00000000E-05\u000a
p173
aV+0.00000000E-05,+0.00000000E-05,+0.00000000E-05,+0.00000000E-05,-5.00000000E-05,-1.00000000E-04,+1.00000000E-04,-5.00000000E-05,-1.00000000E-04,+0.00000000E-05\u000a
p174
aV+0.00000000E-05,-5.00000000E-05,-5.00000000E-05,+0.00000000E-05,-5.00000000E-05,+5.00000000E-05,+0.00000000E-05,+0.00000000E-05,+0.00000000E-05,+0.00000000E-05\u000a
p175
aV-1.50000000E-04,+0.00000000E-05,+5.00000000E-05,+0.00000000E-05,+5.00000000E-05,+5.00000000E-05,-5.00000000E-05,+0.00000000E-05,+5.00000000E-05,+5.00000000E-05\u000a
p176
aV+0.00000000E-05,+5.00000000E-05,+5.00000000E-05,+5.00000000E-05,+5.00000000E-05,+0.00000000E-05,-5.00000000E-05,-5.00000000E-05,+0.00000000E-05,-5.00000000E-05\u000a
p177
aV+0.00000000E-05,+0.00000000E-05,+0.00000000E-05,-5.00000000E-05,-5.00000000E-05,+1.00000000E-04,+0.00000000E-05,+0.00000000E-05,+0.00000000E-05,-5.00000000E-05\u000a
p178
aV-5.00000000E-05,+0.00000000E-05,-1.00000000E-04,+0.00000000E-05,-5.00000000E-05,-5.00000000E-05,+5.00000000E-05,+5.00000000E-05,+5.00000000E-05,-5.00000000E-05\u000a
p179
aV+0.00000000E-05,+0.00000000E-05,-5.00000000E-05,-5.00000000E-05,+0.00000000E-05,+5.00000000E-05,+5.00000000E-05,+0.00000000E-05,-5.00000000E-05,+0.00000000E-05\u000a
p180
aV-1.00000000E-04,-5.00000000E-05,+0.00000000E-05,+1.50000000E-04,+0.00000000E-05,+1.00000000E-04,+0.00000000E-05,-5.00000000E-05,-5.00000000E-05,+0.00000000E-05\u000a
p181
aV+0.00000000E-05,-5.00000000E-05,+0.00000000E-05,+0.00000000E-05,+5.00000000E-05,+1.50000000E-04,+1.00000000E-04,-1.00000000E-04,-1.50000000E-04,-1.00000000E-04\u000a
p182
aV+0.00000000E-05,+5.00000000E-05,+5.00000000E-05,-2.10000000E-04,-5.00000000E-05,+0.00000000E-05,-5.00000000E-05,+0.00000000E-05,+0.00000000E-05,+5.00000000E-05\u000a
p183
aV+5.00000000E-05,+5.00000000E-05,-5.00000000E-05,+0.00000000E-05,+5.00000000E-05,-5.00000000E-05,-5.00000000E-05,+5.00000000E-05,+5.00000000E-05,-1.00000000E-04\u000a
p184
aV+5.00000000E-05,+1.00000000E-04,-5.00000000E-05,+5.00000000E-05,-5.00000000E-05,-5.00000000E-05,+5.00000000E-05,+0.00000000E-05,+0.00000000E-05,+0.00000000E-05\u000a
p185
aV-5.00000000E-05,-5.00000000E-05,+0.00000000E-05,+0.00000000E-05,-5.00000000E-05,+5.00000000E-05,+5.00000000E-05,-5.00000000E-05,-5.00000000E-05,+0.00000000E-05\u000a
p186
aV-5.00000000E-05,+0.00000000E-05,+0.00000000E-05,-1.00000000E-04,-5.00000000E-05,+0.00000000E-05,-5.00000000E-05,+0.00000000E-05,-5.00000000E-05,-1.00000000E-04\u000a
p187
aV+0.00000000E-05,-5.00000000E-05,-5.00000000E-05,+0.00000000E-05,+0.00000000E-05,+0.00000000E-05,+1.00000000E-04,+5.00000000E-05,+2.60000000E-04,-5.00000000E-05\u000a
p188
aV-5.00000000E-05,+5.00000000E-05,+5.00000000E-05,-5.00000000E-05,+5.00000000E-05,+0.00000000E-05,+0.00000000E-05,+0.00000000E-05,-5.00000000E-05,-1.00000000E-04\u000a
p189
aV+0.00000000E-05,-5.00000000E-05,+0.00000000E-05,+0.00000000E-05,-5.00000000E-05,-5.00000000E-05,+0.00000000E-05,-1.00000000E-04,-5.00000000E-05,-5.00000000E-05\u000a
p190
a.