(lp0
V+1.60000000E-03,+2.10000000E-03,+2.10000000E-03,+2.10000000E-03,+1.60000000E-03,+2.10000000E-03,+1.60000000E-03,+2.10000000E-03,+2.10000000E-03,+1.60000000E-03\u000a
p1
aV+1.04000000E-02,+1.15000000E-02,+1.15000000E-02,+1.04000000E-02,+1.15000000E-02,+1.10000000E-02,+1.10000000E-02,+1.15000000E-02,+1.10000000E-02,+1.04000000E-02\u000a
p2
aV+2.19000000E-02,+2.19000000E-02,+2.25000000E-02,+2.25000000E-02,+2.25000000E-02,+2.19000000E-02,+2.19000000E-02,+2.19000000E-02,+2.25000000E-02,+2.25000000E-02\u000a
p3
aV+3.03000000E-02,+3.03000000E-02,+3.13000000E-02,+3.08000000E-02,+3.08000000E-02,+3.13000000E-02,+3.08000000E-02,+3.08000000E-02,+3.08000000E-02,+3.13000000E-02\u000a
p4
aV+4.18000000E-02,+4.13000000E-02,+4.13000000E-02,+4.13000000E-02,+4.13000000E-02,+4.13000000E-02,+4.18000000E-02,+4.13000000E-02,+4.13000000E-02,+4.18000000E-02\u000a
p5
aV+5.07000000E-02,+5.07000000E-02,+5.01000000E-02,+5.01000000E-02,+5.07000000E-02,+5.01000000E-02,+5.01000000E-02,+5.07000000E-02,+5.01000000E-02,+5.01000000E-02\u000a
p6
aV+6.22000000E-02,+6.16000000E-02,+6.22000000E-02,+6.22000000E-02,+6.16000000E-02,+6.27000000E-02,+6.27000000E-02,+6.27000000E-02,+6.16000000E-02,+6.22000000E-02\u000a
p7
aV+7.16000000E-02,+7.16000000E-02,+7.10000000E-02,+7.10000000E-02,+7.05000000E-02,+7.10000000E-02,+7.05000000E-02,+7.10000000E-02,+7.10000000E-02,+7.10000000E-02\u000a
p8
aV+8.20000000E-02,+8.20000000E-02,+8.20000000E-02,+8.20000000E-02,+8.15000000E-02,+8.15000000E-02,+8.15000000E-02,+8.15000000E-02,+8.20000000E-02,+8.15000000E-02\u000a
p9
aV+9.04000000E-02,+9.04000000E-02,+9.09000000E-02,+9.04000000E-02,+9.04000000E-02,+9.04000000E-02,+8.98000000E-02,+9.04000000E-02,+9.04000000E-02,+9.04000000E-02\u000a
p10
aV+1.01300000E-01,+1.02400000E-01,+1.02400000E-01,+1.01300000E-01,+1.02400000E-01,+1.01900000E-01,+1.01300000E-01,+1.01900000E-01,+1.01900000E-01,+1.01900000E-01\u000a
p11
aV+1.10700000E-01,+1.10700000E-01,+1.09700000E-01,+1.10200000E-01,+1.10700000E-01,+1.10200000E-01,+1.10700000E-01,+1.10700000E-01,+1.09700000E-01,+1.10700000E-01\u000a
p12
aV+1.21200000E-01,+1.21200000E-01,+1.21200000E-01,+1.21200000E-01,+1.20700000E-01,+1.21200000E-01,+1.20700000E-01,+1.20700000E-01,+1.21200000E-01,+1.21200000E-01\u000a
p13
aV+1.30600000E-01,+1.30100000E-01,+1.30100000E-01,+1.30100000E-01,+1.30100000E-01,+1.29500000E-01,+1.29500000E-01,+1.30100000E-01,+1.30100000E-01,+1.30100000E-01\u000a
p14
aV+1.30100000E-01,+1.30100000E-01,+1.30600000E-01,+1.30600000E-01,+1.29500000E-01,+1.30100000E-01,+1.29500000E-01,+1.29500000E-01,+1.30100000E-01,+1.30600000E-01\u000a
p15
aV+1.53100000E-01,+1.52000000E-01,+1.52500000E-01,+1.52500000E-01,+1.52500000E-01,+1.52500000E-01,+1.53100000E-01,+1.53100000E-01,+1.52500000E-01,+1.52500000E-01\u000a
p16
aV+1.61400000E-01,+1.61400000E-01,+1.61900000E-01,+1.61900000E-01,+1.61900000E-01,+1.61400000E-01,+1.61400000E-01,+1.61400000E-01,+1.61400000E-01,+1.61400000E-01\u000a
p17
aV+1.72400000E-01,+1.72400000E-01,+1.72900000E-01,+1.72900000E-01,+1.72900000E-01,+1.72900000E-01,+1.72900000E-01,+1.71900000E-01,+1.72400000E-01,+1.72900000E-01\u000a
p18
aV+1.81300000E-01,+1.81300000E-01,+1.81300000E-01,+1.81800000E-01,+1.81300000E-01,+1.81800000E-01,+1.81800000E-01,+1.81300000E-01,+1.81300000E-01,+1.81300000E-01\u000a
p19
aV+1.91700000E-01,+1.92200000E-01,+1.92200000E-01,+1.92200000E-01,+1.92200000E-01,+1.92200000E-01,+1.92200000E-01,+1.92800000E-01,+1.92200000E-01,+1.92200000E-01\u000a
p20
aV+2.01100000E-01,+2.00600000E-01,+2.00600000E-01,+2.01100000E-01,+2.01100000E-01,+2.01100000E-01,+2.00600000E-01,+2.01100000E-01,+2.01100000E-01,+2.01100000E-01\u000a
p21
aV+2.13100000E-01,+2.13100000E-01,+2.13100000E-01,+2.12600000E-01,+2.12600000E-01,+2.13100000E-01,+2.12600000E-01,+2.13100000E-01,+2.12600000E-01,+2.12600000E-01\u000a
p22
aV+2.22000000E-01,+2.21500000E-01,+2.21500000E-01,+2.22000000E-01,+2.22000000E-01,+2.21500000E-01,+2.22000000E-01,+2.22000000E-01,+2.22500000E-01,+2.21500000E-01\u000a
p23
aV+2.31900000E-01,+2.31900000E-01,+2.33000000E-01,+2.32500000E-01,+2.32500000E-01,+2.31900000E-01,+2.32500000E-01,+2.32500000E-01,+2.32500000E-01,+2.32500000E-01\u000a
p24
aV+2.42900000E-01,+2.43400000E-01,+2.42900000E-01,+2.42400000E-01,+2.42900000E-01,+2.42400000E-01,+2.42900000E-01,+2.42900000E-01,+2.42400000E-01,+2.42400000E-01\u000a
p25
aV+2.47100000E-01,+2.47100000E-01,+2.47100000E-01,+2.47100000E-01,+2.46600000E-01,+2.47100000E-01,+2.47100000E-01,+2.46600000E-01,+2.47100000E-01,+2.47100000E-01\u000a
p26
aV+2.55400000E-01,+2.56000000E-01,+2.56000000E-01,+2.55400000E-01,+2.56000000E-01,+2.55400000E-01,+2.56000000E-01,+2.56000000E-01,+2.56000000E-01,+2.56000000E-01\u000a
p27
aV+2.67500000E-01,+2.68000000E-01,+2.67500000E-01,+2.67500000E-01,+2.68000000E-01,+2.67500000E-01,+2.67500000E-01,+2.68000000E-01,+2.68000000E-01,+2.68000000E-01\u000a
p28
aV+2.76900000E-01,+2.76300000E-01,+2.76300000E-01,+2.76300000E-01,+2.76900000E-01,+2.76300000E-01,+2.76900000E-01,+2.76300000E-01,+2.76900000E-01,+2.76300000E-01\u000a
p29
aV+2.87300000E-01,+2.87300000E-01,+2.87300000E-01,+2.86800000E-01,+2.87300000E-01,+2.86800000E-01,+2.87300000E-01,+2.86800000E-01,+2.86800000E-01,+2.86800000E-01\u000a
p30
aV+2.99300000E-01,+2.98800000E-01,+2.98800000E-01,+2.98300000E-01,+2.98300000E-01,+2.98800000E-01,+2.98300000E-01,+2.98800000E-01,+2.98800000E-01,+2.98800000E-01\u000a
p31
aV+3.07700000E-01,+3.07200000E-01,+3.07700000E-01,+3.07200000E-01,+3.07700000E-01,+3.07700000E-01,+3.07200000E-01,+3.07200000E-01,+3.07700000E-01,+3.07200000E-01\u000a
p32
aV+3.17600000E-01,+3.17600000E-01,+3.18100000E-01,+3.17600000E-01,+3.17600000E-01,+3.17600000E-01,+3.17600000E-01,+3.17600000E-01,+3.17600000E-01,+3.17600000E-01\u000a
p33
aV+3.26500000E-01,+3.27000000E-01,+3.26500000E-01,+3.26500000E-01,+3.26000000E-01,+3.26500000E-01,+3.26500000E-01,+3.26500000E-01,+3.26000000E-01,+3.26500000E-01\u000a
p34
aV+3.38000000E-01,+3.38500000E-01,+3.38500000E-01,+3.38500000E-01,+3.38500000E-01,+3.38000000E-01,+3.38000000E-01,+3.38500000E-01,+3.38500000E-01,+3.38500000E-01\u000a
p35
aV+3.47400000E-01,+3.47400000E-01,+3.47400000E-01,+3.47400000E-01,+3.47400000E-01,+3.47400000E-01,+3.47900000E-01,+3.47400000E-01,+3.47900000E-01,+3.47900000E-01\u000a
p36
aV+3.57800000E-01,+3.57800000E-01,+3.57800000E-01,+3.57800000E-01,+3.57800000E-01,+3.58300000E-01,+3.57800000E-01,+3.57800000E-01,+3.57800000E-01,+3.58300000E-01\u000a
p37
aV+3.66700000E-01,+3.67200000E-01,+3.66700000E-01,+3.66700000E-01,+3.67200000E-01,+3.67200000E-01,+3.66700000E-01,+3.66700000E-01,+3.67200000E-01,+3.66200000E-01\u000a
p38
aV+3.66700000E-01,+3.67200000E-01,+3.66700000E-01,+3.66700000E-01,+3.66700000E-01,+3.67200000E-01,+3.66700000E-01,+3.66700000E-01,+3.67200000E-01,+3.66700000E-01\u000a
p39
aV+3.86600000E-01,+3.86600000E-01,+3.87100000E-01,+3.86600000E-01,+3.86600000E-01,+3.86600000E-01,+3.87100000E-01,+3.87100000E-01,+3.86600000E-01,+3.86600000E-01\u000a
p40
aV+3.97500000E-01,+3.97000000E-01,+3.97500000E-01,+3.97000000E-01,+3.97000000E-01,+3.97000000E-01,+3.97500000E-01,+3.97500000E-01,+3.97500000E-01,+3.97000000E-01\u000a
p41
aV+4.06400000E-01,+4.06400000E-01,+4.05900000E-01,+4.06400000E-01,+4.06400000E-01,+4.05900000E-01,+4.05900000E-01,+4.05900000E-01,+4.05900000E-01,+4.05900000E-01\u000a
p42
aV+4.17900000E-01,+4.17900000E-01,+4.17900000E-01,+4.18400000E-01,+4.18400000E-01,+4.18400000E-01,+4.18400000E-01,+4.17900000E-01,+4.17900000E-01,+4.18400000E-01\u000a
p43
aV+4.28900000E-01,+4.28900000E-01,+4.28300000E-01,+4.28300000E-01,+4.28300000E-01,+4.28900000E-01,+4.28900000E-01,+4.28900000E-01,+4.28900000E-01,+4.28900000E-01\u000a
p44
aV+4.37700000E-01,+4.37700000E-01,+4.37700000E-01,+4.37700000E-01,+4.37700000E-01,+4.37700000E-01,+4.37700000E-01,+4.37700000E-01,+4.37700000E-01,+4.37700000E-01\u000a
p45
aV+4.49200000E-01,+4.49200000E-01,+4.49200000E-01,+4.49800000E-01,+4.49200000E-01,+4.49200000E-01,+4.49200000E-01,+4.49200000E-01,+4.49200000E-01,+4.48700000E-01\u000a
p46
aV+4.57600000E-01,+4.57600000E-01,+4.57600000E-01,+4.57600000E-01,+4.57100000E-01,+4.57600000E-01,+4.57100000E-01,+4.57600000E-01,+4.57100000E-01,+4.57600000E-01\u000a
p47
aV+4.68000000E-01,+4.68000000E-01,+4.67500000E-01,+4.68000000E-01,+4.68000000E-01,+4.67500000E-01,+4.68000000E-01,+4.68000000E-01,+4.68000000E-01,+4.68000000E-01\u000a
p48
aV+4.76900000E-01,+4.76900000E-01,+4.76900000E-01,+4.76900000E-01,+4.76400000E-01,+4.76900000E-01,+4.77400000E-01,+4.77400000E-01,+4.77400000E-01,+4.76900000E-01\u000a
p49
aV+4.88900000E-01,+4.89500000E-01,+4.88900000E-01,+4.89500000E-01,+4.89500000E-01,+4.89500000E-01,+4.89500000E-01,+4.89500000E-01,+4.88900000E-01,+4.88900000E-01\u000a
p50
aV+4.97800000E-01,+4.97800000E-01,+4.97300000E-01,+4.97800000E-01,+4.98300000E-01,+4.97800000E-01,+4.97800000E-01,+4.98300000E-01,+4.97800000E-01,+4.97800000E-01\u000a
p51
aV+5.08800000E-01,+5.08800000E-01,+5.08800000E-01,+5.08300000E-01,+5.08800000E-01,+5.08800000E-01,+5.08300000E-01,+5.08300000E-01,+5.08300000E-01,+5.08800000E-01\u000a
p52
aV+5.17100000E-01,+5.17700000E-01,+5.17100000E-01,+5.17100000E-01,+5.17700000E-01,+5.17100000E-01,+5.17700000E-01,+5.17700000E-01,+5.17700000E-01,+5.17700000E-01\u000a
p53
aV+5.27600000E-01,+5.28100000E-01,+5.28100000E-01,+5.28100000E-01,+5.27600000E-01,+5.28100000E-01,+5.27600000E-01,+5.27600000E-01,+5.28100000E-01,+5.27600000E-01\u000a
p54
aV+5.37000000E-01,+5.36500000E-01,+5.36500000E-01,+5.37000000E-01,+5.36500000E-01,+5.36500000E-01,+5.36500000E-01,+5.36500000E-01,+5.37000000E-01,+5.37000000E-01\u000a
p55
aV+5.47400000E-01,+5.47400000E-01,+5.46900000E-01,+5.47400000E-01,+5.46900000E-01,+5.47400000E-01,+5.47400000E-01,+5.46900000E-01,+5.47400000E-01,+5.47400000E-01\u000a
p56
aV+5.56300000E-01,+5.56300000E-01,+5.56300000E-01,+5.56300000E-01,+5.55800000E-01,+5.55800000E-01,+5.56300000E-01,+5.56300000E-01,+5.56300000E-01,+5.56300000E-01\u000a
p57
aV+5.67800000E-01,+5.67800000E-01,+5.67800000E-01,+5.68300000E-01,+5.67800000E-01,+5.68300000E-01,+5.67800000E-01,+5.68300000E-01,+5.68300000E-01,+5.67800000E-01\u000a
p58
aV+5.78800000E-01,+5.78800000E-01,+5.78800000E-01,+5.78800000E-01,+5.78800000E-01,+5.78800000E-01,+5.78800000E-01,+5.78300000E-01,+5.78800000E-01,+5.78800000E-01\u000a
p59
aV+5.88200000E-01,+5.87700000E-01,+5.87700000E-01,+5.87100000E-01,+5.87700000E-01,+5.87700000E-01,+5.87100000E-01,+5.87700000E-01,+5.87700000E-01,+5.87700000E-01\u000a
p60
aV+5.99200000E-01,+5.98600000E-01,+5.98600000E-01,+5.98600000E-01,+5.98600000E-01,+5.98600000E-01,+5.98600000E-01,+5.98600000E-01,+5.98600000E-01,+5.99200000E-01\u000a
p61
aV+6.07000000E-01,+6.07000000E-01,+6.07000000E-01,+6.07500000E-01,+6.07500000E-01,+6.08000000E-01,+6.07500000E-01,+6.07500000E-01,+6.07500000E-01,+6.07500000E-01\u000a
p62
aV+6.18000000E-01,+6.18500000E-01,+6.18000000E-01,+6.18000000E-01,+6.18000000E-01,+6.18000000E-01,+6.18500000E-01,+6.18500000E-01,+6.18000000E-01,+6.18500000E-01\u000a
p63
aV+6.26800000E-01,+6.26800000E-01,+6.26800000E-01,+6.26800000E-01,+6.27400000E-01,+6.26800000E-01,+6.26800000E-01,+6.26800000E-01,+6.26800000E-01,+6.27400000E-01\u000a
p64
aV+6.38900000E-01,+6.38900000E-01,+6.39400000E-01,+6.38300000E-01,+6.38900000E-01,+6.38900000E-01,+6.38900000E-01,+6.38900000E-01,+6.38300000E-01,+6.38900000E-01\u000a
p65
aV+6.47700000E-01,+6.47700000E-01,+6.47700000E-01,+6.48300000E-01,+6.48300000E-01,+6.47700000E-01,+6.47700000E-01,+6.47700000E-01,+6.47700000E-01,+6.47700000E-01\u000a
p66
aV+6.47700000E-01,+6.48300000E-01,+6.47700000E-01,+6.47700000E-01,+6.47700000E-01,+6.47200000E-01,+6.47700000E-01,+6.47700000E-01,+6.47700000E-01,+6.47700000E-01\u000a
p67
aV+6.67600000E-01,+6.67600000E-01,+6.66500000E-01,+6.67100000E-01,+6.67100000E-01,+6.67100000E-01,+6.67100000E-01,+6.66500000E-01,+6.67100000E-01,+6.67100000E-01\u000a
p68
aV+6.78000000E-01,+6.79100000E-01,+6.78000000E-01,+6.79100000E-01,+6.79100000E-01,+6.79100000E-01,+6.78000000E-01,+6.78600000E-01,+6.78000000E-01,+6.78600000E-01\u000a
p69
aV+6.87400000E-01,+6.87400000E-01,+6.87400000E-01,+6.87400000E-01,+6.88000000E-01,+6.86900000E-01,+6.87400000E-01,+6.87400000E-01,+6.87400000E-01,+6.87400000E-01\u000a
p70
aV+6.97900000E-01,+6.97900000E-01,+6.97900000E-01,+6.97900000E-01,+6.97900000E-01,+6.97900000E-01,+6.97900000E-01,+6.97900000E-01,+6.97900000E-01,+6.97900000E-01\u000a
p71
aV+7.09900000E-01,+7.09900000E-01,+7.09900000E-01,+7.09900000E-01,+7.09900000E-01,+7.09400000E-01,+7.09900000E-01,+7.09900000E-01,+7.09900000E-01,+7.09900000E-01\u000a
p72
aV+7.18800000E-01,+7.18800000E-01,+7.18800000E-01,+7.18800000E-01,+7.18800000E-01,+7.18800000E-01,+7.18300000E-01,+7.18800000E-01,+7.18300000E-01,+7.18800000E-01\u000a
p73
aV+7.29200000E-01,+7.29200000E-01,+7.29800000E-01,+7.29200000E-01,+7.29200000E-01,+7.28700000E-01,+7.29200000E-01,+7.29800000E-01,+7.29200000E-01,+7.29200000E-01\u000a
p74
aV+7.37600000E-01,+7.37600000E-01,+7.37600000E-01,+7.37600000E-01,+7.38100000E-01,+7.38100000E-01,+7.38100000E-01,+7.37600000E-01,+7.38100000E-01,+7.38100000E-01\u000a
p75
aV+7.49100000E-01,+7.49600000E-01,+7.49100000E-01,+7.49100000E-01,+7.48600000E-01,+7.49100000E-01,+7.49100000E-01,+7.49100000E-01,+7.49100000E-01,+7.49100000E-01\u000a
p76
aV+7.57400000E-01,+7.58000000E-01,+7.58500000E-01,+7.58500000E-01,+7.58500000E-01,+7.58500000E-01,+7.58000000E-01,+7.58500000E-01,+7.58500000E-01,+7.58000000E-01\u000a
p77
aV+7.68400000E-01,+7.68400000E-01,+7.68400000E-01,+7.68400000E-01,+7.68400000E-01,+7.68400000E-01,+7.68400000E-01,+7.68400000E-01,+7.68400000E-01,+7.68400000E-01\u000a
p78
aV+7.77300000E-01,+7.77800000E-01,+7.77800000E-01,+7.77800000E-01,+7.77300000E-01,+7.77800000E-01,+7.77300000E-01,+7.77300000E-01,+7.77800000E-01,+7.78300000E-01\u000a
p79
aV+7.89300000E-01,+7.89800000E-01,+7.89300000E-01,+7.88800000E-01,+7.89300000E-01,+7.89800000E-01,+7.89800000E-01,+7.89300000E-01,+7.89300000E-01,+7.89800000E-01\u000a
p80
aV+7.98200000E-01,+7.98700000E-01,+7.98200000E-01,+7.98700000E-01,+7.98700000E-01,+7.98200000E-01,+7.98700000E-01,+7.98200000E-01,+7.98200000E-01,+7.98700000E-01\u000a
p81
aV+8.07100000E-01,+8.07100000E-01,+8.07100000E-01,+8.07100000E-01,+8.07600000E-01,+8.07100000E-01,+8.07100000E-01,+8.07100000E-01,+8.06500000E-01,+8.07100000E-01\u000a
p82
aV+8.07100000E-01,+8.07100000E-01,+8.07100000E-01,+8.07100000E-01,+8.07100000E-01,+8.07100000E-01,+8.07100000E-01,+8.06500000E-01,+8.07100000E-01,+8.06500000E-01\u000a
p83
aV+8.27400000E-01,+8.27400000E-01,+8.27400000E-01,+8.26900000E-01,+8.27400000E-01,+8.26900000E-01,+8.26900000E-01,+8.26900000E-01,+8.27400000E-01,+8.27400000E-01\u000a
p84
aV+8.35800000E-01,+8.35800000E-01,+8.35800000E-01,+8.35800000E-01,+8.36300000E-01,+8.36300000E-01,+8.35800000E-01,+8.36300000E-01,+8.36300000E-01,+8.36300000E-01\u000a
p85
aV+8.46800000E-01,+8.46800000E-01,+8.46200000E-01,+8.46800000E-01,+8.46800000E-01,+8.46800000E-01,+8.46800000E-01,+8.46800000E-01,+8.46800000E-01,+8.46800000E-01\u000a
p86
aV+8.58800000E-01,+8.58800000E-01,+8.58800000E-01,+8.59300000E-01,+8.58800000E-01,+8.58800000E-01,+8.58800000E-01,+8.58800000E-01,+8.58800000E-01,+8.58800000E-01\u000a
p87
aV+8.67700000E-01,+8.68200000E-01,+8.67700000E-01,+8.67700000E-01,+8.67100000E-01,+8.67700000E-01,+8.67700000E-01,+8.67700000E-01,+8.67700000E-01,+8.67700000E-01\u000a
p88
aV+8.78100000E-01,+8.77600000E-01,+8.77600000E-01,+8.77600000E-01,+8.78600000E-01,+8.77600000E-01,+8.78100000E-01,+8.77600000E-01,+8.77600000E-01,+8.78100000E-01\u000a
p89
aV+8.87000000E-01,+8.86500000E-01,+8.86500000E-01,+8.87000000E-01,+8.86500000E-01,+8.86500000E-01,+8.86500000E-01,+8.87000000E-01,+8.86500000E-01,+8.86500000E-01\u000a
p90
aV+8.98000000E-01,+8.98500000E-01,+8.98000000E-01,+8.98000000E-01,+8.98000000E-01,+8.98000000E-01,+8.98000000E-01,+8.98000000E-01,+8.98000000E-01,+8.98000000E-01\u000a
p91
aV+9.06800000E-01,+9.06300000E-01,+9.06800000E-01,+9.06800000E-01,+9.06800000E-01,+9.06800000E-01,+9.06800000E-01,+9.06800000E-01,+9.06800000E-01,+9.06800000E-01\u000a
p92
aV+9.17300000E-01,+9.17800000E-01,+9.17800000E-01,+9.17800000E-01,+9.17300000E-01,+9.17300000E-01,+9.17800000E-01,+9.17300000E-01,+9.17300000E-01,+9.17800000E-01\u000a
p93
aV+9.26200000E-01,+9.26200000E-01,+9.27200000E-01,+9.26200000E-01,+9.26200000E-01,+9.26200000E-01,+9.26200000E-01,+9.26200000E-01,+9.26200000E-01,+9.26200000E-01\u000a
p94
aV+9.38200000E-01,+9.38200000E-01,+9.38200000E-01,+9.38200000E-01,+9.38200000E-01,+9.38200000E-01,+9.38200000E-01,+9.38200000E-01,+9.38700000E-01,+9.38200000E-01\u000a
p95
aV+9.47600000E-01,+9.47100000E-01,+9.47100000E-01,+9.47100000E-01,+9.47100000E-01,+9.47600000E-01,+9.46500000E-01,+9.47100000E-01,+9.47600000E-01,+9.47100000E-01\u000a
p96
aV+9.57500000E-01,+9.57500000E-01,+9.58000000E-01,+9.57500000E-01,+9.57500000E-01,+9.58000000E-01,+9.57500000E-01,+9.57000000E-01,+9.57000000E-01,+9.57500000E-01\u000a
p97
aV+9.66900000E-01,+9.66400000E-01,+9.66900000E-01,+9.66900000E-01,+9.66900000E-01,+9.66900000E-01,+9.66400000E-01,+9.66400000E-01,+9.66400000E-01,+9.66400000E-01\u000a
p98
aV+9.77900000E-01,+9.77900000E-01,+9.77900000E-01,+9.77900000E-01,+9.78400000E-01,+9.78400000E-01,+9.77400000E-01,+9.77900000E-01,+9.77900000E-01,+9.77900000E-01\u000a
p99
aV+9.88300000E-01,+9.88300000E-01,+9.88300000E-01,+9.88300000E-01,+9.88300000E-01,+9.88800000E-01,+9.88800000E-01,+9.88800000E-01,+9.88300000E-01,+9.88300000E-01\u000a
p100
aV+9.97200000E-01,+9.97700000E-01,+9.97200000E-01,+9.97200000E-01,+9.96700000E-01,+9.97700000E-01,+9.96700000E-01,+9.97700000E-01,+9.97700000E-01,+9.97700000E-01\u000a
p101
aV+1.00920000E+00,+1.00920000E+00,+1.00920000E+00,+1.00920000E+00,+1.00920000E+00,+1.00920000E+00,+1.00920000E+00,+1.00920000E+00,+1.00920000E+00,+1.00970000E+00\u000a
p102
aV+1.01810000E+00,+1.01760000E+00,+1.01760000E+00,+1.01760000E+00,+1.01810000E+00,+1.01810000E+00,+1.01760000E+00,+1.01810000E+00,+1.01810000E+00,+1.01760000E+00\u000a
p103
aV+1.02850000E+00,+1.02800000E+00,+1.02800000E+00,+1.02850000E+00,+1.02850000E+00,+1.02850000E+00,+1.02850000E+00,+1.02850000E+00,+1.02800000E+00,+1.02850000E+00\u000a
p104
aV+1.03690000E+00,+1.03690000E+00,+1.03740000E+00,+1.03690000E+00,+1.03690000E+00,+1.03690000E+00,+1.03690000E+00,+1.03690000E+00,+1.03740000E+00,+1.03690000E+00\u000a
p105
aV+1.04840000E+00,+1.04840000E+00,+1.04840000E+00,+1.04890000E+00,+1.04840000E+00,+1.04790000E+00,+1.04840000E+00,+1.04790000E+00,+1.04840000E+00,+1.04840000E+00\u000a
p106
aV+1.05730000E+00,+1.05730000E+00,+1.05730000E+00,+1.05730000E+00,+1.05680000E+00,+1.05780000E+00,+1.05730000E+00,+1.05730000E+00,+1.05680000E+00,+1.05730000E+00\u000a
p107
aV+1.06770000E+00,+1.06720000E+00,+1.06720000E+00,+1.06720000E+00,+1.06770000E+00,+1.06770000E+00,+1.06770000E+00,+1.06720000E+00,+1.06770000E+00,+1.06770000E+00\u000a
p108
aV+1.07660000E+00,+1.07660000E+00,+1.07610000E+00,+1.07610000E+00,+1.07660000E+00,+1.07660000E+00,+1.07610000E+00,+1.07660000E+00,+1.07610000E+00,+1.07660000E+00\u000a
p109
aV+1.08710000E+00,+1.08710000E+00,+1.08710000E+00,+1.08710000E+00,+1.08650000E+00,+1.08710000E+00,+1.08710000E+00,+1.08650000E+00,+1.08710000E+00,+1.08650000E+00\u000a
p110
aV+1.09540000E+00,+1.09540000E+00,+1.09490000E+00,+1.09540000E+00,+1.09490000E+00,+1.09490000E+00,+1.09540000E+00,+1.09540000E+00,+1.09540000E+00,+1.09490000E+00\u000a
p111
aV+1.10590000E+00,+1.10480000E+00,+1.10530000E+00,+1.10530000E+00,+1.10530000E+00,+1.10590000E+00,+1.10530000E+00,+1.10530000E+00,+1.10530000E+00,+1.10590000E+00\u000a
p112
aV+1.11420000E+00,+1.11370000E+00,+1.11370000E+00,+1.11370000E+00,+1.11420000E+00,+1.11370000E+00,+1.11420000E+00,+1.11320000E+00,+1.11370000E+00,+1.11370000E+00\u000a
p113
aV+1.12410000E+00,+1.12360000E+00,+1.12410000E+00,+1.12410000E+00,+1.12410000E+00,+1.12410000E+00,+1.12410000E+00,+1.12410000E+00,+1.12470000E+00,+1.12410000E+00\u000a
p114
aV+1.13350000E+00,+1.13350000E+00,+1.13350000E+00,+1.13350000E+00,+1.13410000E+00,+1.13300000E+00,+1.13350000E+00,+1.13300000E+00,+1.13350000E+00,+1.13350000E+00\u000a
p115
aV+1.14140000E+00,+1.14140000E+00,+1.14090000E+00,+1.14090000E+00,+1.14140000E+00,+1.14090000E+00,+1.14090000E+00,+1.14140000E+00,+1.14090000E+00,+1.14140000E+00\u000a
p116
aV+1.15080000E+00,+1.15130000E+00,+1.15080000E+00,+1.15130000E+00,+1.15080000E+00,+1.15080000E+00,+1.15080000E+00,+1.15130000E+00,+1.15130000E+00,+1.15130000E+00\u000a
p117
aV+1.15760000E+00,+1.15810000E+00,+1.15760000E+00,+1.15760000E+00,+1.15810000E+00,+1.15760000E+00,+1.15810000E+00,+1.15760000E+00,+1.15810000E+00,+1.15760000E+00\u000a
p118
aV+1.16590000E+00,+1.16590000E+00,+1.16650000E+00,+1.16590000E+00,+1.16650000E+00,+1.16650000E+00,+1.16590000E+00,+1.16650000E+00,+1.16650000E+00,+1.16590000E+00\u000a
p119
aV+1.17270000E+00,+1.17270000E+00,+1.17270000E+00,+1.17270000E+00,+1.17270000E+00,+1.17270000E+00,+1.17270000E+00,+1.17220000E+00,+1.17270000E+00,+1.17220000E+00\u000a
p120
aV+1.18110000E+00,+1.18110000E+00,+1.18110000E+00,+1.18060000E+00,+1.18110000E+00,+1.18110000E+00,+1.18110000E+00,+1.18110000E+00,+1.18060000E+00,+1.18110000E+00\u000a
p121
aV+1.18680000E+00,+1.18740000E+00,+1.18680000E+00,+1.18740000E+00,+1.18680000E+00,+1.18740000E+00,+1.18680000E+00,+1.18740000E+00,+1.18680000E+00,+1.18680000E+00\u000a
p122
aV+1.19410000E+00,+1.19410000E+00,+1.19410000E+00,+1.19410000E+00,+1.19360000E+00,+1.19410000E+00,+1.19410000E+00,+1.19410000E+00,+1.19360000E+00,+1.19360000E+00\u000a
p123
aV+1.19940000E+00,+1.19990000E+00,+1.19990000E+00,+1.19940000E+00,+1.19990000E+00,+1.19940000E+00,+1.19880000E+00,+1.19940000E+00,+1.19940000E+00,+1.19990000E+00\u000a
p124
aV+1.20670000E+00,+1.20670000E+00,+1.20720000E+00,+1.20670000E+00,+1.20670000E+00,+1.20670000E+00,+1.20670000E+00,+1.20670000E+00,+1.20670000E+00,+1.20670000E+00\u000a
p125
aV+1.21190000E+00,+1.21190000E+00,+1.21240000E+00,+1.21240000E+00,+1.21190000E+00,+1.21190000E+00,+1.21190000E+00,+1.21190000E+00,+1.21190000E+00,+1.21240000E+00\u000a
p126
aV+1.21760000E+00,+1.21820000E+00,+1.21760000E+00,+1.21820000E+00,+1.21820000E+00,+1.21820000E+00,+1.21820000E+00,+1.21760000E+00,+1.21820000E+00,+1.21760000E+00\u000a
p127
aV+1.22440000E+00,+1.22440000E+00,+1.22440000E+00,+1.22440000E+00,+1.22440000E+00,+1.22390000E+00,+1.22440000E+00,+1.22390000E+00,+1.22440000E+00,+1.22440000E+00\u000a
p128
aV+1.22910000E+00,+1.22910000E+00,+1.22970000E+00,+1.22860000E+00,+1.22910000E+00,+1.22860000E+00,+1.22910000E+00,+1.22910000E+00,+1.22970000E+00,+1.22860000E+00\u000a
p129
aV+1.23490000E+00,+1.23440000E+00,+1.23440000E+00,+1.23490000E+00,+1.23440000E+00,+1.23440000E+00,+1.23490000E+00,+1.23490000E+00,+1.23490000E+00,+1.23490000E+00\u000a
p130
aV+1.23910000E+00,+1.23960000E+00,+1.23910000E+00,+1.23910000E+00,+1.23910000E+00,+1.23910000E+00,+1.23910000E+00,+1.23910000E+00,+1.23910000E+00,+1.23960000E+00\u000a
p131
aV+1.24480000E+00,+1.24530000E+00,+1.24480000E+00,+1.24480000E+00,+1.24480000E+00,+1.24480000E+00,+1.24480000E+00,+1.24480000E+00,+1.24530000E+00,+1.24480000E+00\u000a
p132
aV+1.24900000E+00,+1.24950000E+00,+1.24900000E+00,+1.24950000E+00,+1.24900000E+00,+1.24900000E+00,+1.24900000E+00,+1.24900000E+00,+1.24950000E+00,+1.24950000E+00\u000a
p133
aV+1.25420000E+00,+1.25370000E+00,+1.25420000E+00,+1.25420000E+00,+1.25420000E+00,+1.25420000E+00,+1.25420000E+00,+1.25470000E+00,+1.25420000E+00,+1.25420000E+00\u000a
p134
aV+1.25840000E+00,+1.25840000E+00,+1.25790000E+00,+1.25840000E+00,+1.25840000E+00,+1.25840000E+00,+1.25840000E+00,+1.25790000E+00,+1.25840000E+00,+1.25840000E+00\u000a
p135
aV+1.26360000E+00,+1.26310000E+00,+1.26360000E+00,+1.26360000E+00,+1.26360000E+00,+1.26360000E+00,+1.26360000E+00,+1.26360000E+00,+1.26360000E+00,+1.26360000E+00\u000a
p136
aV+1.26780000E+00,+1.26780000E+00,+1.26780000E+00,+1.26780000E+00,+1.26780000E+00,+1.26780000E+00,+1.26780000E+00,+1.26780000E+00,+1.26730000E+00,+1.26780000E+00\u000a
p137
aV+1.27200000E+00,+1.27200000E+00,+1.27200000E+00,+1.27200000E+00,+1.27250000E+00,+1.27200000E+00,+1.27200000E+00,+1.27200000E+00,+1.27200000E+00,+1.27250000E+00\u000a
p138
aV+1.27410000E+00,+1.27410000E+00,+1.27350000E+00,+1.27410000E+00,+1.27410000E+00,+1.27410000E+00,+1.27410000E+00,+1.27410000E+00,+1.27460000E+00,+1.27350000E+00\u000a
p139
aV+1.27880000E+00,+1.27880000E+00,+1.27880000E+00,+1.27880000E+00,+1.27880000E+00,+1.27880000E+00,+1.27880000E+00,+1.27880000E+00,+1.27820000E+00,+1.27820000E+00\u000a
p140
aV+1.28240000E+00,+1.28240000E+00,+1.28240000E+00,+1.28240000E+00,+1.28290000E+00,+1.28240000E+00,+1.28240000E+00,+1.28240000E+00,+1.28240000E+00,+1.28240000E+00\u000a
p141
aV+1.28710000E+00,+1.28710000E+00,+1.28710000E+00,+1.28760000E+00,+1.28710000E+00,+1.28710000E+00,+1.28710000E+00,+1.28710000E+00,+1.28760000E+00,+1.28710000E+00\u000a
p142
aV+1.29180000E+00,+1.29180000E+00,+1.29130000E+00,+1.29180000E+00,+1.29180000E+00,+1.29180000E+00,+1.29180000E+00,+1.29180000E+00,+1.29180000E+00,+1.29130000E+00\u000a
p143
aV+1.29550000E+00,+1.29550000E+00,+1.29550000E+00,+1.29500000E+00,+1.29550000E+00,+1.29500000E+00,+1.29550000E+00,+1.29500000E+00,+1.29550000E+00,+1.29550000E+00\u000a
p144
aV+1.30020000E+00,+1.30020000E+00,+1.30020000E+00,+1.30070000E+00,+1.29970000E+00,+1.29970000E+00,+1.29970000E+00,+1.30020000E+00,+1.30020000E+00,+1.29970000E+00\u000a
p145
aV+1.30380000E+00,+1.30330000E+00,+1.30380000E+00,+1.30330000E+00,+1.30330000E+00,+1.30330000E+00,+1.30330000E+00,+1.30330000E+00,+1.30330000E+00,+1.30330000E+00\u000a
p146
aV+1.30750000E+00,+1.30750000E+00,+1.30750000E+00,+1.30750000E+00,+1.30750000E+00,+1.30750000E+00,+1.30700000E+00,+1.30750000E+00,+1.30700000E+00,+1.30750000E+00\u000a
p147
aV+1.31120000E+00,+1.31120000E+00,+1.31120000E+00,+1.31120000E+00,+1.31120000E+00,+1.31120000E+00,+1.31120000E+00,+1.31120000E+00,+1.31120000E+00,+1.31120000E+00\u000a
p148
aV+1.31590000E+00,+1.31530000E+00,+1.31530000E+00,+1.31590000E+00,+1.31530000E+00,+1.31530000E+00,+1.31530000E+00,+1.31530000E+00,+1.31530000E+00,+1.31590000E+00\u000a
p149
aV+1.31900000E+00,+1.31900000E+00,+1.31850000E+00,+1.31900000E+00,+1.31900000E+00,+1.31900000E+00,+1.31850000E+00,+1.31900000E+00,+1.31900000E+00,+1.31900000E+00\u000a
p150
aV+1.32320000E+00,+1.32260000E+00,+1.32320000E+00,+1.32260000E+00,+1.32260000E+00,+1.32320000E+00,+1.32320000E+00,+1.32260000E+00,+1.32260000E+00,+1.32260000E+00\u000a
p151
aV+1.32630000E+00,+1.32630000E+00,+1.32630000E+00,+1.32630000E+00,+1.32580000E+00,+1.32630000E+00,+1.32630000E+00,+1.32630000E+00,+1.32630000E+00,+1.32580000E+00\u000a
p152
aV+1.33100000E+00,+1.33100000E+00,+1.33100000E+00,+1.33050000E+00,+1.33100000E+00,+1.33050000E+00,+1.33100000E+00,+1.33050000E+00,+1.33100000E+00,+1.33050000E+00\u000a
p153
aV+1.33410000E+00,+1.33360000E+00,+1.33410000E+00,+1.33410000E+00,+1.33410000E+00,+1.33360000E+00,+1.33410000E+00,+1.33360000E+00,+1.33360000E+00,+1.33360000E+00\u000a
p154
aV+1.33780000E+00,+1.33780000E+00,+1.33780000E+00,+1.33780000E+00,+1.33780000E+00,+1.33730000E+00,+1.33780000E+00,+1.33730000E+00,+1.33730000E+00,+1.33780000E+00\u000a
p155
aV+1.34200000E+00,+1.34200000E+00,+1.34200000E+00,+1.34200000E+00,+1.34200000E+00,+1.34140000E+00,+1.34250000E+00,+1.34250000E+00,+1.34250000E+00,+1.34140000E+00\u000a
p156
aV+1.34560000E+00,+1.34560000E+00,+1.34560000E+00,+1.34510000E+00,+1.34510000E+00,+1.34560000E+00,+1.34510000E+00,+1.34510000E+00,+1.34510000E+00,+1.34510000E+00\u000a
p157
aV+1.34930000E+00,+1.34880000E+00,+1.34930000E+00,+1.34930000E+00,+1.34880000E+00,+1.34880000E+00,+1.34880000E+00,+1.34880000E+00,+1.34930000E+00,+1.34880000E+00\u000a
p158
aV+1.34880000E+00,+1.34820000E+00,+1.34930000E+00,+1.34820000E+00,+1.34820000E+00,+1.34880000E+00,+1.34930000E+00,+1.34880000E+00,+1.34820000E+00,+1.34820000E+00\u000a
p159
aV+1.35710000E+00,+1.35660000E+00,+1.35660000E+00,+1.35660000E+00,+1.35610000E+00,+1.35660000E+00,+1.35660000E+00,+1.35660000E+00,+1.35610000E+00,+1.35660000E+00\u000a
p160
aV+1.35920000E+00,+1.35970000E+00,+1.35920000E+00,+1.35970000E+00,+1.35970000E+00,+1.35970000E+00,+1.35970000E+00,+1.35970000E+00,+1.35970000E+00,+1.35920000E+00\u000a
p161
aV+1.36340000E+00,+1.36340000E+00,+1.36340000E+00,+1.36340000E+00,+1.36390000E+00,+1.36340000E+00,+1.36390000E+00,+1.36390000E+00,+1.36390000E+00,+1.36340000E+00\u000a
p162
aV+1.36650000E+00,+1.36600000E+00,+1.36700000E+00,+1.36650000E+00,+1.36650000E+00,+1.36650000E+00,+1.36700000E+00,+1.36650000E+00,+1.36650000E+00,+1.36650000E+00\u000a
p163
aV+1.37020000E+00,+1.37070000E+00,+1.37070000E+00,+1.37070000E+00,+1.37070000E+00,+1.37070000E+00,+1.37070000E+00,+1.37070000E+00,+1.37020000E+00,+1.37020000E+00\u000a
p164
aV+1.37380000E+00,+1.37380000E+00,+1.37380000E+00,+1.37330000E+00,+1.37380000E+00,+1.37380000E+00,+1.37330000E+00,+1.37330000E+00,+1.37380000E+00,+1.37380000E+00\u000a
p165
aV+1.37750000E+00,+1.37800000E+00,+1.37750000E+00,+1.37700000E+00,+1.37750000E+00,+1.37700000E+00,+1.37750000E+00,+1.37750000E+00,+1.37750000E+00,+1.37750000E+00\u000a
p166
aV+1.38060000E+00,+1.38110000E+00,+1.38060000E+00,+1.38010000E+00,+1.38010000E+00,+1.38010000E+00,+1.38010000E+00,+1.38010000E+00,+1.38060000E+00,+1.38060000E+00\u000a
p167
aV+1.38430000E+00,+1.38380000E+00,+1.38430000E+00,+1.38430000E+00,+1.38380000E+00,+1.38430000E+00,+1.38430000E+00,+1.38380000E+00,+1.38430000E+00,+1.38430000E+00\u000a
p168
aV+1.38740000E+00,+1.38740000E+00,+1.38740000E+00,+1.38740000E+00,+1.38740000E+00,+1.38740000E+00,+1.38740000E+00,+1.38690000E+00,+1.38740000E+00,+1.38690000E+00\u000a
p169
aV+1.39110000E+00,+1.39060000E+00,+1.39110000E+00,+1.39060000E+00,+1.39110000E+00,+1.39160000E+00,+1.39110000E+00,+1.39060000E+00,+1.39060000E+00,+1.39060000E+00\u000a
p170
aV+1.39470000E+00,+1.39470000E+00,+1.39470000E+00,+1.39470000E+00,+1.39420000E+00,+1.39470000E+00,+1.39470000E+00,+1.39470000E+00,+1.39470000E+00,+1.39530000E+00\u000a
p171
aV+1.39840000E+00,+1.39790000E+00,+1.39790000E+00,+1.39730000E+00,+1.39790000E+00,+1.39790000E+00,+1.39790000E+00,+1.39790000E+00,+1.39790000E+00,+1.39790000E+00\u000a
p172
aV+1.40150000E+00,+1.40150000E+00,+1.40150000E+00,+1.40100000E+00,+1.40150000E+00,+1.40100000E+00,+1.40200000E+00,+1.40150000E+00,+1.40150000E+00,+1.40100000E+00\u000a
p173
aV+1.40410000E+00,+1.40470000E+00,+1.40470000E+00,+1.40470000E+00,+1.40470000E+00,+1.40470000E+00,+1.40410000E+00,+1.40470000E+00,+1.40470000E+00,+1.40410000E+00\u000a
p174
aV+1.40830000E+00,+1.40830000E+00,+1.40830000E+00,+1.40830000E+00,+1.40830000E+00,+1.40880000E+00,+1.40830000E+00,+1.40830000E+00,+1.40780000E+00,+1.40830000E+00\u000a
p175
aV+1.41140000E+00,+1.41200000E+00,+1.41140000E+00,+1.41090000E+00,+1.41200000E+00,+1.41090000E+00,+1.41140000E+00,+1.41200000E+00,+1.41140000E+00,+1.41140000E+00\u000a
p176
aV+1.41510000E+00,+1.41510000E+00,+1.41460000E+00,+1.41510000E+00,+1.41460000E+00,+1.41460000E+00,+1.41460000E+00,+1.41510000E+00,+1.41460000E+00,+1.41410000E+00\u000a
p177
aV+1.41770000E+00,+1.41820000E+00,+1.41820000E+00,+1.41770000E+00,+1.41770000E+00,+1.41820000E+00,+1.41820000E+00,+1.41770000E+00,+1.41770000E+00,+1.41820000E+00\u000a
p178
aV+1.42140000E+00,+1.42140000E+00,+1.42190000E+00,+1.42190000E+00,+1.42240000E+00,+1.42140000E+00,+1.42190000E+00,+1.42140000E+00,+1.42140000E+00,+1.42190000E+00\u000a
p179
aV+1.42500000E+00,+1.42450000E+00,+1.42500000E+00,+1.42450000E+00,+1.42450000E+00,+1.42500000E+00,+1.42450000E+00,+1.42450000E+00,+1.42560000E+00,+1.42500000E+00\u000a
p180
aV+1.42820000E+00,+1.42820000E+00,+1.42820000E+00,+1.42820000E+00,+1.42820000E+00,+1.42870000E+00,+1.42820000E+00,+1.42820000E+00,+1.42820000E+00,+1.42870000E+00\u000a
p181
aV+1.43080000E+00,+1.43080000E+00,+1.43080000E+00,+1.43130000E+00,+1.43180000E+00,+1.43130000E+00,+1.43130000E+00,+1.43130000E+00,+1.43130000E+00,+1.43080000E+00\u000a
p182
aV+1.43550000E+00,+1.43500000E+00,+1.43500000E+00,+1.43440000E+00,+1.43500000E+00,+1.43500000E+00,+1.43550000E+00,+1.43500000E+00,+1.43550000E+00,+1.43500000E+00\u000a
p183
aV+1.43440000E+00,+1.43440000E+00,+1.43500000E+00,+1.43390000E+00,+1.43500000E+00,+1.43500000E+00,+1.43500000E+00,+1.43440000E+00,+1.43500000E+00,+1.43500000E+00\u000a
p184
aV+1.44120000E+00,+1.44170000E+00,+1.44120000E+00,+1.44120000E+00,+1.44170000E+00,+1.44230000E+00,+1.44120000E+00,+1.44170000E+00,+1.44120000E+00,+1.44170000E+00\u000a
p185
aV+1.44590000E+00,+1.44590000E+00,+1.44540000E+00,+1.44540000E+00,+1.44540000E+00,+1.44540000E+00,+1.44540000E+00,+1.44540000E+00,+1.44540000E+00,+1.44540000E+00\u000a
p186
aV+1.44850000E+00,+1.44850000E+00,+1.44850000E+00,+1.44800000E+00,+1.44850000E+00,+1.44800000E+00,+1.44850000E+00,+1.44800000E+00,+1.44850000E+00,+1.44800000E+00\u000a
p187
aV+1.45170000E+00,+1.45170000E+00,+1.45110000E+00,+1.45170000E+00,+1.45170000E+00,+1.45170000E+00,+1.45170000E+00,+1.45170000E+00,+1.45110000E+00,+1.45170000E+00\u000a
p188
aV+1.45480000E+00,+1.45430000E+00,+1.45430000E+00,+1.45430000E+00,+1.45430000E+00,+1.45430000E+00,+1.45480000E+00,+1.45480000E+00,+1.45480000E+00,+1.45430000E+00\u000a
p189
aV+1.45900000E+00,+1.45900000E+00,+1.45850000E+00,+1.45850000E+00,+1.45850000E+00,+1.45850000E+00,+1.45850000E+00,+1.45850000E+00,+1.45850000E+00,+1.45790000E+00\u000a
p190
aV+1.46110000E+00,+1.46110000E+00,+1.46110000E+00,+1.46110000E+00,+1.46110000E+00,+1.46160000E+00,+1.46160000E+00,+1.46110000E+00,+1.46160000E+00,+1.46160000E+00\u000a
p191
aV+1.46420000E+00,+1.46420000E+00,+1.46470000E+00,+1.46470000E+00,+1.46470000E+00,+1.46420000E+00,+1.46420000E+00,+1.46420000E+00,+1.46420000E+00,+1.46420000E+00\u000a
p192
aV+1.46680000E+00,+1.46730000E+00,+1.46790000E+00,+1.46730000E+00,+1.46730000E+00,+1.46730000E+00,+1.46730000E+00,+1.46730000E+00,+1.46790000E+00,+1.46730000E+00\u000a
p193
aV+1.47100000E+00,+1.47150000E+00,+1.47100000E+00,+1.47150000E+00,+1.47100000E+00,+1.47150000E+00,+1.47150000E+00,+1.47150000E+00,+1.47150000E+00,+1.47100000E+00\u000a
p194
aV+1.47520000E+00,+1.47620000E+00,+1.47570000E+00,+1.47520000E+00,+1.47520000E+00,+1.47520000E+00,+1.47570000E+00,+1.47570000E+00,+1.47520000E+00,+1.47520000E+00\u000a
p195
aV+1.47880000E+00,+1.47880000E+00,+1.47880000E+00,+1.47880000E+00,+1.47880000E+00,+1.47880000E+00,+1.47880000E+00,+1.47880000E+00,+1.47830000E+00,+1.47880000E+00\u000a
p196
aV+1.48140000E+00,+1.48140000E+00,+1.48140000E+00,+1.48140000E+00,+1.48140000E+00,+1.48140000E+00,+1.48090000E+00,+1.48140000E+00,+1.48140000E+00,+1.48140000E+00\u000a
p197
aV+1.48560000E+00,+1.48510000E+00,+1.48460000E+00,+1.48510000E+00,+1.48560000E+00,+1.48560000E+00,+1.48510000E+00,+1.48510000E+00,+1.48560000E+00,+1.48510000E+00\u000a
p198
aV+1.48880000E+00,+1.48880000E+00,+1.48880000E+00,+1.48880000E+00,+1.48880000E+00,+1.48880000E+00,+1.48820000E+00,+1.48880000E+00,+1.48880000E+00,+1.48820000E+00\u000a
p199
aV+1.49140000E+00,+1.49140000E+00,+1.49140000E+00,+1.49140000E+00,+1.49190000E+00,+1.49140000E+00,+1.49140000E+00,+1.49080000E+00,+1.49140000E+00,+1.49140000E+00\u000a
p200
a.