(lp0
V+5.00000000E-05,-5.00000000E-05,+0.00000000E-05,-5.00000000E-05,+0.00000000E-05,-5.00000000E-05,+0.00000000E-05,+0.00000000E-05,+0.00000000E-05,-5.00000000E-05\u000a
p1
aV+5.00000000E-05,+0.00000000E-05,-1.00000000E-04,+0.00000000E-05,+0.00000000E-05,+0.00000000E-05,+0.00000000E-05,+5.00000000E-05,+5.00000000E-05,-5.00000000E-05\u000a
p2
aV-5.00000000E-05,+0.00000000E-05,+0.00000000E-05,-5.00000000E-05,+1.00000000E-04,-1.00000000E-04,-5.00000000E-05,+0.00000000E-05,+0.00000000E-05,-1.00000000E-04\u000a
p3
aV-5.00000000E-05,+0.00000000E-05,+5.00000000E-05,+0.00000000E-05,+0.00000000E-05,-5.00000000E-05,+0.00000000E-05,+5.00000000E-05,-5.00000000E-05,-1.00000000E-04\u000a
p4
aV-1.00000000E-04,-1.00000000E-04,+0.00000000E-05,-5.00000000E-05,+1.00000000E-04,-1.00000000E-04,+0.00000000E-05,-1.00000000E-04,+0.00000000E-05,+5.00000000E-05\u000a
p5
aV+5.00000000E-05,+0.00000000E-05,-1.00000000E-04,+0.00000000E-05,+5.00000000E-05,-5.00000000E-05,-1.00000000E-04,-5.00000000E-05,-5.00000000E-05,-5.00000000E-05\u000a
p6
aV-5.00000000E-05,-5.00000000E-05,-5.00000000E-05,-1.00000000E-04,-5.00000000E-05,+0.00000000E-05,+0.00000000E-05,-5.00000000E-05,+0.00000000E-05,-5.00000000E-05\u000a
p7
aV-5.00000000E-05,-5.00000000E-05,-1.00000000E-04,+0.00000000E-05,+0.00000000E-05,-5.00000000E-05,+5.00000000E-05,-5.00000000E-05,-5.00000000E-05,-5.00000000E-05\u000a
p8
aV-5.00000000E-05,-5.00000000E-05,-1.00000000E-04,+0.00000000E-05,-1.50000000E-04,-5.00000000E-05,+5.00000000E-05,-2.10000000E-04,+5.00000000E-05,+0.00000000E-05\u000a
p9
aV-5.00000000E-05,+0.00000000E-05,-5.00000000E-05,-5.00000000E-05,+5.00000000E-05,-1.00000000E-04,-5.00000000E-05,-5.00000000E-05,+5.00000000E-05,+5.00000000E-05\u000a
p10
aV-5.00000000E-05,-1.00000000E-04,+0.00000000E-05,-5.00000000E-05,+5.00000000E-05,-5.00000000E-05,+0.00000000E-05,-5.00000000E-05,+0.00000000E-05,-1.00000000E-04\u000a
p11
aV-5.00000000E-05,-1.50000000E-04,+0.00000000E-05,+0.00000000E-05,-5.00000000E-05,+0.00000000E-05,+0.00000000E-05,-1.50000000E-04,-1.00000000E-04,+5.00000000E-05\u000a
p12
aV+0.00000000E-05,+0.00000000E-05,-5.00000000E-05,+5.00000000E-05,+0.00000000E-05,+0.00000000E-05,+0.00000000E-05,-5.00000000E-05,-1.00000000E-04,+5.00000000E-05\u000a
p13
aV+5.00000000E-05,-5.00000000E-05,-5.00000000E-05,-5.00000000E-05,-5.00000000E-05,+0.00000000E-05,-5.00000000E-05,-5.00000000E-05,+0.00000000E-05,-1.00000000E-04\u000a
p14
aV-5.00000000E-05,-1.00000000E-04,+0.00000000E-05,-5.00000000E-05,-1.00000000E-04,+0.00000000E-05,+0.00000000E-05,+0.00000000E-05,-1.00000000E-04,-1.00000000E-04\u000a
p15
aV-5.00000000E-05,+5.00000000E-05,-5.00000000E-05,-5.00000000E-05,-1.00000000E-04,+5.00000000E-05,+0.00000000E-05,+5.00000000E-05,+1.00000000E-04,-1.00000000E-04\u000a
p16
aV-5.00000000E-05,+0.00000000E-05,+0.00000000E-05,-5.00000000E-05,+1.00000000E-04,-5.00000000E-05,-5.00000000E-05,+5.00000000E-05,-1.00000000E-04,+0.00000000E-05\u000a
p17
aV-1.50000000E-04,-1.00000000E-04,+0.00000000E-05,+0.00000000E-05,-1.00000000E-04,+0.00000000E-05,-5.00000000E-05,-1.50000000E-04,-1.00000000E-04,-1.00000000E-04\u000a
p18
aV-5.00000000E-05,-1.00000000E-04,+0.00000000E-05,+0.00000000E-05,-1.00000000E-04,+0.00000000E-05,-5.00000000E-05,+2.60000000E-04,+0.00000000E-05,-5.00000000E-05\u000a
p19
aV+0.00000000E-05,+0.00000000E-05,-5.00000000E-05,-5.00000000E-05,-5.00000000E-05,+0.00000000E-05,+0.00000000E-05,+0.00000000E-05,-5.00000000E-05,-1.00000000E-04\u000a
p20
aV-1.00000000E-04,-1.00000000E-04,-1.00000000E-04,+0.00000000E-05,-1.00000000E-04,-1.00000000E-04,+0.00000000E-05,+0.00000000E-05,+1.00000000E-04,-1.00000000E-04\u000a
p21
aV-5.00000000E-05,+5.00000000E-05,-5.00000000E-05,+0.00000000E-05,+0.00000000E-05,-5.00000000E-05,+5.00000000E-05,+5.00000000E-05,+5.00000000E-05,-5.00000000E-05\u000a
p22
aV+5.00000000E-05,-5.00000000E-05,-1.00000000E-04,-1.50000000E-04,-5.00000000E-05,-1.00000000E-04,+0.00000000E-05,+0.00000000E-05,-5.00000000E-05,-1.00000000E-04\u000a
p23
aV-5.00000000E-05,+0.00000000E-05,-1.00000000E-04,-1.00000000E-04,-5.00000000E-05,+0.00000000E-05,-5.00000000E-05,+5.00000000E-05,-5.00000000E-05,+0.00000000E-05\u000a
p24
aV-5.00000000E-05,+0.00000000E-05,+0.00000000E-05,-5.00000000E-05,+5.00000000E-05,-5.00000000E-05,-5.00000000E-05,+0.00000000E-05,+1.00000000E-04,-1.50000000E-04\u000a
p25
aV+0.00000000E-05,-5.00000000E-05,-1.00000000E-04,+5.00000000E-05,-5.00000000E-05,-5.00000000E-05,+5.00000000E-05,-1.00000000E-04,+0.00000000E-05,+5.00000000E-05\u000a
p26
aV-1.50000000E-04,-5.00000000E-05,+0.00000000E-05,-5.00000000E-05,+0.00000000E-05,+0.00000000E-05,-5.00000000E-05,+0.00000000E-05,+5.00000000E-05,+5.00000000E-05\u000a
p27
aV-1.50000000E-04,+0.00000000E-05,+0.00000000E-05,+0.00000000E-05,+0.00000000E-05,-5.00000000E-05,-5.00000000E-05,+0.00000000E-05,-1.50000000E-04,-1.00000000E-04\u000a
p28
aV+5.00000000E-05,+0.00000000E-05,-1.00000000E-04,-5.00000000E-05,-5.00000000E-05,-5.00000000E-05,+5.00000000E-05,+5.00000000E-05,-5.00000000E-05,-1.00000000E-04\u000a
p29
aV+0.00000000E-05,-1.00000000E-04,-1.00000000E-04,+5.00000000E-05,-5.00000000E-05,-5.00000000E-05,-2.60000000E-04,-5.00000000E-05,+0.00000000E-05,+0.00000000E-05\u000a
p30
aV+0.00000000E-05,+0.00000000E-05,-1.50000000E-04,+1.00000000E-04,+0.00000000E-05,+0.00000000E-05,+5.00000000E-05,+0.00000000E-05,+5.00000000E-05,-5.00000000E-05\u000a
p31
aV+5.00000000E-05,-5.00000000E-05,-5.00000000E-05,+0.00000000E-05,-1.50000000E-04,+1.00000000E-04,+0.00000000E-05,-1.00000000E-04,+0.00000000E-05,-5.00000000E-05\u000a
p32
aV-5.00000000E-05,+5.00000000E-05,-5.00000000E-05,+0.00000000E-05,+5.00000000E-05,+5.00000000E-05,-1.00000000E-04,+0.00000000E-05,-5.00000000E-05,+0.00000000E-05\u000a
p33
aV+1.50000000E-04,+0.00000000E-05,-5.00000000E-05,-5.00000000E-05,-1.00000000E-04,+1.00000000E-04,+0.00000000E-05,+0.00000000E-05,+0.00000000E-05,+0.00000000E-05\u000a
p34
aV-1.00000000E-04,+0.00000000E-05,+0.00000000E-05,-5.00000000E-05,+0.00000000E-05,+5.00000000E-05,+0.00000000E-05,-5.00000000E-05,+5.00000000E-05,-5.00000000E-05\u000a
p35
aV-5.00000000E-05,-5.00000000E-05,-5.00000000E-05,+1.00000000E-04,+0.00000000E-05,-5.00000000E-05,+1.50000000E-04,-1.00000000E-04,-5.00000000E-05,+0.00000000E-05\u000a
p36
aV-5.00000000E-05,-5.00000000E-05,-5.00000000E-05,-5.00000000E-05,+5.00000000E-05,+5.00000000E-05,-5.00000000E-05,-1.00000000E-04,+0.00000000E-05,-1.50000000E-04\u000a
p37
aV+0.00000000E-05,+0.00000000E-05,+5.00000000E-05,-5.00000000E-05,+1.50000000E-04,-5.00000000E-05,+0.00000000E-05,-5.00000000E-05,+0.00000000E-05,+0.00000000E-05\u000a
p38
aV-1.00000000E-04,-5.00000000E-05,-5.00000000E-05,-5.00000000E-05,-5.00000000E-05,+0.00000000E-05,+0.00000000E-05,-5.00000000E-05,+0.00000000E-05,+5.00000000E-05\u000a
p39
aV+0.00000000E-05,+0.00000000E-05,+0.00000000E-05,+0.00000000E-05,+0.00000000E-05,+0.00000000E-05,-5.00000000E-05,+0.00000000E-05,+5.00000000E-05,+1.50000000E-04\u000a
p40
aV+0.00000000E-05,+5.00000000E-05,+5.00000000E-05,-5.00000000E-05,+1.00000000E-04,+0.00000000E-05,+1.00000000E-04,+0.00000000E-05,-5.00000000E-05,-5.00000000E-05\u000a
p41
aV+0.00000000E-05,-5.00000000E-05,+0.00000000E-05,-1.00000000E-04,+5.00000000E-05,+0.00000000E-05,+1.00000000E-04,-5.00000000E-05,+0.00000000E-05,+1.00000000E-04\u000a
p42
aV+0.00000000E-05,+5.00000000E-05,+5.00000000E-05,-5.00000000E-05,+0.00000000E-05,+0.00000000E-05,+0.00000000E-05,+0.00000000E-05,+5.00000000E-05,+0.00000000E-05\u000a
p43
aV+0.00000000E-05,+5.00000000E-05,-5.00000000E-05,+1.00000000E-04,-5.00000000E-05,-5.00000000E-05,+5.00000000E-05,+0.00000000E-05,+0.00000000E-05,-5.00000000E-05\u000a
p44
aV+0.00000000E-05,+0.00000000E-05,+0.00000000E-05,-2.60000000E-04,+1.00000000E-04,+0.00000000E-05,+5.00000000E-05,+0.00000000E-05,+5.00000000E-05,-5.00000000E-05\u000a
p45
aV-5.00000000E-05,+0.00000000E-05,+1.00000000E-04,+0.00000000E-05,+0.00000000E-05,+0.00000000E-05,-1.00000000E-04,-5.00000000E-05,+0.00000000E-05,+0.00000000E-05\u000a
p46
aV+0.00000000E-05,+0.00000000E-05,+5.00000000E-05,+0.00000000E-05,+0.00000000E-05,-5.00000000E-05,-5.00000000E-05,+0.00000000E-05,-5.00000000E-05,-5.00000000E-05\u000a
p47
aV+0.00000000E-05,-5.00000000E-05,+0.00000000E-05,+1.00000000E-04,+5.00000000E-05,-5.00000000E-05,+5.00000000E-05,-5.00000000E-05,+5.00000000E-05,-5.00000000E-05\u000a
p48
aV+0.00000000E-05,+0.00000000E-05,-5.00000000E-05,+0.00000000E-05,+5.00000000E-05,-5.00000000E-05,+5.00000000E-05,+1.00000000E-04,-5.00000000E-05,+1.00000000E-04\u000a
p49
aV+0.00000000E-05,+1.00000000E-04,+0.00000000E-05,+0.00000000E-05,-1.00000000E-04,-5.00000000E-05,-5.00000000E-05,+1.50000000E-04,+0.00000000E-05,-5.00000000E-05\u000a
p50
aV+5.00000000E-05,-5.00000000E-05,+0.00000000E-05,+0.00000000E-05,-5.00000000E-05,+0.00000000E-05,+1.00000000E-04,+5.00000000E-05,+5.00000000E-05,+1.00000000E-04\u000a
p51
aV+0.00000000E-05,-5.00000000E-05,+5.00000000E-05,+0.00000000E-05,+5.00000000E-05,-5.00000000E-05,+5.00000000E-05,+0.00000000E-05,-5.00000000E-05,-5.00000000E-05\u000a
p52
aV+1.00000000E-04,+5.00000000E-05,+5.00000000E-05,+5.00000000E-05,+5.00000000E-05,-1.00000000E-04,+5.00000000E-05,+0.00000000E-05,-5.00000000E-05,+5.00000000E-05\u000a
p53
aV+0.00000000E-05,+0.00000000E-05,-5.00000000E-05,+5.00000000E-05,-5.00000000E-05,+5.00000000E-05,+5.00000000E-05,+5.00000000E-05,-5.00000000E-05,+0.00000000E-05\u000a
p54
aV+0.00000000E-05,+5.00000000E-05,+5.00000000E-05,+1.00000000E-04,+5.00000000E-05,+0.00000000E-05,+5.00000000E-05,-5.00000000E-05,+0.00000000E-05,+5.00000000E-05\u000a
p55
aV+0.00000000E-05,+5.00000000E-05,-5.00000000E-05,+5.00000000E-05,+0.00000000E-05,-5.00000000E-05,-1.00000000E-04,+0.00000000E-05,-1.00000000E-04,+1.00000000E-04\u000a
p56
aV+1.00000000E-04,+5.00000000E-05,-5.00000000E-05,+0.00000000E-05,+5.00000000E-05,+0.00000000E-05,+5.00000000E-05,+0.00000000E-05,+0.00000000E-05,-5.00000000E-05\u000a
p57
aV+5.00000000E-05,+0.00000000E-05,+1.00000000E-04,+0.00000000E-05,+5.00000000E-05,+5.00000000E-05,-5.00000000E-05,+0.00000000E-05,+0.00000000E-05,+0.00000000E-05\u000a
p58
aV-5.00000000E-05,+0.00000000E-05,+1.00000000E-04,+0.00000000E-05,+5.00000000E-05,+1.00000000E-04,+5.00000000E-05,-5.00000000E-05,+5.00000000E-05,+0.00000000E-05\u000a
p59
aV+0.00000000E-05,+1.00000000E-04,+5.00000000E-05,+0.00000000E-05,+1.00000000E-04,+0.00000000E-05,-1.00000000E-04,+5.00000000E-05,+5.00000000E-05,-5.00000000E-05\u000a
p60
aV+5.00000000E-05,+0.00000000E-05,-5.00000000E-05,+5.00000000E-05,-1.50000000E-04,-5.00000000E-05,+1.00000000E-04,+0.00000000E-05,+5.00000000E-05,+0.00000000E-05\u000a
p61
aV+5.00000000E-05,-2.10000000E-04,+0.00000000E-05,+5.00000000E-05,+0.00000000E-05,-5.00000000E-05,+0.00000000E-05,+5.00000000E-05,+0.00000000E-05,+0.00000000E-05\u000a
p62
aV-5.00000000E-05,+0.00000000E-05,+0.00000000E-05,+0.00000000E-05,+0.00000000E-05,-5.00000000E-05,+0.00000000E-05,+1.00000000E-04,-5.00000000E-05,+5.00000000E-05\u000a
p63
aV+5.00000000E-05,+0.00000000E-05,+0.00000000E-05,+1.50000000E-04,+5.00000000E-05,+0.00000000E-05,-5.00000000E-05,-5.00000000E-05,-5.00000000E-05,+0.00000000E-05\u000a
p64
aV+0.00000000E-05,+0.00000000E-05,-1.50000000E-04,+1.00000000E-04,+0.00000000E-05,+0.00000000E-05,+1.00000000E-04,-5.00000000E-05,+0.00000000E-05,+0.00000000E-05\u000a
p65
aV-5.00000000E-05,+1.50000000E-04,+0.00000000E-05,+5.00000000E-05,-5.00000000E-05,-5.00000000E-05,-5.00000000E-05,+1.00000000E-04,+5.00000000E-05,-5.00000000E-05\u000a
p66
aV+1.00000000E-04,+5.00000000E-05,+0.00000000E-05,+5.00000000E-05,-5.00000000E-05,-5.00000000E-05,+5.00000000E-05,+5.00000000E-05,-5.00000000E-05,+5.00000000E-05\u000a
p67
aV+1.00000000E-04,+0.00000000E-05,+0.00000000E-05,+1.50000000E-04,+5.00000000E-05,-1.00000000E-04,+5.00000000E-05,+0.00000000E-05,+5.00000000E-05,+5.00000000E-05\u000a
p68
aV+0.00000000E-05,-1.50000000E-04,+1.00000000E-04,+0.00000000E-05,+1.50000000E-04,+1.00000000E-04,-5.00000000E-05,-1.00000000E-04,+5.00000000E-05,+0.00000000E-05\u000a
p69
aV+5.00000000E-05,+5.00000000E-05,-5.00000000E-05,+5.00000000E-05,+0.00000000E-05,-5.00000000E-05,+5.00000000E-05,+0.00000000E-05,+0.00000000E-05,-1.00000000E-04\u000a
p70
aV+0.00000000E-05,+0.00000000E-05,-1.00000000E-04,+0.00000000E-05,-5.00000000E-05,+5.00000000E-05,-1.00000000E-04,+5.00000000E-05,-1.00000000E-04,-5.00000000E-05\u000a
p71
aV-5.00000000E-05,+0.00000000E-05,+5.00000000E-05,+0.00000000E-05,-1.00000000E-04,+5.00000000E-05,-5.00000000E-05,-5.00000000E-05,+0.00000000E-05,+0.00000000E-05\u000a
p72
aV+0.00000000E-05,+0.00000000E-05,+5.00000000E-05,-5.00000000E-05,+5.00000000E-05,+5.00000000E-05,+0.00000000E-05,-5.00000000E-05,-1.00000000E-04,-5.00000000E-05\u000a
p73
aV-5.00000000E-05,+0.00000000E-05,+5.00000000E-05,-5.00000000E-05,+0.00000000E-05,+1.00000000E-04,+0.00000000E-05,-5.00000000E-05,-5.00000000E-05,+0.00000000E-05\u000a
p74
aV+0.00000000E-05,+5.00000000E-05,+1.00000000E-04,-5.00000000E-05,+1.00000000E-04,+5.00000000E-05,+1.00000000E-04,-1.00000000E-04,+0.00000000E-05,+5.00000000E-05\u000a
p75
aV-1.50000000E-04,+0.00000000E-05,+5.00000000E-05,-5.00000000E-05,+0.00000000E-05,+5.00000000E-05,+0.00000000E-05,-5.00000000E-05,+5.00000000E-05,-5.00000000E-05\u000a
p76
aV+5.00000000E-05,+1.00000000E-04,+5.00000000E-05,+5.00000000E-05,+5.00000000E-05,-5.00000000E-05,+0.00000000E-05,+5.00000000E-05,+5.00000000E-05,-5.00000000E-05\u000a
p77
aV-5.00000000E-05,+0.00000000E-05,+0.00000000E-05,-1.00000000E-04,+5.00000000E-05,+1.00000000E-04,+0.00000000E-05,+5.00000000E-05,+5.00000000E-05,+0.00000000E-05\u000a
p78
aV+0.00000000E-05,+0.00000000E-05,-1.00000000E-04,-5.00000000E-05,+5.00000000E-05,+0.00000000E-05,-5.00000000E-05,-5.00000000E-05,+5.00000000E-05,+0.00000000E-05\u000a
p79
aV+5.00000000E-05,+0.00000000E-05,-5.00000000E-05,+5.00000000E-05,+5.00000000E-05,-1.00000000E-04,+1.00000000E-04,+1.00000000E-04,+0.00000000E-05,-5.00000000E-05\u000a
p80
aV+5.00000000E-05,+0.00000000E-05,-1.00000000E-04,+0.00000000E-05,+0.00000000E-05,-5.00000000E-05,+1.00000000E-04,+0.00000000E-05,+1.00000000E-04,+5.00000000E-05\u000a
p81
aV-5.00000000E-05,+0.00000000E-05,+0.00000000E-05,-5.00000000E-05,+0.00000000E-05,+1.00000000E-04,+0.00000000E-05,+0.00000000E-05,+0.00000000E-05,-5.00000000E-05\u000a
p82
aV+5.00000000E-05,+0.00000000E-05,+5.00000000E-05,+5.00000000E-05,+1.00000000E-04,+0.00000000E-05,+5.00000000E-05,+5.00000000E-05,-1.00000000E-04,+5.00000000E-05\u000a
p83
aV+5.00000000E-05,+1.00000000E-04,+0.00000000E-05,-1.00000000E-04,+5.00000000E-05,+5.00000000E-05,+5.00000000E-05,+1.50000000E-04,+0.00000000E-05,+0.00000000E-05\u000a
p84
aV+1.00000000E-04,+1.00000000E-04,+0.00000000E-05,+2.60000000E-04,+5.00000000E-05,-5.00000000E-05,+5.00000000E-05,+5.00000000E-05,+5.00000000E-05,-1.00000000E-04\u000a
p85
aV+1.50000000E-04,-5.00000000E-05,+0.00000000E-05,+1.50000000E-04,+0.00000000E-05,-5.00000000E-05,+1.50000000E-04,+0.00000000E-05,+0.00000000E-05,+0.00000000E-05\u000a
p86
aV+1.00000000E-04,+5.00000000E-05,+0.00000000E-05,+0.00000000E-05,+0.00000000E-05,-5.00000000E-05,+1.50000000E-04,+1.00000000E-04,-5.00000000E-05,-5.00000000E-05\u000a
p87
aV+0.00000000E-05,+0.00000000E-05,+0.00000000E-05,-1.00000000E-04,+1.00000000E-04,+0.00000000E-05,-5.00000000E-05,+0.00000000E-05,+5.00000000E-05,+5.00000000E-05\u000a
p88
aV+5.00000000E-05,+0.00000000E-05,+5.00000000E-05,+5.00000000E-05,-5.00000000E-05,+5.00000000E-05,+1.50000000E-04,+5.00000000E-05,+5.00000000E-05,+0.00000000E-05\u000a
p89
aV+5.00000000E-05,+1.00000000E-04,+5.00000000E-05,+0.00000000E-05,+5.00000000E-05,+1.00000000E-04,+5.00000000E-05,+0.00000000E-05,-1.00000000E-04,-5.00000000E-05\u000a
p90
aV-5.00000000E-05,+1.00000000E-04,+5.00000000E-05,+5.00000000E-05,+0.00000000E-05,+0.00000000E-05,+0.00000000E-05,+1.00000000E-04,+5.00000000E-05,+5.00000000E-05\u000a
p91
aV+1.00000000E-04,+0.00000000E-05,+5.00000000E-05,+0.00000000E-05,+0.00000000E-05,+1.00000000E-04,-5.00000000E-05,-5.00000000E-05,+5.00000000E-05,+5.00000000E-05\u000a
p92
aV+0.00000000E-05,-2.60000000E-04,+5.00000000E-05,+5.00000000E-05,+0.00000000E-05,+5.00000000E-05,+0.00000000E-05,-1.00000000E-04,+1.00000000E-04,+0.00000000E-05\u000a
p93
aV+1.00000000E-04,-1.00000000E-04,-5.00000000E-05,+5.00000000E-05,+5.00000000E-05,+1.00000000E-04,+0.00000000E-05,-5.00000000E-05,+5.00000000E-05,+0.00000000E-05\u000a
p94
aV+0.00000000E-05,+5.00000000E-05,+5.00000000E-05,-5.00000000E-05,+5.00000000E-05,+0.00000000E-05,-5.00000000E-05,+0.00000000E-05,+5.00000000E-05,-5.00000000E-05\u000a
p95
aV+5.00000000E-05,+0.00000000E-05,+0.00000000E-05,+1.50000000E-04,-5.00000000E-05,+1.00000000E-04,+0.00000000E-05,+5.00000000E-05,+1.00000000E-04,+5.00000000E-05\u000a
p96
aV+0.00000000E-05,-1.00000000E-04,+1.00000000E-04,+5.00000000E-05,+1.50000000E-04,+5.00000000E-05,+5.00000000E-05,+0.00000000E-05,+0.00000000E-05,+5.00000000E-05\u000a
p97
aV+5.00000000E-05,+5.00000000E-05,+5.00000000E-05,+5.00000000E-05,-5.00000000E-05,+5.00000000E-05,+0.00000000E-05,-5.00000000E-05,+0.00000000E-05,+0.00000000E-05\u000a
p98
aV+0.00000000E-05,+0.00000000E-05,+0.00000000E-05,+1.00000000E-04,+5.00000000E-05,+1.00000000E-04,-1.50000000E-04,-5.00000000E-05,+0.00000000E-05,+5.00000000E-05\u000a
p99
aV+5.00000000E-05,+1.50000000E-04,+1.00000000E-04,-5.00000000E-05,+5.00000000E-05,+5.00000000E-05,+5.00000000E-05,+1.00000000E-04,+1.50000000E-04,+5.00000000E-05\u000a
p100
aV+1.00000000E-04,+2.10000000E-04,+5.00000000E-05,+5.00000000E-05,+1.00000000E-04,+0.00000000E-05,+0.00000000E-05,+1.00000000E-04,+2.10000000E-04,-1.50000000E-04\u000a
p101
aV+5.00000000E-05,+1.50000000E-04,+2.10000000E-04,+1.00000000E-04,+1.00000000E-04,+1.50000000E-04,+5.00000000E-05,+5.00000000E-05,+5.00000000E-05,+1.50000000E-04\u000a
p102
aV+1.00000000E-04,+5.00000000E-05,+5.00000000E-05,+1.00000000E-04,+1.00000000E-04,+1.50000000E-04,+1.00000000E-04,+1.50000000E-04,+1.50000000E-04,+2.10000000E-04\u000a
p103
aV+1.50000000E-04,+1.50000000E-04,+1.50000000E-04,+2.60000000E-04,+1.50000000E-04,+5.00000000E-05,+2.10000000E-04,+1.50000000E-04,+2.10000000E-04,+2.60000000E-04\u000a
p104
aV+2.60000000E-04,+2.10000000E-04,+1.00000000E-04,+2.60000000E-04,+1.50000000E-04,+2.10000000E-04,+2.10000000E-04,+5.70000000E-04,+2.10000000E-04,+2.10000000E-04\u000a
p105
aV+2.60000000E-04,+3.10000000E-04,+2.60000000E-04,+3.10000000E-04,+1.50000000E-04,+2.10000000E-04,+3.10000000E-04,+2.60000000E-04,+2.10000000E-04,+3.60000000E-04\u000a
p106
aV+3.10000000E-04,+3.60000000E-04,+3.10000000E-04,+2.60000000E-04,+3.10000000E-04,+2.60000000E-04,+3.60000000E-04,+2.60000000E-04,+2.60000000E-04,+3.60000000E-04\u000a
p107
aV+4.10000000E-04,+4.10000000E-04,+4.60000000E-04,+4.10000000E-04,+4.10000000E-04,+4.10000000E-04,+4.60000000E-04,+4.60000000E-04,+4.10000000E-04,+3.60000000E-04\u000a
p108
aV+6.20000000E-04,+6.20000000E-04,+5.70000000E-04,+5.70000000E-04,+5.70000000E-04,+5.10000000E-04,+5.70000000E-04,+5.70000000E-04,+5.10000000E-04,+5.10000000E-04\u000a
p109
aV+7.70000000E-04,+7.70000000E-04,+7.20000000E-04,+8.70000000E-04,+7.20000000E-04,+6.70000000E-04,+7.70000000E-04,+6.70000000E-04,+7.20000000E-04,+9.30000000E-04\u000a
p110
aV+8.70000000E-04,+9.30000000E-04,+9.30000000E-04,+9.80000000E-04,+8.70000000E-04,+9.30000000E-04,+9.80000000E-04,+9.30000000E-04,+9.80000000E-04,+9.30000000E-04\u000a
p111
aV+1.29000000E-03,+1.24000000E-03,+1.18000000E-03,+1.24000000E-03,+1.18000000E-03,+1.34000000E-03,+1.24000000E-03,+1.29000000E-03,+1.29000000E-03,+1.39000000E-03\u000a
p112
aV+1.70000000E-03,+1.75000000E-03,+1.65000000E-03,+1.65000000E-03,+1.54000000E-03,+1.49000000E-03,+1.54000000E-03,+1.75000000E-03,+1.60000000E-03,+1.60000000E-03\u000a
p113
aV+2.21000000E-03,+2.16000000E-03,+2.32000000E-03,+2.26000000E-03,+2.21000000E-03,+2.21000000E-03,+2.21000000E-03,+2.21000000E-03,+2.16000000E-03,+2.26000000E-03\u000a
p114
aV+3.04000000E-03,+2.98000000E-03,+2.93000000E-03,+2.83000000E-03,+2.93000000E-03,+2.98000000E-03,+2.88000000E-03,+2.98000000E-03,+2.98000000E-03,+2.93000000E-03\u000a
p115
aV+3.71000000E-03,+3.71000000E-03,+3.60000000E-03,+3.76000000E-03,+3.81000000E-03,+3.81000000E-03,+3.76000000E-03,+3.71000000E-03,+3.71000000E-03,+3.71000000E-03\u000a
p116
aV+5.04000000E-03,+5.10000000E-03,+4.94000000E-03,+4.99000000E-03,+4.89000000E-03,+4.99000000E-03,+5.10000000E-03,+4.99000000E-03,+4.94000000E-03,+4.79000000E-03\u000a
p117
aV+6.12000000E-03,+6.07000000E-03,+5.92000000E-03,+6.02000000E-03,+5.92000000E-03,+5.97000000E-03,+6.07000000E-03,+6.02000000E-03,+6.02000000E-03,+6.12000000E-03\u000a
p118
aV+7.51000000E-03,+7.77000000E-03,+7.62000000E-03,+7.51000000E-03,+7.57000000E-03,+7.57000000E-03,+7.57000000E-03,+7.46000000E-03,+7.57000000E-03,+7.51000000E-03\u000a
p119
aV+8.95000000E-03,+9.11000000E-03,+9.01000000E-03,+9.11000000E-03,+8.85000000E-03,+8.95000000E-03,+8.95000000E-03,+8.90000000E-03,+8.95000000E-03,+8.85000000E-03\u000a
p120
aV+1.11200000E-02,+1.12200000E-02,+1.10700000E-02,+1.11200000E-02,+1.09600000E-02,+1.10700000E-02,+1.10100000E-02,+1.11200000E-02,+1.10100000E-02,+1.11700000E-02\u000a
p121
aV+1.28100000E-02,+1.29200000E-02,+1.28700000E-02,+1.29200000E-02,+1.28700000E-02,+1.29200000E-02,+1.29200000E-02,+1.29200000E-02,+1.30700000E-02,+1.29200000E-02\u000a
p122
aV+1.51800000E-02,+1.50300000E-02,+1.51300000E-02,+1.52900000E-02,+1.51300000E-02,+1.51300000E-02,+1.51300000E-02,+1.51300000E-02,+1.51300000E-02,+1.50800000E-02\u000a
p123
aV+1.71900000E-02,+1.71900000E-02,+1.72400000E-02,+1.70900000E-02,+1.72400000E-02,+1.70900000E-02,+1.72900000E-02,+1.72400000E-02,+1.73400000E-02,+1.72900000E-02\u000a
p124
aV+2.01200000E-02,+2.01200000E-02,+2.00200000E-02,+2.01200000E-02,+2.00700000E-02,+1.99700000E-02,+2.01700000E-02,+2.00700000E-02,+2.00700000E-02,+2.00700000E-02\u000a
p125
aV+2.23900000E-02,+2.25400000E-02,+2.24400000E-02,+2.23900000E-02,+2.25900000E-02,+2.24400000E-02,+2.24900000E-02,+2.25400000E-02,+2.24900000E-02,+2.24900000E-02\u000a
p126
aV+2.53200000E-02,+2.53200000E-02,+2.52700000E-02,+2.51700000E-02,+2.53200000E-02,+2.52200000E-02,+2.51200000E-02,+2.54200000E-02,+2.52700000E-02,+2.52200000E-02\u000a
p127
aV+2.86100000E-02,+2.85100000E-02,+2.84600000E-02,+2.86100000E-02,+2.84600000E-02,+2.85600000E-02,+2.85100000E-02,+2.85100000E-02,+2.84600000E-02,+2.85100000E-02\u000a
p128
aV+3.10800000E-02,+3.10800000E-02,+3.11400000E-02,+3.11400000E-02,+3.10800000E-02,+3.11900000E-02,+3.12400000E-02,+3.11400000E-02,+3.10300000E-02,+3.10800000E-02\u000a
p129
aV+3.43800000E-02,+3.43300000E-02,+3.42800000E-02,+3.43300000E-02,+3.43300000E-02,+3.42800000E-02,+3.43300000E-02,+3.43800000E-02,+3.43300000E-02,+3.44300000E-02\u000a
p130
aV+3.71600000E-02,+3.71600000E-02,+3.71100000E-02,+3.71100000E-02,+3.70000000E-02,+3.71600000E-02,+3.70500000E-02,+3.72100000E-02,+3.71100000E-02,+3.72100000E-02\u000a
p131
aV+4.07600000E-02,+4.07600000E-02,+4.07100000E-02,+4.08100000E-02,+4.07100000E-02,+4.07600000E-02,+4.07600000E-02,+4.07600000E-02,+4.07600000E-02,+4.07600000E-02\u000a
p132
aV+4.36900000E-02,+4.36900000E-02,+4.37500000E-02,+4.37500000E-02,+4.36900000E-02,+4.37500000E-02,+4.37500000E-02,+4.37500000E-02,+4.36400000E-02,+4.35900000E-02\u000a
p133
aV+4.73000000E-02,+4.71900000E-02,+4.71900000E-02,+4.71400000E-02,+4.71900000E-02,+4.70900000E-02,+4.71900000E-02,+4.72500000E-02,+4.70900000E-02,+4.72500000E-02\u000a
p134
aV+5.03300000E-02,+5.02300000E-02,+5.03300000E-02,+5.03800000E-02,+5.02300000E-02,+5.03300000E-02,+5.02300000E-02,+5.02300000E-02,+5.02300000E-02,+5.03300000E-02\u000a
p135
aV+5.42400000E-02,+5.41400000E-02,+5.40400000E-02,+5.41900000E-02,+5.41400000E-02,+5.40400000E-02,+5.42400000E-02,+5.41400000E-02,+5.41400000E-02,+5.41400000E-02\u000a
p136
aV+5.72300000E-02,+5.73300000E-02,+5.73300000E-02,+5.72300000E-02,+5.73300000E-02,+5.73800000E-02,+5.71800000E-02,+5.71300000E-02,+5.72800000E-02,+5.71800000E-02\u000a
p137
aV+6.09300000E-02,+6.10400000E-02,+6.10400000E-02,+6.08800000E-02,+6.10400000E-02,+6.10400000E-02,+6.09900000E-02,+6.10900000E-02,+6.09900000E-02,+6.11900000E-02\u000a
p138
aV+6.27900000E-02,+6.27900000E-02,+6.27900000E-02,+6.27400000E-02,+6.27900000E-02,+6.27900000E-02,+6.28400000E-02,+6.28400000E-02,+6.27900000E-02,+6.28400000E-02\u000a
p139
aV+6.66500000E-02,+6.66500000E-02,+6.66000000E-02,+6.66500000E-02,+6.64400000E-02,+6.66000000E-02,+6.65400000E-02,+6.65400000E-02,+6.66000000E-02,+6.64400000E-02\u000a
p140
aV+6.97900000E-02,+6.99400000E-02,+6.97900000E-02,+6.98400000E-02,+6.98400000E-02,+6.98900000E-02,+6.98400000E-02,+6.98900000E-02,+6.98400000E-02,+6.97400000E-02\u000a
p141
aV+7.40100000E-02,+7.40100000E-02,+7.39600000E-02,+7.40100000E-02,+7.39600000E-02,+7.40100000E-02,+7.40600000E-02,+7.40600000E-02,+7.40100000E-02,+7.39600000E-02\u000a
p142
aV+7.80200000E-02,+7.79700000E-02,+7.78200000E-02,+7.79200000E-02,+7.78700000E-02,+7.79700000E-02,+7.80200000E-02,+7.79200000E-02,+7.79700000E-02,+7.78700000E-02\u000a
p143
aV+8.11100000E-02,+8.12100000E-02,+8.13200000E-02,+8.10600000E-02,+8.12600000E-02,+8.12600000E-02,+8.12100000E-02,+8.13700000E-02,+8.14200000E-02,+8.11600000E-02\u000a
p144
aV+8.56900000E-02,+8.55900000E-02,+8.57400000E-02,+8.56900000E-02,+8.56900000E-02,+8.57400000E-02,+8.56400000E-02,+8.56900000E-02,+8.57900000E-02,+8.56900000E-02\u000a
p145
aV+8.89300000E-02,+8.89300000E-02,+8.89300000E-02,+8.89300000E-02,+8.89800000E-02,+8.90900000E-02,+8.90300000E-02,+8.89300000E-02,+8.90300000E-02,+8.89800000E-02\u000a
p146
aV+9.30500000E-02,+9.31000000E-02,+9.29500000E-02,+9.30000000E-02,+9.31000000E-02,+9.28900000E-02,+9.30500000E-02,+9.30000000E-02,+9.30000000E-02,+9.31500000E-02\u000a
p147
aV+9.65000000E-02,+9.65500000E-02,+9.65000000E-02,+9.65000000E-02,+9.65000000E-02,+9.64500000E-02,+9.65000000E-02,+9.65000000E-02,+9.66000000E-02,+9.63900000E-02\u000a
p148
aV+1.00870000E-01,+1.00770000E-01,+1.00720000E-01,+1.00870000E-01,+1.00870000E-01,+1.00870000E-01,+1.00920000E-01,+1.00870000E-01,+1.00770000E-01,+1.00870000E-01\u000a
p149
aV+1.04370000E-01,+1.04420000E-01,+1.04470000E-01,+1.04370000E-01,+1.04420000E-01,+1.04470000E-01,+1.04420000E-01,+1.04530000E-01,+1.04370000E-01,+1.04420000E-01\u000a
p150
aV+1.08390000E-01,+1.08540000E-01,+1.08490000E-01,+1.08490000E-01,+1.08540000E-01,+1.08440000E-01,+1.08490000E-01,+1.08490000E-01,+1.08490000E-01,+1.08440000E-01\u000a
p151
aV+1.12090000E-01,+1.12090000E-01,+1.11990000E-01,+1.12090000E-01,+1.12090000E-01,+1.12090000E-01,+1.12090000E-01,+1.12090000E-01,+1.12090000E-01,+1.11890000E-01\u000a
p152
aV+1.16720000E-01,+1.16670000E-01,+1.16670000E-01,+1.16670000E-01,+1.16520000E-01,+1.16670000E-01,+1.16620000E-01,+1.16670000E-01,+1.16620000E-01,+1.16670000E-01\u000a
p153
aV+1.20270000E-01,+1.20120000E-01,+1.20120000E-01,+1.20170000E-01,+1.20220000E-01,+1.20070000E-01,+1.20170000E-01,+1.20270000E-01,+1.20170000E-01,+1.20270000E-01\u000a
p154
aV+1.24340000E-01,+1.24390000E-01,+1.24440000E-01,+1.24390000E-01,+1.24490000E-01,+1.24390000E-01,+1.24440000E-01,+1.24390000E-01,+1.24490000E-01,+1.24440000E-01\u000a
p155
aV+1.29020000E-01,+1.28870000E-01,+1.28870000E-01,+1.28920000E-01,+1.28920000E-01,+1.28920000E-01,+1.28920000E-01,+1.28870000E-01,+1.28870000E-01,+1.29020000E-01\u000a
p156
aV+1.32630000E-01,+1.32570000E-01,+1.32470000E-01,+1.32520000E-01,+1.32520000E-01,+1.32630000E-01,+1.32630000E-01,+1.32570000E-01,+1.32470000E-01,+1.32630000E-01\u000a
p157
aV+1.36740000E-01,+1.36640000E-01,+1.36740000E-01,+1.36850000E-01,+1.36640000E-01,+1.36740000E-01,+1.36790000E-01,+1.36640000E-01,+1.36690000E-01,+1.36850000E-01\u000a
p158
aV+1.37000000E-01,+1.37050000E-01,+1.37050000E-01,+1.36950000E-01,+1.36950000E-01,+1.36950000E-01,+1.37050000E-01,+1.37050000E-01,+1.37000000E-01,+1.36950000E-01\u000a
p159
aV+1.44980000E-01,+1.44930000E-01,+1.44930000E-01,+1.45030000E-01,+1.44980000E-01,+1.44980000E-01,+1.45030000E-01,+1.44870000E-01,+1.44980000E-01,+1.44930000E-01\u000a
p160
aV+1.48580000E-01,+1.48480000E-01,+1.48580000E-01,+1.48580000E-01,+1.48530000E-01,+1.48580000E-01,+1.48530000E-01,+1.48630000E-01,+1.48630000E-01,+1.48630000E-01\u000a
p161
aV+1.52850000E-01,+1.52850000E-01,+1.52900000E-01,+1.52900000E-01,+1.52900000E-01,+1.52950000E-01,+1.52850000E-01,+1.52850000E-01,+1.52900000E-01,+1.52900000E-01\u000a
p162
aV+1.56510000E-01,+1.56400000E-01,+1.56400000E-01,+1.56560000E-01,+1.56400000E-01,+1.56560000E-01,+1.56510000E-01,+1.56450000E-01,+1.56510000E-01,+1.56710000E-01\u000a
p163
aV+1.61090000E-01,+1.61190000E-01,+1.61190000E-01,+1.61190000E-01,+1.61140000E-01,+1.61190000E-01,+1.61140000E-01,+1.61240000E-01,+1.61190000E-01,+1.61190000E-01\u000a
p164
aV+1.64790000E-01,+1.64790000E-01,+1.64840000E-01,+1.64840000E-01,+1.64840000E-01,+1.64840000E-01,+1.64790000E-01,+1.64790000E-01,+1.64740000E-01,+1.64790000E-01\u000a
p165
aV+1.69220000E-01,+1.69110000E-01,+1.69010000E-01,+1.69270000E-01,+1.69220000E-01,+1.69220000E-01,+1.69270000E-01,+1.69220000E-01,+1.69110000E-01,+1.69270000E-01\u000a
p166
aV+1.72820000E-01,+1.72770000E-01,+1.72820000E-01,+1.72970000E-01,+1.72770000E-01,+1.72820000E-01,+1.72770000E-01,+1.72820000E-01,+1.72820000E-01,+1.72770000E-01\u000a
p167
aV+1.77190000E-01,+1.77250000E-01,+1.77190000E-01,+1.77250000E-01,+1.77300000E-01,+1.77190000E-01,+1.77250000E-01,+1.77250000E-01,+1.77250000E-01,+1.77250000E-01\u000a
p168
aV+1.80900000E-01,+1.80950000E-01,+1.80950000E-01,+1.80900000E-01,+1.80900000E-01,+1.80900000E-01,+1.80900000E-01,+1.80900000E-01,+1.80900000E-01,+1.80900000E-01\u000a
p169
aV+1.85220000E-01,+1.85170000E-01,+1.85120000E-01,+1.85330000E-01,+1.85170000E-01,+1.85270000E-01,+1.85220000E-01,+1.85220000E-01,+1.85330000E-01,+1.85270000E-01\u000a
p170
aV+1.89860000E-01,+1.89860000E-01,+1.90010000E-01,+1.89860000E-01,+1.89910000E-01,+1.89960000E-01,+1.90010000E-01,+1.89910000E-01,+1.89960000E-01,+1.89910000E-01\u000a
p171
aV+1.93660000E-01,+1.93610000E-01,+1.93610000E-01,+1.93610000E-01,+1.93560000E-01,+1.93610000E-01,+1.93460000E-01,+1.93560000E-01,+1.93560000E-01,+1.93660000E-01\u000a
p172
aV+1.98090000E-01,+1.98090000E-01,+1.98140000E-01,+1.97990000E-01,+1.98090000E-01,+1.98140000E-01,+1.98090000E-01,+1.98090000E-01,+1.98140000E-01,+1.98040000E-01\u000a
p173
aV+2.01690000E-01,+2.01690000E-01,+2.01690000E-01,+2.01740000E-01,+2.01800000E-01,+2.01740000E-01,+2.01800000E-01,+2.01800000E-01,+2.01690000E-01,+2.01740000E-01\u000a
p174
aV+2.06480000E-01,+2.06530000E-01,+2.06480000E-01,+2.06480000E-01,+2.06480000E-01,+2.06480000E-01,+2.06430000E-01,+2.06430000E-01,+2.06480000E-01,+2.06430000E-01\u000a
p175
aV+2.10340000E-01,+2.10180000E-01,+2.10290000E-01,+2.10340000E-01,+2.10290000E-01,+2.10340000E-01,+2.10290000E-01,+2.10290000E-01,+2.10240000E-01,+2.10390000E-01\u000a
p176
aV+2.14460000E-01,+2.14610000E-01,+2.14610000E-01,+2.14510000E-01,+2.14660000E-01,+2.14610000E-01,+2.14560000E-01,+2.14610000E-01,+2.14610000E-01,+2.14610000E-01\u000a
p177
aV+2.18370000E-01,+2.18420000E-01,+2.18420000E-01,+2.18420000E-01,+2.18420000E-01,+2.18470000E-01,+2.18320000E-01,+2.18370000E-01,+2.18370000E-01,+2.18320000E-01\u000a
p178
aV+2.23000000E-01,+2.23050000E-01,+2.23100000E-01,+2.22950000E-01,+2.23100000E-01,+2.22950000E-01,+2.23150000E-01,+2.23100000E-01,+2.23000000E-01,+2.22950000E-01\u000a
p179
aV+2.26810000E-01,+2.26810000E-01,+2.26810000E-01,+2.26860000E-01,+2.26810000E-01,+2.26810000E-01,+2.26760000E-01,+2.26760000E-01,+2.26760000E-01,+2.26860000E-01\u000a
p180
aV+2.31230000E-01,+2.31230000E-01,+2.31130000E-01,+2.31230000E-01,+2.31080000E-01,+2.31280000E-01,+2.31280000E-01,+2.31130000E-01,+2.31130000E-01,+2.31130000E-01\u000a
p181
aV+2.34780000E-01,+2.34780000E-01,+2.34990000E-01,+2.34890000E-01,+2.34940000E-01,+2.34890000E-01,+2.34940000E-01,+2.34940000E-01,+2.34940000E-01,+2.34780000E-01\u000a
p182
aV+2.39780000E-01,+2.39730000E-01,+2.39830000E-01,+2.39780000E-01,+2.39880000E-01,+2.39780000E-01,+2.39780000E-01,+2.39930000E-01,+2.39830000E-01,+2.39780000E-01\u000a
p183
aV+2.40190000E-01,+2.40140000E-01,+2.40190000E-01,+2.40140000E-01,+2.40140000E-01,+2.40030000E-01,+2.40190000E-01,+2.40030000E-01,+2.40140000E-01,+2.40090000E-01\u000a
p184
aV+2.48010000E-01,+2.47960000E-01,+2.47960000E-01,+2.47960000E-01,+2.48060000E-01,+2.47960000E-01,+2.48170000E-01,+2.48060000E-01,+2.47960000E-01,+2.48010000E-01\u000a
p185
aV+2.52800000E-01,+2.52800000E-01,+2.52750000E-01,+2.52900000E-01,+2.52750000E-01,+2.52750000E-01,+2.52690000E-01,+2.52800000E-01,+2.52850000E-01,+2.52800000E-01\u000a
p186
aV+2.56660000E-01,+2.56500000E-01,+2.56660000E-01,+2.56710000E-01,+2.56760000E-01,+2.56660000E-01,+2.56710000E-01,+2.56610000E-01,+2.56550000E-01,+2.56760000E-01\u000a
p187
aV+2.61080000E-01,+2.61080000E-01,+2.61030000E-01,+2.61130000E-01,+2.61030000E-01,+2.61080000E-01,+2.61130000E-01,+2.61190000E-01,+2.61130000E-01,+2.61080000E-01\u000a
p188
aV+2.64840000E-01,+2.64840000E-01,+2.64790000E-01,+2.64790000E-01,+2.64840000E-01,+2.64790000E-01,+2.64890000E-01,+2.64940000E-01,+2.64890000E-01,+2.64840000E-01\u000a
p189
aV+2.69730000E-01,+2.69880000E-01,+2.69880000E-01,+2.69630000E-01,+2.69780000E-01,+2.69780000E-01,+2.69730000E-01,+2.69780000E-01,+2.69630000E-01,+2.69830000E-01\u000a
p190
aV+2.73640000E-01,+2.73590000E-01,+2.73690000E-01,+2.73690000E-01,+2.73740000E-01,+2.73640000E-01,+2.73590000E-01,+2.73640000E-01,+2.73740000E-01,+2.73690000E-01\u000a
p191
aV+2.78270000E-01,+2.78380000E-01,+2.78320000E-01,+2.78320000E-01,+2.78380000E-01,+2.78320000E-01,+2.78270000E-01,+2.78320000E-01,+2.78430000E-01,+2.78480000E-01\u000a
p192
aV+2.81980000E-01,+2.82290000E-01,+2.82180000E-01,+2.82180000E-01,+2.82340000E-01,+2.82290000E-01,+2.82080000E-01,+2.82440000E-01,+2.82290000E-01,+2.82180000E-01\u000a
p193
aV+2.86920000E-01,+2.87070000E-01,+2.87230000E-01,+2.87120000E-01,+2.87120000E-01,+2.87120000E-01,+2.87070000E-01,+2.87120000E-01,+2.87120000E-01,+2.87070000E-01\u000a
p194
aV+2.92480000E-01,+2.92530000E-01,+2.92530000E-01,+2.92580000E-01,+2.92430000E-01,+2.92530000E-01,+2.92430000E-01,+2.92580000E-01,+2.92480000E-01,+2.92530000E-01\u000a
p195
aV+2.97110000E-01,+2.97010000E-01,+2.97010000E-01,+2.97210000E-01,+2.97110000E-01,+2.97010000E-01,+2.97210000E-01,+2.97110000E-01,+2.97110000E-01,+2.97260000E-01\u000a
p196
aV+3.01070000E-01,+3.00970000E-01,+3.01070000E-01,+3.01170000E-01,+3.01020000E-01,+3.01280000E-01,+3.01020000E-01,+3.01070000E-01,+3.01120000E-01,+3.01120000E-01\u000a
p197
aV+3.06060000E-01,+3.06120000E-01,+3.06060000E-01,+3.06120000E-01,+3.06170000E-01,+3.06060000E-01,+3.06120000E-01,+3.06060000E-01,+3.06120000E-01,+3.06010000E-01\u000a
p198
aV+3.10850000E-01,+3.10900000E-01,+3.11000000E-01,+3.10900000E-01,+3.11060000E-01,+3.11060000E-01,+3.10900000E-01,+3.10900000E-01,+3.11000000E-01,+3.10850000E-01\u000a
p199
aV+3.15020000E-01,+3.15020000E-01,+3.14970000E-01,+3.14970000E-01,+3.15070000E-01,+3.14920000E-01,+3.15020000E-01,+3.14970000E-01,+3.14970000E-01,+3.15020000E-01\u000a
p200
a.