(lp0
V+8.45100000E-02,+8.46600000E-02,+8.50200000E-02,+8.56900000E-02,+8.61500000E-02,+8.68700000E-02,+8.69800000E-02,+8.71300000E-02,+8.71800000E-02,+8.72900000E-02\u000a
p1
aV+1.16770000E-01,+1.16930000E-01,+1.17130000E-01,+1.17550000E-01,+1.17750000E-01,+1.18160000E-01,+1.18320000E-01,+1.18370000E-01,+1.18420000E-01,+1.18420000E-01\u000a
p2
aV+1.41220000E-01,+1.41270000E-01,+1.41430000E-01,+1.41840000E-01,+1.42040000E-01,+1.42350000E-01,+1.42510000E-01,+1.42350000E-01,+1.42560000E-01,+1.42660000E-01\u000a
p3
aV+1.52080000E-01,+1.52030000E-01,+1.52180000E-01,+1.52390000E-01,+1.52390000E-01,+1.52540000E-01,+1.52590000E-01,+1.52700000E-01,+1.52700000E-01,+1.52750000E-01\u000a
p4
aV+1.57480000E-01,+1.57430000E-01,+1.57480000E-01,+1.57740000E-01,+1.57380000E-01,+1.57950000E-01,+1.57790000E-01,+1.57900000E-01,+1.57790000E-01,+1.58000000E-01\u000a
p5
aV+1.60160000E-01,+1.60210000E-01,+1.60210000E-01,+1.60210000E-01,+1.60310000E-01,+1.60370000E-01,+1.60370000E-01,+1.60420000E-01,+1.60260000E-01,+1.60260000E-01\u000a
p6
aV+1.58150000E-01,+1.58050000E-01,+1.58150000E-01,+1.58100000E-01,+1.58410000E-01,+1.58150000E-01,+1.58000000E-01,+1.58150000E-01,+1.58100000E-01,+1.58200000E-01\u000a
p7
aV+1.54550000E-01,+1.54550000E-01,+1.54600000E-01,+1.54450000E-01,+1.54600000E-01,+1.54550000E-01,+1.54450000E-01,+1.54500000E-01,+1.54500000E-01,+1.54500000E-01\u000a
p8
aV+1.48530000E-01,+1.48530000E-01,+1.48430000E-01,+1.48370000E-01,+1.48430000E-01,+1.48370000E-01,+1.48320000E-01,+1.48320000E-01,+1.48270000E-01,+1.48270000E-01\u000a
p9
aV+1.41430000E-01,+1.41430000E-01,+1.41370000E-01,+1.41270000E-01,+1.41270000E-01,+1.41220000E-01,+1.41170000E-01,+1.41120000E-01,+1.41070000E-01,+1.41070000E-01\u000a
p10
aV+1.32320000E-01,+1.32320000E-01,+1.32210000E-01,+1.32210000E-01,+1.32160000E-01,+1.31850000E-01,+1.31960000E-01,+1.32010000E-01,+1.31960000E-01,+1.31960000E-01\u000a
p11
aV+1.23210000E-01,+1.23210000E-01,+1.23100000E-01,+1.23000000E-01,+1.23000000E-01,+1.22850000E-01,+1.22900000E-01,+1.22800000E-01,+1.22800000E-01,+1.22800000E-01\u000a
p12
aV+1.13480000E-01,+1.13430000E-01,+1.13380000E-01,+1.13170000E-01,+1.13170000E-01,+1.13120000E-01,+1.13120000E-01,+1.13120000E-01,+1.12970000E-01,+1.12860000E-01\u000a
p13
aV+1.07670000E-01,+1.07720000E-01,+1.07410000E-01,+1.07510000E-01,+1.07360000E-01,+1.07410000E-01,+1.07610000E-01,+1.07250000E-01,+1.07250000E-01,+1.07250000E-01\u000a
p14
aV+9.64500000E-02,+9.64500000E-02,+9.62900000E-02,+9.62400000E-02,+9.61900000E-02,+9.60900000E-02,+9.60900000E-02,+9.59800000E-02,+9.61400000E-02,+9.60900000E-02\u000a
p15
aV+8.75400000E-02,+8.74900000E-02,+8.73900000E-02,+8.73400000E-02,+8.72300000E-02,+8.70800000E-02,+8.71800000E-02,+8.71300000E-02,+8.71300000E-02,+8.70300000E-02\u000a
p16
aV+8.00800000E-02,+8.01300000E-02,+8.01300000E-02,+8.00800000E-02,+7.99800000E-02,+8.00300000E-02,+7.98700000E-02,+7.98700000E-02,+7.99300000E-02,+7.97200000E-02\u000a
p17
aV+7.34900000E-02,+7.34900000E-02,+7.33400000E-02,+7.33400000E-02,+7.33400000E-02,+7.33400000E-02,+7.31800000E-02,+7.32400000E-02,+7.32900000E-02,+7.32400000E-02\u000a
p18
aV+6.78800000E-02,+6.78300000E-02,+6.79900000E-02,+6.78300000E-02,+6.78300000E-02,+6.78300000E-02,+6.77300000E-02,+6.76800000E-02,+6.77800000E-02,+6.77300000E-02\u000a
p19
aV+6.31000000E-02,+6.31000000E-02,+6.29400000E-02,+6.30400000E-02,+6.29900000E-02,+6.29400000E-02,+6.29900000E-02,+6.30400000E-02,+6.28900000E-02,+6.28900000E-02\u000a
p20
aV+5.91900000E-02,+5.91900000E-02,+5.91900000E-02,+5.91900000E-02,+5.91300000E-02,+5.91300000E-02,+5.90300000E-02,+5.89800000E-02,+5.90300000E-02,+5.91300000E-02\u000a
p21
aV+5.54300000E-02,+5.54800000E-02,+5.54300000E-02,+5.54300000E-02,+5.54300000E-02,+5.54800000E-02,+5.53800000E-02,+5.53300000E-02,+5.54300000E-02,+5.54300000E-02\u000a
p22
aV+5.27000000E-02,+5.27000000E-02,+5.26500000E-02,+5.26000000E-02,+5.26000000E-02,+5.26000000E-02,+5.27000000E-02,+5.27000000E-02,+5.26000000E-02,+5.26000000E-02\u000a
p23
aV+5.01800000E-02,+5.02300000E-02,+5.00800000E-02,+5.00800000E-02,+5.00800000E-02,+5.00200000E-02,+5.00800000E-02,+5.01300000E-02,+5.00200000E-02,+5.00200000E-02\u000a
p24
aV+4.81700000E-02,+4.81200000E-02,+4.81200000E-02,+4.81200000E-02,+4.81200000E-02,+4.82700000E-02,+4.81200000E-02,+4.80700000E-02,+4.82200000E-02,+4.81200000E-02\u000a
p25
aV+4.63200000E-02,+4.62700000E-02,+4.61600000E-02,+4.63200000E-02,+4.62200000E-02,+4.61600000E-02,+4.62700000E-02,+4.62200000E-02,+4.61600000E-02,+4.62200000E-02\u000a
p26
aV+4.41600000E-02,+4.42100000E-02,+4.42100000E-02,+4.42600000E-02,+4.41600000E-02,+4.42600000E-02,+4.42100000E-02,+4.41600000E-02,+4.42100000E-02,+4.42100000E-02\u000a
p27
aV+4.24100000E-02,+4.23600000E-02,+4.24100000E-02,+4.24100000E-02,+4.24100000E-02,+4.23600000E-02,+4.24600000E-02,+4.23600000E-02,+4.23600000E-02,+4.23000000E-02\u000a
p28
aV+4.05000000E-02,+4.04500000E-02,+4.04500000E-02,+4.04000000E-02,+4.04000000E-02,+4.04000000E-02,+4.04500000E-02,+4.04000000E-02,+4.03500000E-02,+4.04000000E-02\u000a
p29
aV+3.87000000E-02,+3.86500000E-02,+3.88000000E-02,+3.87500000E-02,+3.87000000E-02,+3.86500000E-02,+3.87000000E-02,+3.86000000E-02,+3.86500000E-02,+3.88000000E-02\u000a
p30
aV+3.67500000E-02,+3.69000000E-02,+3.69000000E-02,+3.68500000E-02,+3.69000000E-02,+3.69000000E-02,+3.68000000E-02,+3.67500000E-02,+3.67500000E-02,+3.68500000E-02\u000a
p31
aV+3.52500000E-02,+3.51500000E-02,+3.53600000E-02,+3.52500000E-02,+3.52500000E-02,+3.53100000E-02,+3.52500000E-02,+3.52500000E-02,+3.52500000E-02,+3.53100000E-02\u000a
p32
aV+3.34500000E-02,+3.34500000E-02,+3.35000000E-02,+3.35000000E-02,+3.35600000E-02,+3.35000000E-02,+3.35000000E-02,+3.35000000E-02,+3.33000000E-02,+3.34000000E-02\u000a
p33
aV+3.21100000E-02,+3.20600000E-02,+3.19600000E-02,+3.21100000E-02,+3.22200000E-02,+3.20600000E-02,+3.20600000E-02,+3.20100000E-02,+3.19100000E-02,+3.19600000E-02\u000a
p34
aV+3.04700000E-02,+3.06200000E-02,+3.05200000E-02,+3.05200000E-02,+3.05700000E-02,+3.04700000E-02,+3.03600000E-02,+3.06200000E-02,+3.04700000E-02,+3.04200000E-02\u000a
p35
aV+2.93400000E-02,+2.91800000E-02,+2.92800000E-02,+2.92800000E-02,+2.91800000E-02,+2.92800000E-02,+2.91300000E-02,+2.91800000E-02,+2.92300000E-02,+2.92300000E-02\u000a
p36
aV+2.76900000E-02,+2.78400000E-02,+2.77400000E-02,+2.77400000E-02,+2.77400000E-02,+2.77400000E-02,+2.77400000E-02,+2.78400000E-02,+2.77400000E-02,+2.76900000E-02\u000a
p37
aV+2.66100000E-02,+2.66600000E-02,+2.65000000E-02,+2.66100000E-02,+2.65000000E-02,+2.66100000E-02,+2.66100000E-02,+2.66100000E-02,+2.65000000E-02,+2.65600000E-02\u000a
p38
aV+2.53700000E-02,+2.54200000E-02,+2.52200000E-02,+2.53200000E-02,+2.53700000E-02,+2.52700000E-02,+2.53200000E-02,+2.52700000E-02,+2.52700000E-02,+2.53200000E-02\u000a
p39
aV+2.42400000E-02,+2.42400000E-02,+2.42400000E-02,+2.42400000E-02,+2.42900000E-02,+2.43400000E-02,+2.42400000E-02,+2.42900000E-02,+2.42400000E-02,+2.42900000E-02\u000a
p40
aV+2.30000000E-02,+2.31100000E-02,+2.31100000E-02,+2.31600000E-02,+2.30600000E-02,+2.30000000E-02,+2.31600000E-02,+2.31100000E-02,+2.31100000E-02,+2.31600000E-02\u000a
p41
aV+2.19800000E-02,+2.19800000E-02,+2.20300000E-02,+2.21300000E-02,+2.18700000E-02,+2.19800000E-02,+2.18700000E-02,+2.19200000E-02,+2.18700000E-02,+2.19800000E-02\u000a
p42
aV+2.10500000E-02,+2.10500000E-02,+2.09500000E-02,+2.10500000E-02,+2.11500000E-02,+2.09500000E-02,+2.10500000E-02,+2.10500000E-02,+2.11500000E-02,+2.10500000E-02\u000a
p43
aV+1.99700000E-02,+1.99700000E-02,+2.00200000E-02,+1.99200000E-02,+2.00700000E-02,+1.99200000E-02,+1.99200000E-02,+1.99700000E-02,+1.99200000E-02,+1.99200000E-02\u000a
p44
aV+1.91500000E-02,+1.91500000E-02,+1.90900000E-02,+1.90900000E-02,+1.92000000E-02,+1.92000000E-02,+1.90900000E-02,+1.91500000E-02,+1.90900000E-02,+1.90400000E-02\u000a
p45
aV+1.82700000E-02,+1.81200000E-02,+1.82200000E-02,+1.82200000E-02,+1.82700000E-02,+1.82700000E-02,+1.82200000E-02,+1.82200000E-02,+1.81700000E-02,+1.84800000E-02\u000a
p46
aV+1.74000000E-02,+1.75000000E-02,+1.75500000E-02,+1.74500000E-02,+1.75500000E-02,+1.75500000E-02,+1.74000000E-02,+1.75000000E-02,+1.76000000E-02,+1.75500000E-02\u000a
p47
aV+1.66200000E-02,+1.66700000E-02,+1.65700000E-02,+1.65700000E-02,+1.65700000E-02,+1.65200000E-02,+1.65700000E-02,+1.66200000E-02,+1.66200000E-02,+1.65700000E-02\u000a
p48
aV+1.59000000E-02,+1.60100000E-02,+1.60100000E-02,+1.60100000E-02,+1.59500000E-02,+1.60600000E-02,+1.59500000E-02,+1.59500000E-02,+1.59500000E-02,+1.59500000E-02\u000a
p49
aV+1.51300000E-02,+1.52300000E-02,+1.52300000E-02,+1.53400000E-02,+1.51300000E-02,+1.52300000E-02,+1.52300000E-02,+1.52900000E-02,+1.51800000E-02,+1.52900000E-02\u000a
p50
aV+1.46700000E-02,+1.46700000E-02,+1.46200000E-02,+1.46700000E-02,+1.46700000E-02,+1.46200000E-02,+1.46200000E-02,+1.45600000E-02,+1.46200000E-02,+1.45600000E-02\u000a
p51
aV+1.39000000E-02,+1.39500000E-02,+1.39000000E-02,+1.40000000E-02,+1.39000000E-02,+1.39000000E-02,+1.39000000E-02,+1.38400000E-02,+1.39000000E-02,+1.38400000E-02\u000a
p52
aV+1.33800000E-02,+1.33300000E-02,+1.34300000E-02,+1.32300000E-02,+1.33800000E-02,+1.34300000E-02,+1.33800000E-02,+1.33300000E-02,+1.34300000E-02,+1.33800000E-02\u000a
p53
aV+1.28100000E-02,+1.27600000E-02,+1.27100000E-02,+1.28700000E-02,+1.26600000E-02,+1.27100000E-02,+1.27100000E-02,+1.26600000E-02,+1.27600000E-02,+1.26100000E-02\u000a
p54
aV+1.21500000E-02,+1.20400000E-02,+1.19900000E-02,+1.22500000E-02,+1.19900000E-02,+1.20400000E-02,+1.21500000E-02,+1.19900000E-02,+1.20400000E-02,+1.20400000E-02\u000a
p55
aV+1.15800000E-02,+1.16300000E-02,+1.16800000E-02,+1.15800000E-02,+1.15300000E-02,+1.16300000E-02,+1.15800000E-02,+1.15300000E-02,+1.16300000E-02,+1.16800000E-02\u000a
p56
aV+1.10100000E-02,+1.10700000E-02,+1.11200000E-02,+1.10100000E-02,+1.12700000E-02,+1.11700000E-02,+1.10700000E-02,+1.11700000E-02,+1.10700000E-02,+1.10700000E-02\u000a
p57
aV+1.05000000E-02,+1.05500000E-02,+1.06000000E-02,+1.05500000E-02,+1.05500000E-02,+1.04500000E-02,+1.05000000E-02,+1.05500000E-02,+1.04500000E-02,+1.05000000E-02\u000a
p58
aV+1.00400000E-02,+1.00400000E-02,+9.98000000E-03,+9.93000000E-03,+9.88000000E-03,+9.93000000E-03,+9.88000000E-03,+9.98000000E-03,+9.98000000E-03,+9.93000000E-03\u000a
p59
aV+9.52000000E-03,+9.68000000E-03,+9.62000000E-03,+9.57000000E-03,+9.62000000E-03,+9.57000000E-03,+9.47000000E-03,+9.62000000E-03,+9.73000000E-03,+9.62000000E-03\u000a
p60
aV+9.16000000E-03,+9.16000000E-03,+9.21000000E-03,+9.11000000E-03,+9.11000000E-03,+9.06000000E-03,+9.26000000E-03,+9.16000000E-03,+9.26000000E-03,+9.21000000E-03\u000a
p61
aV+8.85000000E-03,+8.75000000E-03,+8.90000000E-03,+8.90000000E-03,+8.75000000E-03,+8.85000000E-03,+8.75000000E-03,+8.80000000E-03,+8.85000000E-03,+8.70000000E-03\u000a
p62
aV+8.29000000E-03,+8.44000000E-03,+8.39000000E-03,+8.39000000E-03,+8.39000000E-03,+8.34000000E-03,+8.39000000E-03,+8.39000000E-03,+8.34000000E-03,+8.34000000E-03\u000a
p63
aV+7.98000000E-03,+7.98000000E-03,+7.93000000E-03,+8.13000000E-03,+8.03000000E-03,+8.03000000E-03,+7.98000000E-03,+8.03000000E-03,+8.03000000E-03,+8.08000000E-03\u000a
p64
aV+7.82000000E-03,+7.72000000E-03,+7.62000000E-03,+7.72000000E-03,+7.67000000E-03,+7.62000000E-03,+7.72000000E-03,+7.77000000E-03,+7.72000000E-03,+7.67000000E-03\u000a
p65
aV+7.41000000E-03,+7.41000000E-03,+7.31000000E-03,+7.36000000E-03,+7.36000000E-03,+7.36000000E-03,+7.57000000E-03,+7.36000000E-03,+7.36000000E-03,+7.36000000E-03\u000a
p66
aV+7.05000000E-03,+7.00000000E-03,+6.95000000E-03,+7.05000000E-03,+7.00000000E-03,+7.00000000E-03,+7.00000000E-03,+6.95000000E-03,+6.95000000E-03,+7.00000000E-03\u000a
p67
aV+6.64000000E-03,+6.74000000E-03,+6.79000000E-03,+6.74000000E-03,+6.79000000E-03,+6.69000000E-03,+6.84000000E-03,+6.64000000E-03,+6.79000000E-03,+6.74000000E-03\u000a
p68
aV+6.43000000E-03,+6.38000000E-03,+6.48000000E-03,+6.43000000E-03,+6.38000000E-03,+6.48000000E-03,+6.48000000E-03,+6.43000000E-03,+6.48000000E-03,+6.43000000E-03\u000a
p69
aV+6.12000000E-03,+6.12000000E-03,+6.07000000E-03,+6.07000000E-03,+6.07000000E-03,+6.12000000E-03,+6.18000000E-03,+6.18000000E-03,+6.23000000E-03,+6.12000000E-03\u000a
p70
aV+5.97000000E-03,+6.02000000E-03,+5.82000000E-03,+5.92000000E-03,+5.87000000E-03,+5.82000000E-03,+5.92000000E-03,+6.02000000E-03,+5.92000000E-03,+5.82000000E-03\u000a
p71
aV+5.66000000E-03,+5.61000000E-03,+5.56000000E-03,+5.61000000E-03,+5.61000000E-03,+5.56000000E-03,+5.71000000E-03,+5.56000000E-03,+5.61000000E-03,+5.61000000E-03\u000a
p72
aV+5.71000000E-03,+5.56000000E-03,+5.66000000E-03,+5.71000000E-03,+5.56000000E-03,+5.71000000E-03,+5.61000000E-03,+5.56000000E-03,+5.56000000E-03,+5.66000000E-03\u000a
p73
aV+5.10000000E-03,+5.20000000E-03,+5.15000000E-03,+5.20000000E-03,+5.15000000E-03,+5.10000000E-03,+5.10000000E-03,+5.20000000E-03,+5.20000000E-03,+5.15000000E-03\u000a
p74
aV+5.10000000E-03,+4.99000000E-03,+4.89000000E-03,+4.84000000E-03,+5.04000000E-03,+4.94000000E-03,+5.04000000E-03,+4.99000000E-03,+4.89000000E-03,+4.99000000E-03\u000a
p75
aV+4.79000000E-03,+4.79000000E-03,+4.79000000E-03,+4.79000000E-03,+4.73000000E-03,+4.68000000E-03,+4.73000000E-03,+4.68000000E-03,+4.73000000E-03,+4.84000000E-03\u000a
p76
aV+4.73000000E-03,+4.58000000E-03,+4.58000000E-03,+4.53000000E-03,+4.58000000E-03,+4.58000000E-03,+4.53000000E-03,+4.58000000E-03,+4.53000000E-03,+4.58000000E-03\u000a
p77
aV+4.37000000E-03,+4.37000000E-03,+4.37000000E-03,+4.37000000E-03,+4.37000000E-03,+4.37000000E-03,+4.43000000E-03,+4.37000000E-03,+4.37000000E-03,+4.37000000E-03\u000a
p78
aV+4.27000000E-03,+4.22000000E-03,+4.12000000E-03,+4.32000000E-03,+4.22000000E-03,+4.27000000E-03,+4.22000000E-03,+4.22000000E-03,+4.12000000E-03,+4.12000000E-03\u000a
p79
aV+4.07000000E-03,+4.12000000E-03,+4.01000000E-03,+4.07000000E-03,+4.07000000E-03,+3.96000000E-03,+4.01000000E-03,+4.12000000E-03,+3.96000000E-03,+3.91000000E-03\u000a
p80
aV+3.81000000E-03,+3.81000000E-03,+3.81000000E-03,+3.86000000E-03,+3.96000000E-03,+3.86000000E-03,+4.07000000E-03,+3.91000000E-03,+3.86000000E-03,+3.86000000E-03\u000a
p81
aV+3.71000000E-03,+3.81000000E-03,+3.65000000E-03,+3.81000000E-03,+3.60000000E-03,+3.71000000E-03,+3.71000000E-03,+3.91000000E-03,+3.71000000E-03,+3.65000000E-03\u000a
p82
aV+3.55000000E-03,+3.55000000E-03,+3.45000000E-03,+3.65000000E-03,+3.50000000E-03,+3.55000000E-03,+3.55000000E-03,+3.50000000E-03,+3.55000000E-03,+3.55000000E-03\u000a
p83
aV+3.40000000E-03,+3.45000000E-03,+3.45000000E-03,+3.50000000E-03,+3.45000000E-03,+3.40000000E-03,+3.40000000E-03,+3.45000000E-03,+3.40000000E-03,+3.45000000E-03\u000a
p84
aV+3.29000000E-03,+3.24000000E-03,+3.19000000E-03,+3.29000000E-03,+3.24000000E-03,+3.19000000E-03,+3.29000000E-03,+3.24000000E-03,+3.14000000E-03,+3.24000000E-03\u000a
p85
aV+3.19000000E-03,+3.14000000E-03,+3.14000000E-03,+3.09000000E-03,+3.09000000E-03,+3.14000000E-03,+3.14000000E-03,+3.14000000E-03,+3.24000000E-03,+3.14000000E-03\u000a
p86
aV+2.93000000E-03,+3.09000000E-03,+3.04000000E-03,+2.98000000E-03,+2.98000000E-03,+3.04000000E-03,+2.98000000E-03,+2.98000000E-03,+3.04000000E-03,+2.88000000E-03\u000a
p87
aV+2.88000000E-03,+2.83000000E-03,+2.78000000E-03,+2.88000000E-03,+2.88000000E-03,+2.88000000E-03,+2.83000000E-03,+2.83000000E-03,+2.98000000E-03,+2.88000000E-03\u000a
p88
aV+2.73000000E-03,+2.68000000E-03,+2.68000000E-03,+2.73000000E-03,+2.73000000E-03,+2.78000000E-03,+2.73000000E-03,+2.62000000E-03,+2.78000000E-03,+2.73000000E-03\u000a
p89
aV+2.73000000E-03,+2.57000000E-03,+2.57000000E-03,+2.68000000E-03,+2.62000000E-03,+2.62000000E-03,+2.73000000E-03,+2.68000000E-03,+2.57000000E-03,+2.62000000E-03\u000a
p90
aV+2.42000000E-03,+2.52000000E-03,+2.52000000E-03,+2.52000000E-03,+2.37000000E-03,+2.47000000E-03,+2.57000000E-03,+2.42000000E-03,+2.52000000E-03,+2.52000000E-03\u000a
p91
aV+2.62000000E-03,+2.47000000E-03,+2.37000000E-03,+2.37000000E-03,+2.32000000E-03,+2.47000000E-03,+2.37000000E-03,+2.37000000E-03,+2.47000000E-03,+2.47000000E-03\u000a
p92
aV+2.32000000E-03,+2.26000000E-03,+2.26000000E-03,+2.11000000E-03,+2.26000000E-03,+2.21000000E-03,+2.32000000E-03,+2.32000000E-03,+2.37000000E-03,+2.21000000E-03\u000a
p93
aV+2.26000000E-03,+2.11000000E-03,+2.11000000E-03,+2.16000000E-03,+2.16000000E-03,+2.16000000E-03,+2.21000000E-03,+2.16000000E-03,+2.16000000E-03,+2.21000000E-03\u000a
p94
aV+1.96000000E-03,+2.21000000E-03,+2.11000000E-03,+2.06000000E-03,+2.21000000E-03,+2.06000000E-03,+2.06000000E-03,+2.16000000E-03,+2.06000000E-03,+1.96000000E-03\u000a
p95
aV+2.01000000E-03,+2.01000000E-03,+2.11000000E-03,+2.01000000E-03,+1.96000000E-03,+2.01000000E-03,+1.96000000E-03,+1.96000000E-03,+2.01000000E-03,+2.01000000E-03\u000a
p96
aV+1.85000000E-03,+1.90000000E-03,+1.75000000E-03,+1.96000000E-03,+1.85000000E-03,+1.80000000E-03,+1.90000000E-03,+1.85000000E-03,+1.75000000E-03,+1.90000000E-03\u000a
p97
aV+1.75000000E-03,+1.70000000E-03,+1.80000000E-03,+1.85000000E-03,+1.80000000E-03,+1.80000000E-03,+1.75000000E-03,+1.80000000E-03,+1.75000000E-03,+1.70000000E-03\u000a
p98
aV+1.65000000E-03,+1.65000000E-03,+1.65000000E-03,+1.65000000E-03,+1.60000000E-03,+1.65000000E-03,+1.70000000E-03,+1.70000000E-03,+1.70000000E-03,+1.60000000E-03\u000a
p99
aV+1.39000000E-03,+1.49000000E-03,+1.49000000E-03,+1.54000000E-03,+1.60000000E-03,+1.54000000E-03,+1.60000000E-03,+1.44000000E-03,+1.49000000E-03,+1.49000000E-03\u000a
p100
aV+1.49000000E-03,+1.39000000E-03,+1.54000000E-03,+1.49000000E-03,+1.34000000E-03,+1.44000000E-03,+1.49000000E-03,+1.39000000E-03,+1.44000000E-03,+1.39000000E-03\u000a
p101
aV+1.39000000E-03,+1.34000000E-03,+1.24000000E-03,+1.39000000E-03,+1.34000000E-03,+1.29000000E-03,+1.44000000E-03,+1.29000000E-03,+1.34000000E-03,+1.29000000E-03\u000a
p102
aV+1.39000000E-03,+1.39000000E-03,+1.34000000E-03,+1.39000000E-03,+1.29000000E-03,+1.34000000E-03,+1.39000000E-03,+1.49000000E-03,+1.44000000E-03,+1.24000000E-03\u000a
p103
aV+1.18000000E-03,+1.24000000E-03,+1.24000000E-03,+1.13000000E-03,+1.24000000E-03,+1.13000000E-03,+1.08000000E-03,+1.08000000E-03,+1.24000000E-03,+1.18000000E-03\u000a
p104
aV+1.08000000E-03,+1.13000000E-03,+1.13000000E-03,+9.80000000E-04,+1.18000000E-03,+1.08000000E-03,+1.08000000E-03,+1.13000000E-03,+1.13000000E-03,+1.08000000E-03\u000a
p105
aV+9.80000000E-04,+1.03000000E-03,+9.80000000E-04,+9.80000000E-04,+9.30000000E-04,+9.30000000E-04,+1.03000000E-03,+1.03000000E-03,+1.03000000E-03,+8.70000000E-04\u000a
p106
aV+9.30000000E-04,+8.20000000E-04,+9.30000000E-04,+8.20000000E-04,+8.70000000E-04,+8.20000000E-04,+8.70000000E-04,+8.20000000E-04,+8.20000000E-04,+7.70000000E-04\u000a
p107
aV+6.70000000E-04,+7.70000000E-04,+7.20000000E-04,+6.70000000E-04,+7.20000000E-04,+7.20000000E-04,+7.20000000E-04,+8.20000000E-04,+6.70000000E-04,+8.20000000E-04\u000a
p108
aV+7.20000000E-04,+6.70000000E-04,+6.20000000E-04,+6.70000000E-04,+6.70000000E-04,+6.70000000E-04,+6.70000000E-04,+6.70000000E-04,+6.70000000E-04,+7.20000000E-04\u000a
p109
aV+6.20000000E-04,+5.10000000E-04,+6.20000000E-04,+5.70000000E-04,+5.70000000E-04,+5.70000000E-04,+5.10000000E-04,+6.20000000E-04,+5.10000000E-04,+4.60000000E-04\u000a
p110
aV+4.60000000E-04,+4.10000000E-04,+4.60000000E-04,+3.60000000E-04,+4.60000000E-04,+4.60000000E-04,+4.60000000E-04,+4.10000000E-04,+4.60000000E-04,+4.60000000E-04\u000a
p111
aV+3.60000000E-04,+4.60000000E-04,+3.10000000E-04,+4.10000000E-04,+3.10000000E-04,+3.60000000E-04,+2.60000000E-04,+4.10000000E-04,+4.60000000E-04,+3.10000000E-04\u000a
p112
aV+3.10000000E-04,+2.60000000E-04,+2.60000000E-04,+3.10000000E-04,+2.60000000E-04,+2.10000000E-04,+3.10000000E-04,+3.10000000E-04,+2.60000000E-04,+2.60000000E-04\u000a
p113
aV+1.50000000E-04,+3.10000000E-04,+2.60000000E-04,+2.10000000E-04,+2.60000000E-04,+5.00000000E-05,+1.50000000E-04,+2.60000000E-04,+2.60000000E-04,+2.60000000E-04\u000a
p114
aV+1.50000000E-04,+1.00000000E-04,+1.00000000E-04,+1.50000000E-04,+2.10000000E-04,+1.50000000E-04,+2.10000000E-04,+1.00000000E-04,+1.50000000E-04,+2.10000000E-04\u000a
p115
aV+1.00000000E-04,+1.50000000E-04,+5.00000000E-05,+1.00000000E-04,+1.00000000E-04,+5.00000000E-05,+1.50000000E-04,-5.00000000E-05,+1.00000000E-04,+1.50000000E-04\u000a
p116
aV+5.00000000E-05,+1.50000000E-04,+1.00000000E-04,+1.00000000E-04,+1.50000000E-04,+1.00000000E-04,+0.00000000E-05,+5.00000000E-05,+0.00000000E-05,+1.00000000E-04\u000a
p117
aV+5.00000000E-05,+5.00000000E-05,+5.00000000E-05,+5.00000000E-05,-5.00000000E-05,-1.00000000E-04,+5.00000000E-05,+5.00000000E-05,-5.00000000E-05,+0.00000000E-05\u000a
p118
aV+0.00000000E-05,-5.00000000E-05,-1.00000000E-04,+0.00000000E-05,-1.00000000E-04,+5.00000000E-05,+0.00000000E-05,+0.00000000E-05,-1.50000000E-04,+5.00000000E-05\u000a
p119
aV+0.00000000E-05,+0.00000000E-05,-1.00000000E-04,+5.00000000E-05,-5.00000000E-05,-5.00000000E-05,-5.00000000E-05,-1.00000000E-04,+0.00000000E-05,+0.00000000E-05\u000a
p120
aV-5.00000000E-05,+0.00000000E-05,-1.00000000E-04,+0.00000000E-05,-5.00000000E-05,-5.00000000E-05,+5.00000000E-05,-5.00000000E-05,+0.00000000E-05,+5.00000000E-05\u000a
p121
aV+0.00000000E-05,+5.00000000E-05,-2.10000000E-04,-5.00000000E-05,+0.00000000E-05,-5.00000000E-05,+0.00000000E-05,-1.00000000E-04,+0.00000000E-05,-5.00000000E-05\u000a
p122
aV-5.00000000E-05,-5.00000000E-05,-1.50000000E-04,-1.00000000E-04,-5.00000000E-05,+0.00000000E-05,-5.00000000E-05,-5.00000000E-05,-5.00000000E-05,+0.00000000E-05\u000a
p123
aV+0.00000000E-05,+0.00000000E-05,+0.00000000E-05,-5.00000000E-05,+0.00000000E-05,-5.00000000E-05,+0.00000000E-05,+0.00000000E-05,+5.00000000E-05,+0.00000000E-05\u000a
p124
aV-1.00000000E-04,+0.00000000E-05,+0.00000000E-05,-5.00000000E-05,+0.00000000E-05,-5.00000000E-05,+0.00000000E-05,+0.00000000E-05,-5.00000000E-05,-1.00000000E-04\u000a
p125
aV-2.10000000E-04,+5.00000000E-05,-5.00000000E-05,+0.00000000E-05,+0.00000000E-05,+0.00000000E-05,+5.00000000E-05,-1.00000000E-04,-5.00000000E-05,+0.00000000E-05\u000a
p126
aV-5.00000000E-05,+1.00000000E-04,+0.00000000E-05,-1.50000000E-04,+0.00000000E-05,-5.00000000E-05,-5.00000000E-05,+5.00000000E-05,-1.50000000E-04,-5.00000000E-05\u000a
p127
aV-1.00000000E-04,+0.00000000E-05,+5.00000000E-05,-5.00000000E-05,+5.00000000E-05,-5.00000000E-05,-1.00000000E-04,-1.00000000E-04,+0.00000000E-05,-5.00000000E-05\u000a
p128
aV-1.00000000E-04,-1.00000000E-04,+0.00000000E-05,+0.00000000E-05,+0.00000000E-05,-5.00000000E-05,-1.50000000E-04,-5.00000000E-05,+5.00000000E-05,+5.00000000E-05\u000a
p129
aV+5.00000000E-05,-5.00000000E-05,-5.00000000E-05,+0.00000000E-05,+5.00000000E-05,-1.00000000E-04,+0.00000000E-05,+5.00000000E-05,+1.00000000E-04,-1.00000000E-04\u000a
p130
aV+5.00000000E-05,+5.00000000E-05,-5.00000000E-05,+0.00000000E-05,+0.00000000E-05,+0.00000000E-05,+0.00000000E-05,-5.00000000E-05,-5.00000000E-05,-1.50000000E-04\u000a
p131
aV-5.00000000E-05,+0.00000000E-05,+0.00000000E-05,+0.00000000E-05,-5.00000000E-05,+0.00000000E-05,+0.00000000E-05,-5.00000000E-05,-5.00000000E-05,+5.00000000E-05\u000a
p132
aV+0.00000000E-05,+0.00000000E-05,-1.00000000E-04,+5.00000000E-05,-5.00000000E-05,+5.00000000E-05,+0.00000000E-05,-2.10000000E-04,-5.00000000E-05,+0.00000000E-05\u000a
p133
aV-1.00000000E-04,-5.00000000E-05,+0.00000000E-05,-5.00000000E-05,+5.00000000E-05,-5.00000000E-05,-5.00000000E-05,-5.00000000E-05,-1.00000000E-04,+0.00000000E-05\u000a
p134
aV-5.00000000E-05,+0.00000000E-05,+5.00000000E-05,-5.00000000E-05,+0.00000000E-05,+0.00000000E-05,+1.00000000E-04,-5.00000000E-05,-1.00000000E-04,-5.00000000E-05\u000a
p135
aV+0.00000000E-05,+0.00000000E-05,-5.00000000E-05,+0.00000000E-05,-1.00000000E-04,+5.00000000E-05,+0.00000000E-05,-1.00000000E-04,+0.00000000E-05,+0.00000000E-05\u000a
p136
aV-5.00000000E-05,+0.00000000E-05,+0.00000000E-05,+0.00000000E-05,+0.00000000E-05,+5.00000000E-05,-1.00000000E-04,-5.00000000E-05,-5.00000000E-05,-5.00000000E-05\u000a
p137
aV+5.00000000E-05,-1.00000000E-04,-1.00000000E-04,+0.00000000E-05,-2.10000000E-04,+5.00000000E-05,-5.00000000E-05,+0.00000000E-05,-5.00000000E-05,-5.00000000E-05\u000a
p138
aV-1.00000000E-04,-5.00000000E-05,+0.00000000E-05,-2.10000000E-04,-5.00000000E-05,+1.00000000E-04,-1.00000000E-04,+0.00000000E-05,+0.00000000E-05,-1.00000000E-04\u000a
p139
aV-1.00000000E-04,-5.00000000E-05,-1.00000000E-04,-1.00000000E-04,-1.00000000E-04,-5.00000000E-05,-1.00000000E-04,-5.00000000E-05,-2.60000000E-04,+0.00000000E-05\u000a
p140
aV+5.00000000E-05,-5.00000000E-05,-5.00000000E-05,+0.00000000E-05,+0.00000000E-05,-5.00000000E-05,+5.00000000E-05,-5.00000000E-05,-5.00000000E-05,+0.00000000E-05\u000a
p141
aV+0.00000000E-05,-1.00000000E-04,-5.00000000E-05,+0.00000000E-05,-5.00000000E-05,-5.00000000E-05,+0.00000000E-05,+5.00000000E-05,+0.00000000E-05,-1.00000000E-04\u000a
p142
aV-5.00000000E-05,+0.00000000E-05,+0.00000000E-05,+0.00000000E-05,-5.00000000E-05,+0.00000000E-05,+0.00000000E-05,+0.00000000E-05,-1.50000000E-04,+5.00000000E-05\u000a
p143
aV+0.00000000E-05,-5.00000000E-05,+0.00000000E-05,+5.00000000E-05,+0.00000000E-05,+5.00000000E-05,-1.00000000E-04,-5.00000000E-05,-1.00000000E-04,+5.00000000E-05\u000a
p144
aV-5.00000000E-05,+5.00000000E-05,-1.00000000E-04,+0.00000000E-05,-5.00000000E-05,-5.00000000E-05,+0.00000000E-05,-1.00000000E-04,+1.00000000E-04,-5.00000000E-05\u000a
p145
aV+0.00000000E-05,-5.00000000E-05,-5.00000000E-05,+5.00000000E-05,-5.00000000E-05,-5.00000000E-05,+0.00000000E-05,+0.00000000E-05,-5.00000000E-05,+0.00000000E-05\u000a
p146
aV+0.00000000E-05,+0.00000000E-05,+5.00000000E-05,+1.00000000E-04,-1.00000000E-04,-1.00000000E-04,+0.00000000E-05,+5.00000000E-05,-5.00000000E-05,+0.00000000E-05\u000a
p147
aV-5.00000000E-05,-1.50000000E-04,+0.00000000E-05,+0.00000000E-05,+0.00000000E-05,+5.00000000E-05,+1.50000000E-04,-5.00000000E-05,+5.00000000E-05,+0.00000000E-05\u000a
p148
aV-1.00000000E-04,+5.00000000E-05,+0.00000000E-05,-1.00000000E-04,+0.00000000E-05,+0.00000000E-05,-1.00000000E-04,+0.00000000E-05,+0.00000000E-05,+0.00000000E-05\u000a
p149
aV-5.00000000E-05,+5.00000000E-05,+0.00000000E-05,-5.00000000E-05,+5.00000000E-05,-1.00000000E-04,+0.00000000E-05,+0.00000000E-05,+1.00000000E-04,-5.00000000E-05\u000a
p150
aV+0.00000000E-05,-5.00000000E-05,+0.00000000E-05,+2.60000000E-04,-1.00000000E-04,+1.00000000E-04,-1.00000000E-04,-1.00000000E-04,-5.00000000E-05,-5.00000000E-05\u000a
p151
aV+0.00000000E-05,-5.00000000E-05,+0.00000000E-05,-5.00000000E-05,+5.00000000E-05,-5.00000000E-05,+0.00000000E-05,-5.00000000E-05,-5.00000000E-05,-5.00000000E-05\u000a
p152
aV+0.00000000E-05,+5.00000000E-05,-5.00000000E-05,+5.00000000E-05,+0.00000000E-05,+0.00000000E-05,-5.00000000E-05,-5.00000000E-05,+0.00000000E-05,-5.00000000E-05\u000a
p153
aV-5.00000000E-05,-1.00000000E-04,-5.00000000E-05,-5.00000000E-05,+0.00000000E-05,-5.00000000E-05,-1.00000000E-04,-1.00000000E-04,+5.00000000E-05,+5.00000000E-05\u000a
p154
aV-5.00000000E-05,+0.00000000E-05,+0.00000000E-05,-5.00000000E-05,-5.00000000E-05,-5.00000000E-05,-1.50000000E-04,-5.00000000E-05,+5.00000000E-05,-5.00000000E-05\u000a
p155
aV-5.00000000E-05,+1.00000000E-04,+5.00000000E-05,-5.00000000E-05,+0.00000000E-05,+0.00000000E-05,-1.00000000E-04,+1.00000000E-04,-5.00000000E-05,+5.00000000E-05\u000a
p156
aV+0.00000000E-05,-5.00000000E-05,-1.00000000E-04,+5.00000000E-05,+0.00000000E-05,-5.00000000E-05,+0.00000000E-05,+0.00000000E-05,+5.00000000E-05,-5.00000000E-05\u000a
p157
aV-5.00000000E-05,+0.00000000E-05,+0.00000000E-05,-5.00000000E-05,+0.00000000E-05,+0.00000000E-05,+0.00000000E-05,+0.00000000E-05,+5.00000000E-05,+5.00000000E-05\u000a
p158
aV+0.00000000E-05,-5.00000000E-05,+0.00000000E-05,+0.00000000E-05,-5.00000000E-05,-5.00000000E-05,-1.00000000E-04,+0.00000000E-05,-1.00000000E-04,-5.00000000E-05\u000a
p159
aV-1.00000000E-04,+0.00000000E-05,+0.00000000E-05,+0.00000000E-05,-5.00000000E-05,+5.00000000E-05,+0.00000000E-05,+5.00000000E-05,+0.00000000E-05,-5.00000000E-05\u000a
p160
aV+0.00000000E-05,-1.50000000E-04,+5.00000000E-05,+0.00000000E-05,+0.00000000E-05,-5.00000000E-05,-2.10000000E-04,-1.00000000E-04,+1.00000000E-04,+5.00000000E-05\u000a
p161
aV-1.00000000E-04,-1.00000000E-04,+5.00000000E-05,-5.00000000E-05,+0.00000000E-05,+0.00000000E-05,-5.00000000E-05,+0.00000000E-05,+0.00000000E-05,+5.00000000E-05\u000a
p162
aV-5.00000000E-05,-5.00000000E-05,+1.50000000E-04,-1.00000000E-04,+5.00000000E-05,+0.00000000E-05,-5.00000000E-05,+0.00000000E-05,-5.00000000E-05,+5.00000000E-05\u000a
p163
aV+0.00000000E-05,-5.00000000E-05,+5.00000000E-05,+0.00000000E-05,+0.00000000E-05,+0.00000000E-05,+1.00000000E-04,-5.00000000E-05,+0.00000000E-05,+0.00000000E-05\u000a
p164
aV+0.00000000E-05,-5.00000000E-05,-5.00000000E-05,-1.00000000E-04,+0.00000000E-05,+0.00000000E-05,-5.00000000E-05,+0.00000000E-05,-5.00000000E-05,+5.00000000E-05\u000a
p165
aV+5.00000000E-05,+0.00000000E-05,+0.00000000E-05,+0.00000000E-05,+5.00000000E-05,+5.00000000E-05,+0.00000000E-05,+5.00000000E-05,+5.00000000E-05,-5.00000000E-05\u000a
p166
aV+5.00000000E-05,+0.00000000E-05,-5.00000000E-05,+0.00000000E-05,+5.00000000E-05,+0.00000000E-05,+5.00000000E-05,+1.00000000E-04,+5.00000000E-05,+5.00000000E-05\u000a
p167
aV-5.00000000E-05,-5.00000000E-05,+1.00000000E-04,+5.00000000E-05,+5.00000000E-05,+1.00000000E-04,+0.00000000E-05,+5.00000000E-05,+1.00000000E-04,+0.00000000E-05\u000a
p168
aV+0.00000000E-05,+5.00000000E-05,+1.00000000E-04,-5.00000000E-05,+0.00000000E-05,+0.00000000E-05,-5.00000000E-05,-5.00000000E-05,+5.00000000E-05,-1.00000000E-04\u000a
p169
aV+5.00000000E-05,+0.00000000E-05,+1.00000000E-04,+5.00000000E-05,+0.00000000E-05,-1.00000000E-04,-5.00000000E-05,+5.00000000E-05,+5.00000000E-05,+5.00000000E-05\u000a
p170
aV-5.00000000E-05,-1.00000000E-04,+0.00000000E-05,+5.00000000E-05,-5.00000000E-05,-5.00000000E-05,-5.00000000E-05,-5.00000000E-05,+0.00000000E-05,-5.00000000E-05\u000a
p171
aV-5.00000000E-05,+0.00000000E-05,+5.00000000E-05,+0.00000000E-05,-5.00000000E-05,-1.00000000E-04,+0.00000000E-05,+0.00000000E-05,-1.00000000E-04,-5.00000000E-05\u000a
p172
aV-5.00000000E-05,+0.00000000E-05,-1.00000000E-04,-5.00000000E-05,-1.00000000E-04,-5.00000000E-05,-5.00000000E-05,+5.00000000E-05,+0.00000000E-05,-5.00000000E-05\u000a
p173
aV-5.00000000E-05,-5.00000000E-05,-5.00000000E-05,-5.00000000E-05,-1.50000000E-04,-5.00000000E-05,+0.00000000E-05,-5.00000000E-05,+0.00000000E-05,+1.50000000E-04\u000a
p174
aV-5.00000000E-05,+0.00000000E-05,-1.00000000E-04,-1.00000000E-04,-5.00000000E-05,-5.00000000E-05,-5.00000000E-05,-5.00000000E-05,-5.00000000E-05,+5.00000000E-05\u000a
p175
aV-1.00000000E-04,+0.00000000E-05,+5.00000000E-05,-1.00000000E-04,+0.00000000E-05,+2.10000000E-04,-5.00000000E-05,-5.00000000E-05,+0.00000000E-05,-5.00000000E-05\u000a
p176
aV-5.00000000E-05,-1.00000000E-04,-5.00000000E-05,+1.50000000E-04,-5.00000000E-05,+0.00000000E-05,-5.00000000E-05,-5.00000000E-05,-1.00000000E-04,-1.00000000E-04\u000a
p177
aV-5.00000000E-05,-5.00000000E-05,+0.00000000E-05,+0.00000000E-05,+0.00000000E-05,+0.00000000E-05,+5.00000000E-05,+0.00000000E-05,-1.00000000E-04,-1.00000000E-04\u000a
p178
aV-1.50000000E-04,+0.00000000E-05,+0.00000000E-05,-5.00000000E-05,-5.00000000E-05,+0.00000000E-05,-1.00000000E-04,-1.00000000E-04,+0.00000000E-05,-1.00000000E-04\u000a
p179
aV+0.00000000E-05,-5.00000000E-05,-5.00000000E-05,-5.00000000E-05,-5.00000000E-05,+0.00000000E-05,+0.00000000E-05,-5.00000000E-05,-5.00000000E-05,+5.00000000E-05\u000a
p180
aV-5.00000000E-05,-5.00000000E-05,+0.00000000E-05,-5.00000000E-05,-5.00000000E-05,+0.00000000E-05,-5.00000000E-05,-1.00000000E-04,-1.50000000E-04,-1.00000000E-04\u000a
p181
aV-1.00000000E-04,+5.00000000E-05,-1.00000000E-04,+5.00000000E-05,-5.00000000E-05,-1.00000000E-04,-5.00000000E-05,-1.00000000E-04,-5.00000000E-05,+0.00000000E-05\u000a
p182
aV-1.00000000E-04,-1.00000000E-04,-5.00000000E-05,-5.00000000E-05,-1.00000000E-04,-1.00000000E-04,-5.00000000E-05,+0.00000000E-05,-5.00000000E-05,-5.00000000E-05\u000a
p183
aV-5.00000000E-05,-1.00000000E-04,-5.00000000E-05,-2.60000000E-04,-1.00000000E-04,+0.00000000E-05,+0.00000000E-05,-1.00000000E-04,-5.00000000E-05,-5.00000000E-05\u000a
p184
aV-1.00000000E-04,-5.00000000E-05,-5.00000000E-05,-5.00000000E-05,+0.00000000E-05,-2.10000000E-04,-5.00000000E-05,-5.00000000E-05,+0.00000000E-05,+0.00000000E-05\u000a
p185
aV-5.00000000E-05,-5.00000000E-05,+0.00000000E-05,-5.00000000E-05,-5.00000000E-05,-1.00000000E-04,-1.00000000E-04,+0.00000000E-05,-5.00000000E-05,+0.00000000E-05\u000a
p186
aV-5.00000000E-05,-5.00000000E-05,-5.00000000E-05,-5.00000000E-05,+0.00000000E-05,+0.00000000E-05,-1.00000000E-04,-1.00000000E-04,-5.00000000E-05,-1.00000000E-04\u000a
p187
aV-5.00000000E-05,+5.00000000E-05,+1.00000000E-04,-1.00000000E-04,-5.00000000E-05,+0.00000000E-05,+5.00000000E-05,-5.00000000E-05,+5.00000000E-05,-5.00000000E-05\u000a
p188
aV+0.00000000E-05,-5.00000000E-05,-5.00000000E-05,+0.00000000E-05,+0.00000000E-05,-1.00000000E-04,-5.00000000E-05,-5.00000000E-05,+5.00000000E-05,+5.00000000E-05\u000a
p189
aV-5.00000000E-05,-5.00000000E-05,-1.00000000E-04,+5.00000000E-05,-5.00000000E-05,-1.00000000E-04,+0.00000000E-05,+0.00000000E-05,+0.00000000E-05,+0.00000000E-05\u000a
p190
aV-5.00000000E-05,-1.00000000E-04,-1.00000000E-04,-5.00000000E-05,+0.00000000E-05,-5.00000000E-05,-5.00000000E-05,-5.00000000E-05,-1.00000000E-04,-1.00000000E-04\u000a
p191
aV-1.50000000E-04,-5.00000000E-05,+1.00000000E-04,-1.00000000E-04,+5.00000000E-05,+0.00000000E-05,-1.00000000E-04,-1.00000000E-04,-5.00000000E-05,-5.00000000E-05\u000a
p192
aV-5.00000000E-05,+5.00000000E-05,-1.00000000E-04,-5.00000000E-05,-5.00000000E-05,-1.00000000E-04,-5.00000000E-05,+0.00000000E-05,-1.50000000E-04,+0.00000000E-05\u000a
p193
aV-5.00000000E-05,+0.00000000E-05,-1.00000000E-04,+0.00000000E-05,-5.00000000E-05,-1.00000000E-04,+0.00000000E-05,+0.00000000E-05,-5.00000000E-05,-5.00000000E-05\u000a
p194
aV+0.00000000E-05,-1.50000000E-04,-1.00000000E-04,+1.00000000E-04,-1.00000000E-04,+0.00000000E-05,+0.00000000E-05,-1.00000000E-04,-1.00000000E-04,-5.00000000E-05\u000a
p195
aV-1.50000000E-04,-5.00000000E-05,-5.00000000E-05,-1.00000000E-04,+0.00000000E-05,+0.00000000E-05,-1.00000000E-04,-1.00000000E-04,+5.00000000E-05,+3.10000000E-04\u000a
p196
aV+0.00000000E-05,+0.00000000E-05,+0.00000000E-05,-5.00000000E-05,-5.00000000E-05,-5.00000000E-05,-5.00000000E-05,+0.00000000E-05,-5.00000000E-05,-1.00000000E-04\u000a
p197
aV+0.00000000E-05,-1.50000000E-04,-1.00000000E-04,+0.00000000E-05,-1.50000000E-04,-5.00000000E-05,+5.00000000E-05,-1.00000000E-04,+5.00000000E-05,+5.00000000E-05\u000a
p198
aV+5.00000000E-05,-1.00000000E-04,-5.00000000E-05,+0.00000000E-05,-1.00000000E-04,-5.00000000E-05,+5.00000000E-05,+0.00000000E-05,-5.00000000E-05,-5.00000000E-05\u000a
p199
aV-1.00000000E-04,-1.00000000E-04,-5.00000000E-05,-5.00000000E-05,-1.50000000E-04,+0.00000000E-05,-5.00000000E-05,-2.10000000E-04,-5.00000000E-05,-5.00000000E-05\u000a
p200
aV-1.00000000E-04,-5.00000000E-05,+5.00000000E-05,-5.00000000E-05,-2.60000000E-04,-5.00000000E-05,+0.00000000E-05,-1.00000000E-04,-5.00000000E-05,+0.00000000E-05\u000a
p201
aV+0.00000000E-05,+1.50000000E-04,-1.00000000E-04,+0.00000000E-05,-5.00000000E-05,-5.00000000E-05,-5.00000000E-05,+0.00000000E-05,+0.00000000E-05,-5.00000000E-05\u000a
p202
aV-5.00000000E-05,-5.00000000E-05,+0.00000000E-05,-1.00000000E-04,-5.00000000E-05,-5.00000000E-05,+0.00000000E-05,+0.00000000E-05,-5.00000000E-05,-1.00000000E-04\u000a
p203
aV-5.00000000E-05,+0.00000000E-05,-1.00000000E-04,+5.00000000E-05,-1.00000000E-04,-1.00000000E-04,-5.00000000E-05,-1.00000000E-04,+0.00000000E-05,+5.00000000E-05\u000a
p204
aV+0.00000000E-05,+0.00000000E-05,-1.00000000E-04,+0.00000000E-05,-5.00000000E-05,-5.00000000E-05,-1.00000000E-04,+0.00000000E-05,-1.00000000E-04,-5.00000000E-05\u000a
p205
aV+0.00000000E-05,+5.00000000E-05,+0.00000000E-05,-1.50000000E-04,-5.00000000E-05,-5.00000000E-05,-5.00000000E-05,+0.00000000E-05,-5.00000000E-05,-1.00000000E-04\u000a
p206
aV+0.00000000E-05,-1.00000000E-04,-1.00000000E-04,-1.00000000E-04,+0.00000000E-05,+0.00000000E-05,+0.00000000E-05,-5.00000000E-05,-1.50000000E-04,+5.00000000E-05\u000a
p207
aV-5.00000000E-05,-1.50000000E-04,-1.50000000E-04,-5.00000000E-05,+0.00000000E-05,-5.00000000E-05,-5.00000000E-05,-1.00000000E-04,-1.00000000E-04,+5.00000000E-05\u000a
p208
aV-5.00000000E-05,+0.00000000E-05,-1.50000000E-04,-5.00000000E-05,-5.00000000E-05,+0.00000000E-05,+0.00000000E-05,+0.00000000E-05,-1.50000000E-04,-1.00000000E-04\u000a
p209
aV-1.00000000E-04,-5.00000000E-05,-5.00000000E-05,+0.00000000E-05,-1.00000000E-04,-1.00000000E-04,+0.00000000E-05,-5.00000000E-05,-1.00000000E-04,-5.00000000E-05\u000a
p210
aV-1.00000000E-04,-5.00000000E-05,+0.00000000E-05,-1.00000000E-04,-1.00000000E-04,-5.00000000E-05,-1.50000000E-04,-5.00000000E-05,+0.00000000E-05,-1.50000000E-04\u000a
p211
aV+0.00000000E-05,-1.50000000E-04,+0.00000000E-05,-5.00000000E-05,-5.00000000E-05,-5.00000000E-05,+5.00000000E-05,-5.00000000E-05,-1.00000000E-04,+0.00000000E-05\u000a
p212
aV-5.00000000E-05,-5.00000000E-05,-5.00000000E-05,-1.50000000E-04,+0.00000000E-05,-1.00000000E-04,-1.00000000E-04,-5.00000000E-05,-5.00000000E-05,-5.00000000E-05\u000a
p213
aV-5.00000000E-05,-5.00000000E-05,-5.00000000E-05,-5.00000000E-05,+0.00000000E-05,+5.00000000E-05,+0.00000000E-05,-1.50000000E-04,+0.00000000E-05,+0.00000000E-05\u000a
p214
aV-5.00000000E-05,-5.00000000E-05,+5.00000000E-05,-5.00000000E-05,-1.00000000E-04,+5.00000000E-05,+0.00000000E-05,-5.00000000E-05,-5.00000000E-05,+0.00000000E-05\u000a
p215
aV+0.00000000E-05,+0.00000000E-05,-1.00000000E-04,+5.00000000E-05,+0.00000000E-05,+0.00000000E-05,-5.00000000E-05,-1.00000000E-04,+5.00000000E-05,+1.00000000E-04\u000a
p216
aV+5.00000000E-05,+0.00000000E-05,-5.00000000E-05,-5.00000000E-05,+0.00000000E-05,-5.00000000E-05,-5.00000000E-05,-5.00000000E-05,+5.00000000E-05,+5.00000000E-05\u000a
p217
aV-5.00000000E-05,-1.50000000E-04,+5.00000000E-05,+1.00000000E-04,+0.00000000E-05,+5.00000000E-05,+0.00000000E-05,+5.00000000E-05,-5.00000000E-05,-1.00000000E-04\u000a
p218
aV+0.00000000E-05,-1.00000000E-04,-5.00000000E-05,+5.00000000E-05,+0.00000000E-05,+0.00000000E-05,-5.00000000E-05,+0.00000000E-05,+1.50000000E-04,+5.00000000E-05\u000a
p219
aV+5.00000000E-05,-1.50000000E-04,-5.00000000E-05,+5.00000000E-05,-1.50000000E-04,+0.00000000E-05,+0.00000000E-05,-5.00000000E-05,-1.00000000E-04,+5.00000000E-05\u000a
p220
aV+5.00000000E-05,+0.00000000E-05,-5.00000000E-05,-5.00000000E-05,-1.00000000E-04,+0.00000000E-05,+0.00000000E-05,-5.00000000E-05,-5.00000000E-05,+5.00000000E-05\u000a
p221
aV-5.00000000E-05,+5.00000000E-05,-1.50000000E-04,-1.00000000E-04,-1.00000000E-04,+5.00000000E-05,+0.00000000E-05,+5.00000000E-05,-2.10000000E-04,+0.00000000E-05\u000a
p222
aV-5.00000000E-05,+5.00000000E-05,-1.00000000E-04,+5.00000000E-05,-1.00000000E-04,-5.00000000E-05,+5.00000000E-05,+5.00000000E-05,+5.00000000E-05,-1.00000000E-04\u000a
p223
aV+0.00000000E-05,-5.00000000E-05,+0.00000000E-05,-5.00000000E-05,-5.00000000E-05,-1.00000000E-04,+0.00000000E-05,+0.00000000E-05,-5.00000000E-05,+0.00000000E-05\u000a
p224
aV-1.00000000E-04,+0.00000000E-05,+0.00000000E-05,-5.00000000E-05,+5.00000000E-05,+0.00000000E-05,-1.50000000E-04,-1.50000000E-04,-5.00000000E-05,-5.00000000E-05\u000a
p225
aV-1.50000000E-04,-5.00000000E-05,+0.00000000E-05,-5.00000000E-05,-5.00000000E-05,+0.00000000E-05,-1.00000000E-04,-5.00000000E-05,+0.00000000E-05,-5.00000000E-05\u000a
p226
aV-5.00000000E-05,-1.50000000E-04,+5.00000000E-05,-5.00000000E-05,+5.00000000E-05,+0.00000000E-05,-1.00000000E-04,-1.00000000E-04,+0.00000000E-05,+0.00000000E-05\u000a
p227
aV-5.00000000E-05,-5.00000000E-05,+0.00000000E-05,-1.50000000E-04,+0.00000000E-05,-5.00000000E-05,-1.00000000E-04,-5.00000000E-05,-5.00000000E-05,+0.00000000E-05\u000a
p228
aV-5.00000000E-05,-5.00000000E-05,+0.00000000E-05,-5.00000000E-05,-5.00000000E-05,-1.00000000E-04,-5.00000000E-05,-5.00000000E-05,-5.00000000E-05,-5.00000000E-05\u000a
p229
aV-5.00000000E-05,-5.00000000E-05,-1.00000000E-04,-5.00000000E-05,-1.00000000E-04,-1.00000000E-04,+0.00000000E-05,-1.50000000E-04,-1.00000000E-04,+0.00000000E-05\u000a
p230
aV-5.00000000E-05,-1.00000000E-04,-5.00000000E-05,+0.00000000E-05,-5.00000000E-05,-1.00000000E-04,-1.00000000E-04,-1.00000000E-04,+0.00000000E-05,+0.00000000E-05\u000a
p231
aV-5.00000000E-05,+0.00000000E-05,+5.00000000E-05,-1.00000000E-04,+0.00000000E-05,-1.00000000E-04,-5.00000000E-05,+0.00000000E-05,+0.00000000E-05,-5.00000000E-05\u000a
p232
aV+0.00000000E-05,+5.00000000E-05,-5.00000000E-05,-5.00000000E-05,-5.00000000E-05,+5.00000000E-05,-5.00000000E-05,-1.00000000E-04,-5.00000000E-05,-5.00000000E-05\u000a
p233
aV-5.00000000E-05,-2.10000000E-04,-1.00000000E-04,-5.00000000E-05,+0.00000000E-05,+0.00000000E-05,-5.00000000E-05,+0.00000000E-05,+1.50000000E-04,-5.00000000E-05\u000a
p234
aV+0.00000000E-05,+5.00000000E-05,+0.00000000E-05,+0.00000000E-05,-5.00000000E-05,+0.00000000E-05,+0.00000000E-05,-5.00000000E-05,+0.00000000E-05,-5.00000000E-05\u000a
p235
aV-5.00000000E-05,-1.00000000E-04,+1.50000000E-04,-1.00000000E-04,+5.00000000E-05,+5.00000000E-05,-1.50000000E-04,-5.00000000E-05,+5.00000000E-05,-1.00000000E-04\u000a
p236
aV-5.00000000E-05,-5.00000000E-05,+5.00000000E-05,+0.00000000E-05,-1.00000000E-04,+0.00000000E-05,-5.00000000E-05,-1.00000000E-04,-5.00000000E-05,-5.00000000E-05\u000a
p237
aV-5.00000000E-05,-5.00000000E-05,+0.00000000E-05,-5.00000000E-05,-1.00000000E-04,+0.00000000E-05,-1.00000000E-04,-5.00000000E-05,-5.00000000E-05,+0.00000000E-05\u000a
p238
aV-1.50000000E-04,+5.00000000E-05,+5.00000000E-05,-5.00000000E-05,+5.00000000E-05,+5.00000000E-05,-5.00000000E-05,-5.00000000E-05,-5.00000000E-05,-5.00000000E-05\u000a
p239
aV-5.00000000E-05,+0.00000000E-05,-5.00000000E-05,-5.00000000E-05,+5.00000000E-05,-5.00000000E-05,-5.00000000E-05,+5.00000000E-05,+0.00000000E-05,+0.00000000E-05\u000a
p240
aV-1.00000000E-04,+5.00000000E-05,+0.00000000E-05,-5.00000000E-05,+5.00000000E-05,+0.00000000E-05,-1.00000000E-04,+5.00000000E-05,+0.00000000E-05,+0.00000000E-05\u000a
p241
aV-5.00000000E-05,+0.00000000E-05,+0.00000000E-05,+0.00000000E-05,+0.00000000E-05,+0.00000000E-05,+5.00000000E-05,-1.00000000E-04,-1.00000000E-04,-5.00000000E-05\u000a
p242
aV-1.00000000E-04,+5.00000000E-05,+0.00000000E-05,+0.00000000E-05,+0.00000000E-05,-5.00000000E-05,-5.00000000E-05,-1.00000000E-04,+5.00000000E-05,-5.00000000E-05\u000a
p243
aV-5.00000000E-05,+0.00000000E-05,-5.00000000E-05,-1.50000000E-04,-1.00000000E-04,+0.00000000E-05,-1.00000000E-04,+3.60000000E-04,+0.00000000E-05,-1.00000000E-04\u000a
p244
aV+0.00000000E-05,-5.00000000E-05,-1.00000000E-04,+0.00000000E-05,-5.00000000E-05,-5.00000000E-05,-5.00000000E-05,-5.00000000E-05,-5.00000000E-05,+0.00000000E-05\u000a
p245
aV+0.00000000E-05,-5.00000000E-05,+5.00000000E-05,-5.00000000E-05,-5.00000000E-05,+0.00000000E-05,-1.00000000E-04,+0.00000000E-05,+5.00000000E-05,-5.00000000E-05\u000a
p246
aV+0.00000000E-05,+5.00000000E-05,-5.00000000E-05,+0.00000000E-05,-5.00000000E-05,+0.00000000E-05,+5.00000000E-05,-5.00000000E-05,-1.00000000E-04,-5.00000000E-05\u000a
p247
aV-1.00000000E-04,-1.00000000E-04,+0.00000000E-05,+0.00000000E-05,+0.00000000E-05,+0.00000000E-05,+0.00000000E-05,-5.00000000E-05,+0.00000000E-05,+5.00000000E-05\u000a
p248
aV-5.00000000E-05,+0.00000000E-05,+0.00000000E-05,+5.00000000E-05,-1.00000000E-04,-5.00000000E-05,+5.00000000E-05,-1.00000000E-04,-5.00000000E-05,+0.00000000E-05\u000a
p249
aV+0.00000000E-05,-1.00000000E-04,-1.50000000E-04,-1.00000000E-04,+5.00000000E-05,+0.00000000E-05,-1.00000000E-04,+0.00000000E-05,+0.00000000E-05,-1.50000000E-04\u000a
p250
a.