(lp0
V+2.60000000E-03,+1.60000000E-03,+2.10000000E-03,+2.10000000E-03,+1.60000000E-03,+1.60000000E-03,+2.10000000E-03,+2.10000000E-03,+1.60000000E-03,+2.10000000E-03\u000a
p1
aV+1.10000000E-02,+1.15000000E-02,+1.15000000E-02,+1.04000000E-02,+1.15000000E-02,+1.10000000E-02,+1.04000000E-02,+1.10000000E-02,+1.10000000E-02,+1.04000000E-02\u000a
p2
aV+2.19000000E-02,+2.19000000E-02,+2.19000000E-02,+2.19000000E-02,+2.25000000E-02,+2.25000000E-02,+2.19000000E-02,+2.25000000E-02,+2.25000000E-02,+2.25000000E-02\u000a
p3
aV+3.08000000E-02,+3.03000000E-02,+3.03000000E-02,+3.03000000E-02,+3.13000000E-02,+3.08000000E-02,+3.08000000E-02,+3.13000000E-02,+3.13000000E-02,+3.03000000E-02\u000a
p4
aV+4.07000000E-02,+4.13000000E-02,+4.13000000E-02,+4.13000000E-02,+4.13000000E-02,+4.13000000E-02,+4.13000000E-02,+4.13000000E-02,+4.13000000E-02,+4.13000000E-02\u000a
p5
aV+5.07000000E-02,+5.01000000E-02,+5.01000000E-02,+5.01000000E-02,+5.07000000E-02,+5.01000000E-02,+5.07000000E-02,+5.01000000E-02,+5.01000000E-02,+5.07000000E-02\u000a
p6
aV+6.27000000E-02,+6.22000000E-02,+6.22000000E-02,+6.22000000E-02,+6.22000000E-02,+6.16000000E-02,+6.27000000E-02,+6.22000000E-02,+6.22000000E-02,+6.27000000E-02\u000a
p7
aV+7.10000000E-02,+7.16000000E-02,+7.10000000E-02,+7.16000000E-02,+7.10000000E-02,+7.10000000E-02,+7.10000000E-02,+7.10000000E-02,+7.05000000E-02,+7.10000000E-02\u000a
p8
aV+8.15000000E-02,+8.10000000E-02,+8.15000000E-02,+8.25000000E-02,+8.15000000E-02,+8.20000000E-02,+8.25000000E-02,+8.20000000E-02,+8.15000000E-02,+8.20000000E-02\u000a
p9
aV+9.09000000E-02,+9.04000000E-02,+9.04000000E-02,+9.14000000E-02,+9.04000000E-02,+8.98000000E-02,+9.09000000E-02,+9.09000000E-02,+9.04000000E-02,+9.09000000E-02\u000a
p10
aV+1.02400000E-01,+1.01900000E-01,+1.01300000E-01,+1.02400000E-01,+1.01900000E-01,+1.01900000E-01,+1.02400000E-01,+1.01900000E-01,+1.01300000E-01,+1.02400000E-01\u000a
p11
aV+1.10700000E-01,+1.10200000E-01,+1.10200000E-01,+1.10700000E-01,+1.10200000E-01,+1.11300000E-01,+1.10700000E-01,+1.10200000E-01,+1.10200000E-01,+1.11300000E-01\u000a
p12
aV+1.20700000E-01,+1.21700000E-01,+1.21200000E-01,+1.21700000E-01,+1.21700000E-01,+1.21700000E-01,+1.21700000E-01,+1.21200000E-01,+1.21700000E-01,+1.21200000E-01\u000a
p13
aV+1.30100000E-01,+1.29500000E-01,+1.30100000E-01,+1.29500000E-01,+1.30600000E-01,+1.30600000E-01,+1.30100000E-01,+1.30100000E-01,+1.30100000E-01,+1.29500000E-01\u000a
p14
aV+1.42100000E-01,+1.42100000E-01,+1.41600000E-01,+1.42100000E-01,+1.42100000E-01,+1.42100000E-01,+1.41600000E-01,+1.42600000E-01,+1.42100000E-01,+1.42100000E-01\u000a
p15
aV+1.53100000E-01,+1.53100000E-01,+1.52500000E-01,+1.53100000E-01,+1.52500000E-01,+1.53100000E-01,+1.53100000E-01,+1.53100000E-01,+1.53100000E-01,+1.53100000E-01\u000a
p16
aV+1.52500000E-01,+1.52500000E-01,+1.52500000E-01,+1.52500000E-01,+1.52500000E-01,+1.52500000E-01,+1.52500000E-01,+1.53100000E-01,+1.52500000E-01,+1.52500000E-01\u000a
p17
aV+1.72400000E-01,+1.72900000E-01,+1.72400000E-01,+1.72900000E-01,+1.72900000E-01,+1.72900000E-01,+1.72400000E-01,+1.72400000E-01,+1.72400000E-01,+1.72400000E-01\u000a
p18
aV+1.81800000E-01,+1.81300000E-01,+1.81800000E-01,+1.81300000E-01,+1.81300000E-01,+1.81300000E-01,+1.81300000E-01,+1.81300000E-01,+1.81800000E-01,+1.81800000E-01\u000a
p19
aV+1.91700000E-01,+1.92800000E-01,+1.92200000E-01,+1.92200000E-01,+1.92200000E-01,+1.91700000E-01,+1.92200000E-01,+1.92200000E-01,+1.92200000E-01,+1.91700000E-01\u000a
p20
aV+2.01100000E-01,+2.00600000E-01,+2.01100000E-01,+2.00600000E-01,+2.01100000E-01,+2.00600000E-01,+2.01100000E-01,+2.01100000E-01,+2.01600000E-01,+2.01100000E-01\u000a
p21
aV+2.12600000E-01,+2.12600000E-01,+2.13100000E-01,+2.12600000E-01,+2.13100000E-01,+2.13100000E-01,+2.13100000E-01,+2.13100000E-01,+2.12600000E-01,+2.13100000E-01\u000a
p22
aV+2.22000000E-01,+2.22000000E-01,+2.22000000E-01,+2.22000000E-01,+2.22000000E-01,+2.22000000E-01,+2.22000000E-01,+2.22000000E-01,+2.22000000E-01,+2.22000000E-01\u000a
p23
aV+2.31900000E-01,+2.32500000E-01,+2.32500000E-01,+2.31900000E-01,+2.32500000E-01,+2.32500000E-01,+2.32500000E-01,+2.32500000E-01,+2.32500000E-01,+2.32500000E-01\u000a
p24
aV+2.42900000E-01,+2.42900000E-01,+2.42900000E-01,+2.42900000E-01,+2.42900000E-01,+2.42900000E-01,+2.42900000E-01,+2.42900000E-01,+2.42900000E-01,+2.43400000E-01\u000a
p25
aV+2.47600000E-01,+2.47100000E-01,+2.46600000E-01,+2.46600000E-01,+2.47100000E-01,+2.47100000E-01,+2.47100000E-01,+2.46600000E-01,+2.47100000E-01,+2.46600000E-01\u000a
p26
aV+2.55400000E-01,+2.55400000E-01,+2.55400000E-01,+2.56000000E-01,+2.56000000E-01,+2.55400000E-01,+2.56000000E-01,+2.56000000E-01,+2.56000000E-01,+2.56000000E-01\u000a
p27
aV+2.67500000E-01,+2.68000000E-01,+2.67500000E-01,+2.67500000E-01,+2.68000000E-01,+2.68000000E-01,+2.68000000E-01,+2.68000000E-01,+2.68000000E-01,+2.68000000E-01\u000a
p28
aV+2.76300000E-01,+2.76900000E-01,+2.76900000E-01,+2.76300000E-01,+2.76300000E-01,+2.76900000E-01,+2.76900000E-01,+2.76300000E-01,+2.77400000E-01,+2.76300000E-01\u000a
p29
aV+2.86800000E-01,+2.87300000E-01,+2.87300000E-01,+2.87300000E-01,+2.86800000E-01,+2.87300000E-01,+2.86800000E-01,+2.86800000E-01,+2.86800000E-01,+2.87300000E-01\u000a
p30
aV+2.98800000E-01,+2.98300000E-01,+2.98300000E-01,+2.98300000E-01,+2.98800000E-01,+2.98300000E-01,+2.98300000E-01,+2.98300000E-01,+2.98800000E-01,+2.98300000E-01\u000a
p31
aV+3.07200000E-01,+3.07200000E-01,+3.07200000E-01,+3.07200000E-01,+3.07700000E-01,+3.07200000E-01,+3.07700000E-01,+3.07200000E-01,+3.07700000E-01,+3.07200000E-01\u000a
p32
aV+3.18100000E-01,+3.18100000E-01,+3.17600000E-01,+3.18100000E-01,+3.18100000E-01,+3.17600000E-01,+3.17600000E-01,+3.17600000E-01,+3.17600000E-01,+3.17600000E-01\u000a
p33
aV+3.26500000E-01,+3.26500000E-01,+3.26500000E-01,+3.27000000E-01,+3.26500000E-01,+3.27000000E-01,+3.26500000E-01,+3.26500000E-01,+3.26000000E-01,+3.26500000E-01\u000a
p34
aV+3.38500000E-01,+3.38500000E-01,+3.38000000E-01,+3.38500000E-01,+3.38500000E-01,+3.38500000E-01,+3.38500000E-01,+3.38500000E-01,+3.38000000E-01,+3.38000000E-01\u000a
p35
aV+3.47400000E-01,+3.47400000E-01,+3.47400000E-01,+3.47400000E-01,+3.47400000E-01,+3.47400000E-01,+3.47400000E-01,+3.47900000E-01,+3.47400000E-01,+3.47400000E-01\u000a
p36
aV+3.57800000E-01,+3.57800000E-01,+3.57800000E-01,+3.57800000E-01,+3.57800000E-01,+3.57800000E-01,+3.58300000E-01,+3.57800000E-01,+3.57800000E-01,+3.57800000E-01\u000a
p37
aV+3.67200000E-01,+3.66700000E-01,+3.66700000E-01,+3.66700000E-01,+3.66700000E-01,+3.66700000E-01,+3.66700000E-01,+3.66200000E-01,+3.67200000E-01,+3.66700000E-01\u000a
p38
aV+3.78700000E-01,+3.78200000E-01,+3.77700000E-01,+3.78200000E-01,+3.78200000E-01,+3.78200000E-01,+3.78200000E-01,+3.78200000E-01,+3.78700000E-01,+3.78200000E-01\u000a
p39
aV+3.87100000E-01,+3.86600000E-01,+3.87100000E-01,+3.87100000E-01,+3.86600000E-01,+3.87100000E-01,+3.87100000E-01,+3.86600000E-01,+3.87100000E-01,+3.86600000E-01\u000a
p40
aV+3.97500000E-01,+3.97500000E-01,+3.97000000E-01,+3.97000000E-01,+3.97500000E-01,+3.97000000E-01,+3.97500000E-01,+3.97500000E-01,+3.97500000E-01,+3.97500000E-01\u000a
p41
aV+3.97000000E-01,+3.97500000E-01,+3.97500000E-01,+3.97500000E-01,+3.97500000E-01,+3.97500000E-01,+3.97000000E-01,+3.97000000E-01,+3.97500000E-01,+3.97500000E-01\u000a
p42
aV+4.17900000E-01,+4.18400000E-01,+4.18400000E-01,+4.17900000E-01,+4.17900000E-01,+4.18400000E-01,+4.18400000E-01,+4.18400000E-01,+4.17900000E-01,+4.17900000E-01\u000a
p43
aV+4.28900000E-01,+4.28900000E-01,+4.28900000E-01,+4.28900000E-01,+4.28300000E-01,+4.28300000E-01,+4.28300000E-01,+4.28900000E-01,+4.28900000E-01,+4.28300000E-01\u000a
p44
aV+4.37700000E-01,+4.37700000E-01,+4.37200000E-01,+4.37700000E-01,+4.37700000E-01,+4.37700000E-01,+4.37700000E-01,+4.37700000E-01,+4.38300000E-01,+4.37700000E-01\u000a
p45
aV+4.48700000E-01,+4.48700000E-01,+4.49200000E-01,+4.49200000E-01,+4.48700000E-01,+4.48700000E-01,+4.49200000E-01,+4.49800000E-01,+4.49200000E-01,+4.49800000E-01\u000a
p46
aV+4.57600000E-01,+4.57600000E-01,+4.57600000E-01,+4.57600000E-01,+4.57100000E-01,+4.57600000E-01,+4.57600000E-01,+4.57100000E-01,+4.58100000E-01,+4.57600000E-01\u000a
p47
aV+4.68600000E-01,+4.68000000E-01,+4.68000000E-01,+4.68000000E-01,+4.68000000E-01,+4.68000000E-01,+4.68600000E-01,+4.68000000E-01,+4.68000000E-01,+4.68000000E-01\u000a
p48
aV+4.77400000E-01,+4.76900000E-01,+4.77400000E-01,+4.78000000E-01,+4.77400000E-01,+4.76900000E-01,+4.76900000E-01,+4.76900000E-01,+4.78000000E-01,+4.77400000E-01\u000a
p49
aV+4.88900000E-01,+4.89500000E-01,+4.88900000E-01,+4.89500000E-01,+4.89500000E-01,+4.88900000E-01,+4.89500000E-01,+4.88900000E-01,+4.88400000E-01,+4.88900000E-01\u000a
p50
aV+4.97800000E-01,+4.98300000E-01,+4.97800000E-01,+4.97800000E-01,+4.97800000E-01,+4.98300000E-01,+4.98300000E-01,+4.98300000E-01,+4.97800000E-01,+4.97300000E-01\u000a
p51
aV+5.08800000E-01,+5.08800000E-01,+5.08800000E-01,+5.09300000E-01,+5.08300000E-01,+5.08300000E-01,+5.08800000E-01,+5.08300000E-01,+5.08300000E-01,+5.08800000E-01\u000a
p52
aV+5.17100000E-01,+5.17100000E-01,+5.17100000E-01,+5.17700000E-01,+5.17700000E-01,+5.17100000E-01,+5.17100000E-01,+5.17700000E-01,+5.17700000E-01,+5.17100000E-01\u000a
p53
aV+5.27600000E-01,+5.27600000E-01,+5.27600000E-01,+5.28100000E-01,+5.28100000E-01,+5.28100000E-01,+5.27600000E-01,+5.27600000E-01,+5.28100000E-01,+5.28100000E-01\u000a
p54
aV+5.36000000E-01,+5.37000000E-01,+5.37000000E-01,+5.37000000E-01,+5.36500000E-01,+5.36500000E-01,+5.36500000E-01,+5.37000000E-01,+5.37000000E-01,+5.37000000E-01\u000a
p55
aV+5.47400000E-01,+5.46900000E-01,+5.47400000E-01,+5.47400000E-01,+5.47400000E-01,+5.46900000E-01,+5.46900000E-01,+5.46900000E-01,+5.46900000E-01,+5.46900000E-01\u000a
p56
aV+5.55800000E-01,+5.56300000E-01,+5.55800000E-01,+5.56300000E-01,+5.56300000E-01,+5.55300000E-01,+5.56300000E-01,+5.55800000E-01,+5.55800000E-01,+5.55300000E-01\u000a
p57
aV+5.67800000E-01,+5.68300000E-01,+5.68300000E-01,+5.67800000E-01,+5.67800000E-01,+5.68300000E-01,+5.68300000E-01,+5.68300000E-01,+5.68300000E-01,+5.67800000E-01\u000a
p58
aV+5.78800000E-01,+5.78300000E-01,+5.78800000E-01,+5.78300000E-01,+5.78800000E-01,+5.78800000E-01,+5.78800000E-01,+5.78300000E-01,+5.78300000E-01,+5.79300000E-01\u000a
p59
aV+5.87100000E-01,+5.87100000E-01,+5.87700000E-01,+5.87100000E-01,+5.87100000E-01,+5.87100000E-01,+5.87100000E-01,+5.87100000E-01,+5.87100000E-01,+5.87700000E-01\u000a
p60
aV+5.98600000E-01,+5.98100000E-01,+5.98600000E-01,+5.98100000E-01,+5.98100000E-01,+5.98100000E-01,+5.98100000E-01,+5.98100000E-01,+5.98100000E-01,+5.98600000E-01\u000a
p61
aV+6.06500000E-01,+6.06500000E-01,+6.06500000E-01,+6.06500000E-01,+6.06000000E-01,+6.06500000E-01,+6.07000000E-01,+6.06500000E-01,+6.06500000E-01,+6.06500000E-01\u000a
p62
aV+6.06500000E-01,+6.06500000E-01,+6.06500000E-01,+6.06500000E-01,+6.06500000E-01,+6.06500000E-01,+6.06500000E-01,+6.07000000E-01,+6.06500000E-01,+6.06500000E-01\u000a
p63
aV+6.24800000E-01,+6.24800000E-01,+6.24800000E-01,+6.25300000E-01,+6.25300000E-01,+6.25300000E-01,+6.24800000E-01,+6.24800000E-01,+6.24800000E-01,+6.25300000E-01\u000a
p64
aV+6.35700000E-01,+6.35700000E-01,+6.36200000E-01,+6.35700000E-01,+6.36200000E-01,+6.35700000E-01,+6.35700000E-01,+6.36200000E-01,+6.35700000E-01,+6.35700000E-01\u000a
p65
aV+6.44100000E-01,+6.44100000E-01,+6.44600000E-01,+6.44100000E-01,+6.44100000E-01,+6.44600000E-01,+6.44100000E-01,+6.44100000E-01,+6.44100000E-01,+6.44600000E-01\u000a
p66
aV+6.54000000E-01,+6.54000000E-01,+6.54000000E-01,+6.54000000E-01,+6.53500000E-01,+6.53500000E-01,+6.54000000E-01,+6.54500000E-01,+6.54000000E-01,+6.54000000E-01\u000a
p67
aV+6.61800000E-01,+6.61800000E-01,+6.62400000E-01,+6.61800000E-01,+6.61800000E-01,+6.61800000E-01,+6.62400000E-01,+6.61800000E-01,+6.61800000E-01,+6.61800000E-01\u000a
p68
aV+6.72800000E-01,+6.72300000E-01,+6.71800000E-01,+6.72300000E-01,+6.72300000E-01,+6.72300000E-01,+6.72300000E-01,+6.72800000E-01,+6.71800000E-01,+6.72300000E-01\u000a
p69
aV+6.80600000E-01,+6.80600000E-01,+6.80100000E-01,+6.80100000E-01,+6.80600000E-01,+6.80600000E-01,+6.80100000E-01,+6.80600000E-01,+6.80100000E-01,+6.80600000E-01\u000a
p70
aV+6.90600000E-01,+6.89500000E-01,+6.90100000E-01,+6.90100000E-01,+6.90100000E-01,+6.90100000E-01,+6.90100000E-01,+6.90100000E-01,+6.90100000E-01,+6.90600000E-01\u000a
p71
aV+6.90100000E-01,+6.90100000E-01,+6.90100000E-01,+6.90600000E-01,+6.90600000E-01,+6.90100000E-01,+6.90100000E-01,+6.90100000E-01,+6.90600000E-01,+6.90100000E-01\u000a
p72
aV+7.09400000E-01,+7.09400000E-01,+7.08900000E-01,+7.09400000E-01,+7.09400000E-01,+7.09900000E-01,+7.09400000E-01,+7.09900000E-01,+7.08900000E-01,+7.09900000E-01\u000a
p73
aV+7.19300000E-01,+7.18800000E-01,+7.18800000E-01,+7.18800000E-01,+7.19300000E-01,+7.18800000E-01,+7.18800000E-01,+7.18800000E-01,+7.19300000E-01,+7.18800000E-01\u000a
p74
aV+7.27100000E-01,+7.27100000E-01,+7.26600000E-01,+7.26600000E-01,+7.26600000E-01,+7.27100000E-01,+7.27100000E-01,+7.27100000E-01,+7.27100000E-01,+7.27100000E-01\u000a
p75
aV+7.27100000E-01,+7.27100000E-01,+7.27100000E-01,+7.26600000E-01,+7.26600000E-01,+7.26600000E-01,+7.27100000E-01,+7.26600000E-01,+7.27100000E-01,+7.27100000E-01\u000a
p76
aV+7.45900000E-01,+7.45900000E-01,+7.45900000E-01,+7.45400000E-01,+7.45900000E-01,+7.45400000E-01,+7.45900000E-01,+7.45400000E-01,+7.45900000E-01,+7.45400000E-01\u000a
p77
aV+7.55300000E-01,+7.55300000E-01,+7.54800000E-01,+7.55300000E-01,+7.54800000E-01,+7.54800000E-01,+7.55300000E-01,+7.55300000E-01,+7.55300000E-01,+7.55300000E-01\u000a
p78
aV+7.63700000E-01,+7.63200000E-01,+7.63700000E-01,+7.63700000E-01,+7.63200000E-01,+7.63700000E-01,+7.63700000E-01,+7.63200000E-01,+7.63700000E-01,+7.63700000E-01\u000a
p79
aV+7.75200000E-01,+7.74700000E-01,+7.75200000E-01,+7.74200000E-01,+7.74700000E-01,+7.74700000E-01,+7.74700000E-01,+7.74700000E-01,+7.74200000E-01,+7.74700000E-01\u000a
p80
aV+7.83000000E-01,+7.83000000E-01,+7.82500000E-01,+7.82500000E-01,+7.83000000E-01,+7.83000000E-01,+7.82500000E-01,+7.83000000E-01,+7.82500000E-01,+7.82500000E-01\u000a
p81
aV+7.90300000E-01,+7.90900000E-01,+7.90900000E-01,+7.90900000E-01,+7.90900000E-01,+7.91400000E-01,+7.90900000E-01,+7.90900000E-01,+7.90900000E-01,+7.90900000E-01\u000a
p82
aV+7.90300000E-01,+7.90900000E-01,+7.91400000E-01,+7.90300000E-01,+7.90900000E-01,+7.91400000E-01,+7.90900000E-01,+7.90900000E-01,+7.91400000E-01,+7.91400000E-01\u000a
p83
aV+8.09700000E-01,+8.09700000E-01,+8.09700000E-01,+8.09700000E-01,+8.09700000E-01,+8.09700000E-01,+8.09700000E-01,+8.09700000E-01,+8.09700000E-01,+8.09700000E-01\u000a
p84
aV+8.18000000E-01,+8.18000000E-01,+8.17500000E-01,+8.18000000E-01,+8.18000000E-01,+8.18000000E-01,+8.18000000E-01,+8.17500000E-01,+8.17500000E-01,+8.18000000E-01\u000a
p85
aV+8.28000000E-01,+8.27400000E-01,+8.28000000E-01,+8.28000000E-01,+8.28000000E-01,+8.28000000E-01,+8.27400000E-01,+8.28000000E-01,+8.27400000E-01,+8.28000000E-01\u000a
p86
aV+8.38900000E-01,+8.38900000E-01,+8.38900000E-01,+8.38900000E-01,+8.38900000E-01,+8.38900000E-01,+8.38900000E-01,+8.38900000E-01,+8.38900000E-01,+8.38900000E-01\u000a
p87
aV+8.47300000E-01,+8.46800000E-01,+8.47300000E-01,+8.47300000E-01,+8.47300000E-01,+8.47300000E-01,+8.47300000E-01,+8.46800000E-01,+8.46800000E-01,+8.46800000E-01\u000a
p88
aV+8.56700000E-01,+8.56700000E-01,+8.56700000E-01,+8.56700000E-01,+8.56700000E-01,+8.56700000E-01,+8.56700000E-01,+8.56700000E-01,+8.56700000E-01,+8.56700000E-01\u000a
p89
aV+8.65000000E-01,+8.65000000E-01,+8.65000000E-01,+8.65000000E-01,+8.64500000E-01,+8.65000000E-01,+8.64500000E-01,+8.65000000E-01,+8.64500000E-01,+8.64500000E-01\u000a
p90
aV+8.75500000E-01,+8.75500000E-01,+8.75500000E-01,+8.75500000E-01,+8.76000000E-01,+8.75500000E-01,+8.76000000E-01,+8.75500000E-01,+8.75500000E-01,+8.75500000E-01\u000a
p91
aV+8.84400000E-01,+8.83900000E-01,+8.83300000E-01,+8.83900000E-01,+8.83900000E-01,+8.83900000E-01,+8.83300000E-01,+8.83900000E-01,+8.83900000E-01,+8.83900000E-01\u000a
p92
aV+8.93800000E-01,+8.94300000E-01,+8.94300000E-01,+8.93800000E-01,+8.93300000E-01,+8.94800000E-01,+8.94300000E-01,+8.93800000E-01,+8.93800000E-01,+8.94300000E-01\u000a
p93
aV+9.02100000E-01,+9.02100000E-01,+9.02100000E-01,+9.02100000E-01,+9.01600000E-01,+9.02100000E-01,+9.02700000E-01,+9.01600000E-01,+9.02100000E-01,+9.02100000E-01\u000a
p94
aV+9.13600000E-01,+9.13100000E-01,+9.13100000E-01,+9.13600000E-01,+9.13100000E-01,+9.13600000E-01,+9.13600000E-01,+9.13100000E-01,+9.13100000E-01,+9.13600000E-01\u000a
p95
aV+9.22000000E-01,+9.22000000E-01,+9.22000000E-01,+9.21500000E-01,+9.22000000E-01,+9.22000000E-01,+9.21500000E-01,+9.21500000E-01,+9.21500000E-01,+9.22000000E-01\u000a
p96
aV+9.31400000E-01,+9.31400000E-01,+9.30900000E-01,+9.31900000E-01,+9.31400000E-01,+9.31400000E-01,+9.31400000E-01,+9.30900000E-01,+9.31400000E-01,+9.30900000E-01\u000a
p97
aV+9.39700000E-01,+9.39700000E-01,+9.39700000E-01,+9.40300000E-01,+9.39700000E-01,+9.40300000E-01,+9.39700000E-01,+9.40300000E-01,+9.39700000E-01,+9.39700000E-01\u000a
p98
aV+9.50700000E-01,+9.50200000E-01,+9.50700000E-01,+9.50700000E-01,+9.50200000E-01,+9.50700000E-01,+9.50200000E-01,+9.50700000E-01,+9.50700000E-01,+9.50200000E-01\u000a
p99
aV+9.60600000E-01,+9.61200000E-01,+9.60600000E-01,+9.60600000E-01,+9.60600000E-01,+9.60600000E-01,+9.60100000E-01,+9.60600000E-01,+9.60600000E-01,+9.60600000E-01\u000a
p100
aV+9.69000000E-01,+9.69000000E-01,+9.68500000E-01,+9.68500000E-01,+9.68500000E-01,+9.68500000E-01,+9.69000000E-01,+9.68500000E-01,+9.68000000E-01,+9.69000000E-01\u000a
p101
aV+9.80500000E-01,+9.80500000E-01,+9.80000000E-01,+9.80500000E-01,+9.80500000E-01,+9.80500000E-01,+9.80000000E-01,+9.80000000E-01,+9.80000000E-01,+9.80000000E-01\u000a
p102
aV+9.87800000E-01,+9.87800000E-01,+9.87800000E-01,+9.88300000E-01,+9.88300000E-01,+9.88300000E-01,+9.88300000E-01,+9.88300000E-01,+9.87800000E-01,+9.87800000E-01\u000a
p103
aV+9.97200000E-01,+9.97700000E-01,+9.97700000E-01,+9.98300000E-01,+9.98300000E-01,+9.97700000E-01,+9.98300000E-01,+9.98300000E-01,+9.98300000E-01,+9.98300000E-01\u000a
p104
aV+1.00660000E+00,+1.00610000E+00,+1.00660000E+00,+1.00660000E+00,+1.00660000E+00,+1.00610000E+00,+1.00660000E+00,+1.00710000E+00,+1.00610000E+00,+1.00610000E+00\u000a
p105
aV+1.01760000E+00,+1.01710000E+00,+1.01710000E+00,+1.01760000E+00,+1.01710000E+00,+1.01650000E+00,+1.01710000E+00,+1.01710000E+00,+1.01710000E+00,+1.01710000E+00\u000a
p106
aV+1.02540000E+00,+1.02590000E+00,+1.02540000E+00,+1.02540000E+00,+1.02590000E+00,+1.02540000E+00,+1.02590000E+00,+1.02540000E+00,+1.02590000E+00,+1.02590000E+00\u000a
p107
aV+1.03530000E+00,+1.03530000E+00,+1.03590000E+00,+1.03530000E+00,+1.03590000E+00,+1.03590000E+00,+1.03530000E+00,+1.03530000E+00,+1.03530000E+00,+1.03590000E+00\u000a
p108
aV+1.04420000E+00,+1.04420000E+00,+1.04420000E+00,+1.04420000E+00,+1.04420000E+00,+1.04420000E+00,+1.04370000E+00,+1.04420000E+00,+1.04420000E+00,+1.04370000E+00\u000a
p109
aV+1.05410000E+00,+1.05410000E+00,+1.05410000E+00,+1.05470000E+00,+1.05410000E+00,+1.05360000E+00,+1.05410000E+00,+1.05410000E+00,+1.05410000E+00,+1.05410000E+00\u000a
p110
aV+1.06200000E+00,+1.06250000E+00,+1.06250000E+00,+1.06200000E+00,+1.06250000E+00,+1.06200000E+00,+1.06250000E+00,+1.06200000E+00,+1.06200000E+00,+1.06250000E+00\u000a
p111
aV+1.07190000E+00,+1.07190000E+00,+1.07140000E+00,+1.07190000E+00,+1.07140000E+00,+1.07140000E+00,+1.07140000E+00,+1.07190000E+00,+1.07140000E+00,+1.07190000E+00\u000a
p112
aV+1.07870000E+00,+1.07920000E+00,+1.07920000E+00,+1.07920000E+00,+1.07920000E+00,+1.07920000E+00,+1.07920000E+00,+1.07920000E+00,+1.07920000E+00,+1.07920000E+00\u000a
p113
aV+1.08860000E+00,+1.08860000E+00,+1.08860000E+00,+1.08810000E+00,+1.08860000E+00,+1.08810000E+00,+1.08860000E+00,+1.08860000E+00,+1.08810000E+00,+1.08860000E+00\u000a
p114
aV+1.09590000E+00,+1.09650000E+00,+1.09650000E+00,+1.09700000E+00,+1.09700000E+00,+1.09590000E+00,+1.09650000E+00,+1.09650000E+00,+1.09650000E+00,+1.09650000E+00\u000a
p115
aV+1.10270000E+00,+1.10320000E+00,+1.10270000E+00,+1.10270000E+00,+1.10320000E+00,+1.10270000E+00,+1.10320000E+00,+1.10320000E+00,+1.10270000E+00,+1.10320000E+00\u000a
p116
aV+1.11110000E+00,+1.11110000E+00,+1.11060000E+00,+1.11060000E+00,+1.11110000E+00,+1.11110000E+00,+1.11060000E+00,+1.11060000E+00,+1.11110000E+00,+1.11110000E+00\u000a
p117
aV+1.11630000E+00,+1.11680000E+00,+1.11680000E+00,+1.11680000E+00,+1.11680000E+00,+1.11680000E+00,+1.11680000E+00,+1.11630000E+00,+1.11630000E+00,+1.11680000E+00\u000a
p118
aV+1.12360000E+00,+1.12360000E+00,+1.12360000E+00,+1.12360000E+00,+1.12410000E+00,+1.12360000E+00,+1.12360000E+00,+1.12410000E+00,+1.12360000E+00,+1.12360000E+00\u000a
p119
aV+1.12880000E+00,+1.12880000E+00,+1.12880000E+00,+1.12880000E+00,+1.12880000E+00,+1.12880000E+00,+1.12880000E+00,+1.12880000E+00,+1.12880000E+00,+1.12880000E+00\u000a
p120
aV+1.13620000E+00,+1.13620000E+00,+1.13560000E+00,+1.13620000E+00,+1.13620000E+00,+1.13620000E+00,+1.13560000E+00,+1.13560000E+00,+1.13620000E+00,+1.13560000E+00\u000a
p121
aV+1.14190000E+00,+1.14140000E+00,+1.14090000E+00,+1.14140000E+00,+1.14140000E+00,+1.14090000E+00,+1.14140000E+00,+1.14140000E+00,+1.14140000E+00,+1.14090000E+00\u000a
p122
aV+1.14760000E+00,+1.14710000E+00,+1.14710000E+00,+1.14710000E+00,+1.14760000E+00,+1.14710000E+00,+1.14710000E+00,+1.14710000E+00,+1.14760000E+00,+1.14760000E+00\u000a
p123
aV+1.15180000E+00,+1.15240000E+00,+1.15240000E+00,+1.15290000E+00,+1.15180000E+00,+1.15180000E+00,+1.15180000E+00,+1.15180000E+00,+1.15180000E+00,+1.15180000E+00\u000a
p124
aV+1.15860000E+00,+1.15910000E+00,+1.15860000E+00,+1.15860000E+00,+1.15860000E+00,+1.15860000E+00,+1.15810000E+00,+1.15860000E+00,+1.15910000E+00,+1.15860000E+00\u000a
p125
aV+1.16380000E+00,+1.16330000E+00,+1.16330000E+00,+1.16330000E+00,+1.16330000E+00,+1.16380000E+00,+1.16330000E+00,+1.16330000E+00,+1.16330000E+00,+1.16330000E+00\u000a
p126
aV+1.16910000E+00,+1.16850000E+00,+1.16910000E+00,+1.16910000E+00,+1.16910000E+00,+1.16850000E+00,+1.16850000E+00,+1.16910000E+00,+1.16910000E+00,+1.16960000E+00\u000a
p127
aV+1.17480000E+00,+1.17480000E+00,+1.17530000E+00,+1.17480000E+00,+1.17530000E+00,+1.17530000E+00,+1.17530000E+00,+1.17530000E+00,+1.17530000E+00,+1.17530000E+00\u000a
p128
aV+1.17950000E+00,+1.17950000E+00,+1.17950000E+00,+1.17950000E+00,+1.17950000E+00,+1.17950000E+00,+1.17950000E+00,+1.17950000E+00,+1.17950000E+00,+1.17900000E+00\u000a
p129
aV+1.18470000E+00,+1.18530000E+00,+1.18530000E+00,+1.18530000E+00,+1.18530000E+00,+1.18420000E+00,+1.18530000E+00,+1.18470000E+00,+1.18470000E+00,+1.18470000E+00\u000a
p130
aV+1.18890000E+00,+1.18890000E+00,+1.18890000E+00,+1.18840000E+00,+1.18940000E+00,+1.18890000E+00,+1.18890000E+00,+1.18890000E+00,+1.18840000E+00,+1.18890000E+00\u000a
p131
aV+1.19410000E+00,+1.19410000E+00,+1.19410000E+00,+1.19470000E+00,+1.19470000E+00,+1.19410000E+00,+1.19470000E+00,+1.19410000E+00,+1.19470000E+00,+1.19470000E+00\u000a
p132
aV+1.19880000E+00,+1.19880000E+00,+1.19880000E+00,+1.19880000E+00,+1.19880000E+00,+1.19830000E+00,+1.19880000E+00,+1.19880000E+00,+1.19880000E+00,+1.19940000E+00\u000a
p133
aV+1.20350000E+00,+1.20350000E+00,+1.20350000E+00,+1.20350000E+00,+1.20350000E+00,+1.20350000E+00,+1.20350000E+00,+1.20350000E+00,+1.20410000E+00,+1.20300000E+00\u000a
p134
aV+1.20770000E+00,+1.20770000E+00,+1.20770000E+00,+1.20770000E+00,+1.20770000E+00,+1.20820000E+00,+1.20720000E+00,+1.20820000E+00,+1.20720000E+00,+1.20820000E+00\u000a
p135
aV+1.21290000E+00,+1.21240000E+00,+1.21290000E+00,+1.21240000E+00,+1.21350000E+00,+1.21240000E+00,+1.21290000E+00,+1.21290000E+00,+1.21290000E+00,+1.21290000E+00\u000a
p136
aV+1.21660000E+00,+1.21660000E+00,+1.21660000E+00,+1.21610000E+00,+1.21660000E+00,+1.21660000E+00,+1.21610000E+00,+1.21660000E+00,+1.21610000E+00,+1.21660000E+00\u000a
p137
aV+1.22130000E+00,+1.22130000E+00,+1.22130000E+00,+1.22080000E+00,+1.22130000E+00,+1.22080000E+00,+1.22080000E+00,+1.22130000E+00,+1.22130000E+00,+1.22080000E+00\u000a
p138
aV+1.22290000E+00,+1.22290000E+00,+1.22290000E+00,+1.22340000E+00,+1.22340000E+00,+1.22340000E+00,+1.22290000E+00,+1.22290000E+00,+1.22290000E+00,+1.22290000E+00\u000a
p139
aV+1.22760000E+00,+1.22760000E+00,+1.22760000E+00,+1.22760000E+00,+1.22760000E+00,+1.22760000E+00,+1.22810000E+00,+1.22810000E+00,+1.22760000E+00,+1.22760000E+00\u000a
p140
aV+1.23120000E+00,+1.23120000E+00,+1.23120000E+00,+1.23180000E+00,+1.23070000E+00,+1.23120000E+00,+1.23120000E+00,+1.23180000E+00,+1.23120000E+00,+1.23120000E+00\u000a
p141
aV+1.23590000E+00,+1.23590000E+00,+1.23650000E+00,+1.23650000E+00,+1.23650000E+00,+1.23650000E+00,+1.23650000E+00,+1.23700000E+00,+1.23650000E+00,+1.23650000E+00\u000a
p142
aV+1.24010000E+00,+1.24060000E+00,+1.24060000E+00,+1.24120000E+00,+1.24060000E+00,+1.24120000E+00,+1.24060000E+00,+1.24060000E+00,+1.24060000E+00,+1.24060000E+00\u000a
p143
aV+1.24430000E+00,+1.24430000E+00,+1.24380000E+00,+1.24430000E+00,+1.24380000E+00,+1.24430000E+00,+1.24430000E+00,+1.24430000E+00,+1.24430000E+00,+1.24380000E+00\u000a
p144
aV+1.24850000E+00,+1.24900000E+00,+1.24900000E+00,+1.24850000E+00,+1.24900000E+00,+1.24850000E+00,+1.24900000E+00,+1.24900000E+00,+1.24900000E+00,+1.24900000E+00\u000a
p145
aV+1.25210000E+00,+1.25210000E+00,+1.25210000E+00,+1.25210000E+00,+1.25160000E+00,+1.25210000E+00,+1.25210000E+00,+1.25210000E+00,+1.25210000E+00,+1.25210000E+00\u000a
p146
aV+1.25580000E+00,+1.25580000E+00,+1.25580000E+00,+1.25630000E+00,+1.25580000E+00,+1.25630000E+00,+1.25580000E+00,+1.25580000E+00,+1.25630000E+00,+1.25630000E+00\u000a
p147
aV+1.25940000E+00,+1.25940000E+00,+1.25940000E+00,+1.25940000E+00,+1.25940000E+00,+1.25940000E+00,+1.25940000E+00,+1.25890000E+00,+1.25940000E+00,+1.25940000E+00\u000a
p148
aV+1.26360000E+00,+1.26410000E+00,+1.26360000E+00,+1.26360000E+00,+1.26360000E+00,+1.26360000E+00,+1.26360000E+00,+1.26360000E+00,+1.26410000E+00,+1.26360000E+00\u000a
p149
aV+1.26680000E+00,+1.26730000E+00,+1.26680000E+00,+1.26730000E+00,+1.26730000E+00,+1.26680000E+00,+1.26730000E+00,+1.26730000E+00,+1.26680000E+00,+1.26680000E+00\u000a
p150
aV+1.27150000E+00,+1.27150000E+00,+1.27090000E+00,+1.27090000E+00,+1.27150000E+00,+1.27090000E+00,+1.27090000E+00,+1.27090000E+00,+1.27090000E+00,+1.27150000E+00\u000a
p151
aV+1.27410000E+00,+1.27410000E+00,+1.27410000E+00,+1.27410000E+00,+1.27460000E+00,+1.27410000E+00,+1.27460000E+00,+1.27460000E+00,+1.27460000E+00,+1.27410000E+00\u000a
p152
aV+1.27820000E+00,+1.27820000E+00,+1.27820000E+00,+1.27820000E+00,+1.27880000E+00,+1.27820000E+00,+1.27880000E+00,+1.27820000E+00,+1.27820000E+00,+1.27880000E+00\u000a
p153
aV+1.28140000E+00,+1.28190000E+00,+1.28140000E+00,+1.28190000E+00,+1.28090000E+00,+1.28190000E+00,+1.28140000E+00,+1.28140000E+00,+1.28140000E+00,+1.28140000E+00\u000a
p154
aV+1.28560000E+00,+1.28500000E+00,+1.28560000E+00,+1.28560000E+00,+1.28500000E+00,+1.28500000E+00,+1.28560000E+00,+1.28560000E+00,+1.28560000E+00,+1.28560000E+00\u000a
p155
aV+1.28870000E+00,+1.28920000E+00,+1.28920000E+00,+1.28920000E+00,+1.28870000E+00,+1.28920000E+00,+1.28920000E+00,+1.28870000E+00,+1.28970000E+00,+1.28920000E+00\u000a
p156
aV+1.29230000E+00,+1.29230000E+00,+1.29290000E+00,+1.29230000E+00,+1.29230000E+00,+1.29180000E+00,+1.29230000E+00,+1.29230000E+00,+1.29180000E+00,+1.29230000E+00\u000a
p157
aV+1.29550000E+00,+1.29600000E+00,+1.29600000E+00,+1.29600000E+00,+1.29550000E+00,+1.29550000E+00,+1.29550000E+00,+1.29600000E+00,+1.29600000E+00,+1.29550000E+00\u000a
p158
aV+1.29860000E+00,+1.29910000E+00,+1.29860000E+00,+1.29910000E+00,+1.29910000E+00,+1.29860000E+00,+1.29910000E+00,+1.29860000E+00,+1.29860000E+00,+1.29910000E+00\u000a
p159
aV+1.29860000E+00,+1.29860000E+00,+1.29860000E+00,+1.29910000E+00,+1.29910000E+00,+1.29860000E+00,+1.29910000E+00,+1.29860000E+00,+1.29860000E+00,+1.29910000E+00\u000a
p160
aV+1.30540000E+00,+1.30540000E+00,+1.30590000E+00,+1.30540000E+00,+1.30540000E+00,+1.30540000E+00,+1.30590000E+00,+1.30590000E+00,+1.30540000E+00,+1.30540000E+00\u000a
p161
aV+1.30910000E+00,+1.30910000E+00,+1.30850000E+00,+1.30850000E+00,+1.30800000E+00,+1.30910000E+00,+1.30910000E+00,+1.30910000E+00,+1.30850000E+00,+1.30910000E+00\u000a
p162
aV+1.31120000E+00,+1.31170000E+00,+1.31170000E+00,+1.31170000E+00,+1.31120000E+00,+1.31170000E+00,+1.31170000E+00,+1.31170000E+00,+1.31170000E+00,+1.31170000E+00\u000a
p163
aV+1.31480000E+00,+1.31530000E+00,+1.31480000E+00,+1.31530000E+00,+1.31480000E+00,+1.31530000E+00,+1.31480000E+00,+1.31480000E+00,+1.31480000E+00,+1.31480000E+00\u000a
p164
aV+1.31740000E+00,+1.31740000E+00,+1.31740000E+00,+1.31740000E+00,+1.31740000E+00,+1.31740000E+00,+1.31790000E+00,+1.31740000E+00,+1.31740000E+00,+1.31740000E+00\u000a
p165
aV+1.32060000E+00,+1.32110000E+00,+1.32060000E+00,+1.32060000E+00,+1.32060000E+00,+1.32060000E+00,+1.32060000E+00,+1.32110000E+00,+1.32060000E+00,+1.32060000E+00\u000a
p166
aV+1.32320000E+00,+1.32320000E+00,+1.32370000E+00,+1.32320000E+00,+1.32320000E+00,+1.32370000E+00,+1.32320000E+00,+1.32320000E+00,+1.32320000E+00,+1.32320000E+00\u000a
p167
aV+1.32630000E+00,+1.32680000E+00,+1.32680000E+00,+1.32730000E+00,+1.32680000E+00,+1.32630000E+00,+1.32630000E+00,+1.32630000E+00,+1.32630000E+00,+1.32680000E+00\u000a
p168
aV+1.32890000E+00,+1.32940000E+00,+1.32940000E+00,+1.32940000E+00,+1.32940000E+00,+1.32940000E+00,+1.32890000E+00,+1.32940000E+00,+1.32890000E+00,+1.32890000E+00\u000a
p169
aV+1.33260000E+00,+1.33260000E+00,+1.33260000E+00,+1.33260000E+00,+1.33200000E+00,+1.33260000E+00,+1.33260000E+00,+1.33200000E+00,+1.33260000E+00,+1.33260000E+00\u000a
p170
aV+1.33200000E+00,+1.33260000E+00,+1.33260000E+00,+1.33200000E+00,+1.33200000E+00,+1.33200000E+00,+1.33260000E+00,+1.33260000E+00,+1.33260000E+00,+1.33200000E+00\u000a
p171
aV+1.33830000E+00,+1.33780000E+00,+1.33780000E+00,+1.33780000E+00,+1.33780000E+00,+1.33780000E+00,+1.33830000E+00,+1.33830000E+00,+1.33830000E+00,+1.33780000E+00\u000a
p172
aV+1.34090000E+00,+1.34090000E+00,+1.34040000E+00,+1.34090000E+00,+1.34090000E+00,+1.34090000E+00,+1.34090000E+00,+1.34140000E+00,+1.34090000E+00,+1.34090000E+00\u000a
p173
aV+1.34350000E+00,+1.34350000E+00,+1.34350000E+00,+1.34350000E+00,+1.34350000E+00,+1.34300000E+00,+1.34410000E+00,+1.34350000E+00,+1.34350000E+00,+1.34350000E+00\u000a
p174
aV+1.34670000E+00,+1.34720000E+00,+1.34670000E+00,+1.34720000E+00,+1.34670000E+00,+1.34670000E+00,+1.34670000E+00,+1.34720000E+00,+1.34670000E+00,+1.34720000E+00\u000a
p175
aV+1.34930000E+00,+1.34880000E+00,+1.34880000E+00,+1.34930000E+00,+1.34930000E+00,+1.34880000E+00,+1.34930000E+00,+1.34930000E+00,+1.34880000E+00,+1.34930000E+00\u000a
p176
aV+1.35190000E+00,+1.35190000E+00,+1.35140000E+00,+1.35240000E+00,+1.35190000E+00,+1.35240000E+00,+1.35190000E+00,+1.35190000E+00,+1.35190000E+00,+1.35190000E+00\u000a
p177
aV+1.35450000E+00,+1.35400000E+00,+1.35400000E+00,+1.35400000E+00,+1.35450000E+00,+1.35400000E+00,+1.35400000E+00,+1.35400000E+00,+1.35450000E+00,+1.35450000E+00\u000a
p178
aV+1.35660000E+00,+1.35710000E+00,+1.35660000E+00,+1.35710000E+00,+1.35710000E+00,+1.35710000E+00,+1.35710000E+00,+1.35710000E+00,+1.35660000E+00,+1.35710000E+00\u000a
p179
aV+1.35920000E+00,+1.35920000E+00,+1.35920000E+00,+1.35920000E+00,+1.35970000E+00,+1.35870000E+00,+1.35920000E+00,+1.35870000E+00,+1.35970000E+00,+1.35920000E+00\u000a
p180
aV+1.36180000E+00,+1.36180000E+00,+1.36180000E+00,+1.36180000E+00,+1.36180000E+00,+1.36180000E+00,+1.36180000E+00,+1.36180000E+00,+1.36180000E+00,+1.36180000E+00\u000a
p181
aV+1.36650000E+00,+1.36650000E+00,+1.36650000E+00,+1.36650000E+00,+1.36650000E+00,+1.36650000E+00,+1.36700000E+00,+1.36650000E+00,+1.36700000E+00,+1.36650000E+00\u000a
p182
aV+1.36970000E+00,+1.37020000E+00,+1.37020000E+00,+1.37070000E+00,+1.37020000E+00,+1.37020000E+00,+1.36970000E+00,+1.37020000E+00,+1.37020000E+00,+1.36970000E+00\u000a
p183
aV+1.37280000E+00,+1.37330000E+00,+1.37280000E+00,+1.37280000E+00,+1.37280000E+00,+1.37230000E+00,+1.37280000E+00,+1.37280000E+00,+1.37330000E+00,+1.37330000E+00\u000a
p184
aV+1.37540000E+00,+1.37490000E+00,+1.37490000E+00,+1.37540000E+00,+1.37540000E+00,+1.37540000E+00,+1.37540000E+00,+1.37540000E+00,+1.37540000E+00,+1.37540000E+00\u000a
p185
aV+1.37800000E+00,+1.37850000E+00,+1.37800000E+00,+1.37750000E+00,+1.37800000E+00,+1.37800000E+00,+1.37800000E+00,+1.37800000E+00,+1.37850000E+00,+1.37850000E+00\u000a
p186
aV+1.38010000E+00,+1.38010000E+00,+1.38010000E+00,+1.38010000E+00,+1.38010000E+00,+1.38010000E+00,+1.38010000E+00,+1.37960000E+00,+1.37960000E+00,+1.38010000E+00\u000a
p187
aV+1.38220000E+00,+1.38270000E+00,+1.38270000E+00,+1.38220000E+00,+1.38170000E+00,+1.38220000E+00,+1.38270000E+00,+1.38170000E+00,+1.38220000E+00,+1.38220000E+00\u000a
p188
aV+1.38170000E+00,+1.38220000E+00,+1.38220000E+00,+1.38170000E+00,+1.38220000E+00,+1.38220000E+00,+1.38220000E+00,+1.38220000E+00,+1.38170000E+00,+1.38220000E+00\u000a
p189
aV+1.38220000E+00,+1.38170000E+00,+1.38220000E+00,+1.38270000E+00,+1.38220000E+00,+1.38270000E+00,+1.38270000E+00,+1.38220000E+00,+1.38220000E+00,+1.38270000E+00\u000a
p190
a.