(lp0
V+5.00000000E-05,+0.00000000E-05,+0.00000000E-05,+0.00000000E-05,-5.00000000E-05,+0.00000000E-05,+0.00000000E-05,+0.00000000E-05,+0.00000000E-05,+1.00000000E-04\u000a
p1
aV+5.00000000E-05,-5.00000000E-05,+0.00000000E-05,-5.00000000E-05,-1.00000000E-04,+0.00000000E-05,+0.00000000E-05,-5.00000000E-05,+0.00000000E-05,+1.00000000E-04\u000a
p2
aV+5.00000000E-05,+0.00000000E-05,-5.00000000E-05,+0.00000000E-05,-1.00000000E-04,+0.00000000E-05,+0.00000000E-05,+0.00000000E-05,+5.00000000E-05,-5.00000000E-05\u000a
p3
aV-5.00000000E-05,+5.00000000E-05,-5.00000000E-05,-1.00000000E-04,+5.00000000E-05,+0.00000000E-05,+0.00000000E-05,+5.00000000E-05,+5.00000000E-05,-5.00000000E-05\u000a
p4
aV+0.00000000E-05,+0.00000000E-05,+5.00000000E-05,+0.00000000E-05,+0.00000000E-05,-1.00000000E-04,-1.00000000E-04,-5.00000000E-05,-5.00000000E-05,+5.00000000E-05\u000a
p5
aV+0.00000000E-05,-5.00000000E-05,-5.00000000E-05,+0.00000000E-05,+0.00000000E-05,+0.00000000E-05,-2.10000000E-04,+0.00000000E-05,-5.00000000E-05,+5.00000000E-05\u000a
p6
aV+5.00000000E-05,+3.10000000E-04,-5.00000000E-05,-1.00000000E-04,+0.00000000E-05,+5.00000000E-05,+5.00000000E-05,+5.00000000E-05,-5.00000000E-05,+0.00000000E-05\u000a
p7
aV-5.00000000E-05,+5.00000000E-05,+0.00000000E-05,+0.00000000E-05,+5.00000000E-05,+0.00000000E-05,-5.00000000E-05,-5.00000000E-05,+0.00000000E-05,+1.00000000E-04\u000a
p8
aV-5.00000000E-05,+5.00000000E-05,+0.00000000E-05,-5.00000000E-05,+5.00000000E-05,-5.00000000E-05,-5.00000000E-05,+5.00000000E-05,+0.00000000E-05,+5.00000000E-05\u000a
p9
aV+0.00000000E-05,+1.00000000E-04,+0.00000000E-05,+1.00000000E-04,-1.50000000E-04,+0.00000000E-05,+0.00000000E-05,+5.00000000E-05,+0.00000000E-05,+5.00000000E-05\u000a
p10
aV+0.00000000E-05,+5.00000000E-05,-5.00000000E-05,+1.50000000E-04,-5.00000000E-05,-5.00000000E-05,-5.00000000E-05,+0.00000000E-05,-5.00000000E-05,+0.00000000E-05\u000a
p11
aV-5.00000000E-05,+5.00000000E-05,+0.00000000E-05,+1.00000000E-04,-1.00000000E-04,-5.00000000E-05,+0.00000000E-05,-5.00000000E-05,+0.00000000E-05,+5.00000000E-05\u000a
p12
aV+5.00000000E-05,-5.00000000E-05,+5.00000000E-05,+0.00000000E-05,+5.00000000E-05,+5.00000000E-05,+5.00000000E-05,+5.00000000E-05,-5.00000000E-05,+0.00000000E-05\u000a
p13
aV+1.50000000E-04,-5.00000000E-05,+5.00000000E-05,+0.00000000E-05,+0.00000000E-05,+5.00000000E-05,-5.00000000E-05,+0.00000000E-05,-5.00000000E-05,+0.00000000E-05\u000a
p14
aV-5.00000000E-05,+1.50000000E-04,+1.00000000E-04,+0.00000000E-05,+5.00000000E-05,-5.00000000E-05,+0.00000000E-05,+0.00000000E-05,+0.00000000E-05,+0.00000000E-05\u000a
p15
aV+5.00000000E-05,+0.00000000E-05,+1.00000000E-04,-5.00000000E-05,+0.00000000E-05,+5.00000000E-05,-5.00000000E-05,+0.00000000E-05,-1.00000000E-04,-5.00000000E-05\u000a
p16
aV+0.00000000E-05,+0.00000000E-05,+0.00000000E-05,+0.00000000E-05,-5.00000000E-05,+0.00000000E-05,+5.00000000E-05,+5.00000000E-05,-5.00000000E-05,+1.00000000E-04\u000a
p17
aV-5.00000000E-05,+5.00000000E-05,+5.00000000E-05,-5.00000000E-05,+1.00000000E-04,-5.00000000E-05,-5.00000000E-05,+5.00000000E-05,+5.00000000E-05,+0.00000000E-05\u000a
p18
aV+0.00000000E-05,+0.00000000E-05,+0.00000000E-05,+5.00000000E-05,-1.00000000E-04,-5.00000000E-05,+0.00000000E-05,+5.00000000E-05,+5.00000000E-05,+0.00000000E-05\u000a
p19
aV-5.00000000E-05,-5.00000000E-05,-5.00000000E-05,-5.00000000E-05,+0.00000000E-05,+0.00000000E-05,-5.00000000E-05,+5.00000000E-05,+5.00000000E-05,-5.00000000E-05\u000a
p20
aV+5.00000000E-05,+0.00000000E-05,-1.00000000E-04,+1.00000000E-04,+5.00000000E-05,-5.00000000E-05,+0.00000000E-05,+0.00000000E-05,+5.00000000E-05,+1.00000000E-04\u000a
p21
aV-5.00000000E-05,-5.00000000E-05,+5.00000000E-05,-1.00000000E-04,+0.00000000E-05,+5.00000000E-05,+0.00000000E-05,-5.00000000E-05,+0.00000000E-05,-5.00000000E-05\u000a
p22
aV-5.00000000E-05,-5.00000000E-05,+5.00000000E-05,-5.00000000E-05,-5.00000000E-05,-5.00000000E-05,-1.00000000E-04,+0.00000000E-05,+5.00000000E-05,+0.00000000E-05\u000a
p23
aV+5.00000000E-05,+5.00000000E-05,-1.00000000E-04,+5.00000000E-05,+0.00000000E-05,+0.00000000E-05,+0.00000000E-05,-2.10000000E-04,+5.00000000E-05,+5.00000000E-05\u000a
p24
aV+0.00000000E-05,+0.00000000E-05,+5.00000000E-05,-5.00000000E-05,+5.00000000E-05,-1.50000000E-04,-5.00000000E-05,+5.00000000E-05,+0.00000000E-05,-1.00000000E-04\u000a
p25
aV-5.00000000E-05,+0.00000000E-05,-5.00000000E-05,+0.00000000E-05,-5.00000000E-05,-5.00000000E-05,+0.00000000E-05,-5.00000000E-05,+0.00000000E-05,-1.00000000E-04\u000a
p26
aV-1.00000000E-04,-5.00000000E-05,+5.00000000E-05,+0.00000000E-05,-5.00000000E-05,+1.00000000E-04,+0.00000000E-05,+5.00000000E-05,-5.00000000E-05,-5.00000000E-05\u000a
p27
aV+0.00000000E-05,+5.00000000E-05,+0.00000000E-05,+0.00000000E-05,+5.00000000E-05,+0.00000000E-05,-5.00000000E-05,-5.00000000E-05,+5.00000000E-05,+5.00000000E-05\u000a
p28
aV-1.50000000E-04,+0.00000000E-05,+5.00000000E-05,-5.00000000E-05,-5.00000000E-05,-5.00000000E-05,-5.00000000E-05,+5.00000000E-05,-1.00000000E-04,-1.50000000E-04\u000a
p29
aV-5.00000000E-05,+0.00000000E-05,-5.00000000E-05,-1.00000000E-04,+0.00000000E-05,+5.00000000E-05,+0.00000000E-05,+0.00000000E-05,-5.00000000E-05,-5.00000000E-05\u000a
p30
aV+0.00000000E-05,-5.00000000E-05,-5.00000000E-05,-2.60000000E-04,-5.00000000E-05,+0.00000000E-05,+0.00000000E-05,+0.00000000E-05,+5.00000000E-05,+1.00000000E-04\u000a
p31
aV+0.00000000E-05,-5.00000000E-05,-5.00000000E-05,+0.00000000E-05,+5.00000000E-05,+5.00000000E-05,+0.00000000E-05,+0.00000000E-05,+5.00000000E-05,-5.00000000E-05\u000a
p32
aV+0.00000000E-05,-5.00000000E-05,-1.00000000E-04,-5.00000000E-05,-5.00000000E-05,-1.00000000E-04,-1.00000000E-04,+0.00000000E-05,-1.00000000E-04,-1.00000000E-04\u000a
p33
aV+0.00000000E-05,+5.00000000E-05,+5.00000000E-05,+0.00000000E-05,-5.00000000E-05,-5.00000000E-05,-5.00000000E-05,+5.00000000E-05,-1.00000000E-04,+0.00000000E-05\u000a
p34
aV+5.00000000E-05,-5.00000000E-05,-5.00000000E-05,+5.00000000E-05,+0.00000000E-05,+0.00000000E-05,-5.00000000E-05,-5.00000000E-05,-5.00000000E-05,-5.00000000E-05\u000a
p35
aV+1.50000000E-04,+0.00000000E-05,-1.00000000E-04,-1.00000000E-04,-5.00000000E-05,-5.00000000E-05,+0.00000000E-05,-5.00000000E-05,-1.50000000E-04,-5.00000000E-05\u000a
p36
aV-5.00000000E-05,-5.00000000E-05,+0.00000000E-05,-1.00000000E-04,+0.00000000E-05,-2.10000000E-04,+0.00000000E-05,+0.00000000E-05,-5.00000000E-05,-5.00000000E-05\u000a
p37
aV+0.00000000E-05,+0.00000000E-05,-1.50000000E-04,-1.50000000E-04,-1.00000000E-04,+5.00000000E-05,-5.00000000E-05,+5.00000000E-05,-2.10000000E-04,+0.00000000E-05\u000a
p38
aV-5.00000000E-05,+5.00000000E-05,+1.00000000E-04,-1.00000000E-04,+1.00000000E-04,+0.00000000E-05,-1.00000000E-04,+0.00000000E-05,-5.00000000E-05,+0.00000000E-05\u000a
p39
aV-1.00000000E-04,-1.00000000E-04,-1.00000000E-04,+0.00000000E-05,-1.00000000E-04,+0.00000000E-05,-1.00000000E-04,-1.00000000E-04,+1.00000000E-04,-5.00000000E-05\u000a
p40
aV+0.00000000E-05,-5.00000000E-05,-1.00000000E-04,+0.00000000E-05,-1.00000000E-04,+0.00000000E-05,-5.00000000E-05,+0.00000000E-05,+0.00000000E-05,+0.00000000E-05\u000a
p41
aV-1.00000000E-04,-5.00000000E-05,+0.00000000E-05,-5.00000000E-05,+0.00000000E-05,-5.00000000E-05,+0.00000000E-05,+0.00000000E-05,+0.00000000E-05,-1.50000000E-04\u000a
p42
aV-1.00000000E-04,-5.00000000E-05,+5.00000000E-05,-1.00000000E-04,+0.00000000E-05,+0.00000000E-05,-1.00000000E-04,-5.00000000E-05,-1.00000000E-04,-5.00000000E-05\u000a
p43
aV+0.00000000E-05,-1.00000000E-04,-1.50000000E-04,-1.00000000E-04,-5.00000000E-05,+0.00000000E-05,+0.00000000E-05,-5.00000000E-05,-1.00000000E-04,+0.00000000E-05\u000a
p44
aV+5.00000000E-05,+0.00000000E-05,-1.00000000E-04,+5.00000000E-05,-1.00000000E-04,-5.00000000E-05,+0.00000000E-05,-5.00000000E-05,+5.00000000E-05,-5.00000000E-05\u000a
p45
aV+0.00000000E-05,-2.60000000E-04,-1.00000000E-04,-1.50000000E-04,-1.00000000E-04,-1.00000000E-04,-5.00000000E-05,-5.00000000E-05,+0.00000000E-05,-5.00000000E-05\u000a
p46
aV-1.00000000E-04,+0.00000000E-05,+1.00000000E-04,-1.50000000E-04,+1.00000000E-04,-5.00000000E-05,-5.00000000E-05,-5.00000000E-05,-5.00000000E-05,-1.00000000E-04\u000a
p47
aV+0.00000000E-05,-5.00000000E-05,-5.00000000E-05,+0.00000000E-05,-5.00000000E-05,-5.00000000E-05,-5.00000000E-05,+0.00000000E-05,-1.00000000E-04,+1.00000000E-04\u000a
p48
aV-5.00000000E-05,-1.50000000E-04,-5.00000000E-05,-5.00000000E-05,-1.50000000E-04,+0.00000000E-05,+0.00000000E-05,-5.00000000E-05,+0.00000000E-05,+0.00000000E-05\u000a
p49
aV+5.00000000E-05,+5.00000000E-05,-1.00000000E-04,+5.00000000E-05,+0.00000000E-05,-5.00000000E-05,-1.00000000E-04,-5.00000000E-05,-5.00000000E-05,-5.00000000E-05\u000a
p50
aV+5.00000000E-05,-5.00000000E-05,-1.00000000E-04,+1.00000000E-04,-5.00000000E-05,-5.00000000E-05,+0.00000000E-05,+5.00000000E-05,+0.00000000E-05,+0.00000000E-05\u000a
p51
aV+5.00000000E-05,+5.00000000E-05,-5.00000000E-05,-5.00000000E-05,+0.00000000E-05,-5.00000000E-05,+5.00000000E-05,+5.00000000E-05,-1.00000000E-04,+5.00000000E-05\u000a
p52
aV+0.00000000E-05,+1.00000000E-04,+0.00000000E-05,+5.00000000E-05,+0.00000000E-05,-1.00000000E-04,-5.00000000E-05,-5.00000000E-05,+0.00000000E-05,-3.10000000E-04\u000a
p53
aV+0.00000000E-05,-5.00000000E-05,+0.00000000E-05,-5.00000000E-05,+0.00000000E-05,-5.00000000E-05,+0.00000000E-05,-1.00000000E-04,-5.00000000E-05,-1.00000000E-04\u000a
p54
aV+0.00000000E-05,-5.00000000E-05,-1.50000000E-04,+0.00000000E-05,-1.00000000E-04,-1.00000000E-04,-5.00000000E-05,-1.50000000E-04,-5.00000000E-05,-1.00000000E-04\u000a
p55
aV-5.00000000E-05,+0.00000000E-05,+0.00000000E-05,+0.00000000E-05,-5.00000000E-05,-5.00000000E-05,+0.00000000E-05,-5.00000000E-05,+0.00000000E-05,-1.00000000E-04\u000a
p56
aV+5.00000000E-05,-5.00000000E-05,+0.00000000E-05,+0.00000000E-05,-5.00000000E-05,-5.00000000E-05,-5.00000000E-05,-1.00000000E-04,-1.00000000E-04,-5.00000000E-05\u000a
p57
aV-5.00000000E-05,-1.00000000E-04,+0.00000000E-05,-5.00000000E-05,+0.00000000E-05,+0.00000000E-05,-2.10000000E-04,-1.00000000E-04,+0.00000000E-05,+0.00000000E-05\u000a
p58
aV+0.00000000E-05,+5.00000000E-05,+5.00000000E-05,-2.10000000E-04,+5.00000000E-05,+5.00000000E-05,+0.00000000E-05,+0.00000000E-05,+0.00000000E-05,+0.00000000E-05\u000a
p59
aV+5.00000000E-05,+5.00000000E-05,+5.00000000E-05,-5.00000000E-05,+5.00000000E-05,+1.00000000E-04,+1.50000000E-04,+1.50000000E-04,+1.00000000E-04,+5.00000000E-05\u000a
p60
aV+3.10000000E-04,+2.60000000E-04,+2.60000000E-04,+3.60000000E-04,+3.10000000E-04,+2.10000000E-04,+2.60000000E-04,+3.10000000E-04,+2.60000000E-04,+3.10000000E-04\u000a
p61
aV+5.10000000E-04,+5.70000000E-04,+6.20000000E-04,+5.10000000E-04,+6.20000000E-04,+6.70000000E-04,+4.60000000E-04,+5.70000000E-04,+5.70000000E-04,+5.10000000E-04\u000a
p62
aV+5.70000000E-04,+6.20000000E-04,+5.10000000E-04,+5.70000000E-04,+5.70000000E-04,+6.20000000E-04,+4.10000000E-04,+6.70000000E-04,+5.70000000E-04,+5.70000000E-04\u000a
p63
aV+1.39000000E-03,+1.34000000E-03,+1.29000000E-03,+1.34000000E-03,+1.44000000E-03,+1.44000000E-03,+1.39000000E-03,+1.13000000E-03,+1.44000000E-03,+1.44000000E-03\u000a
p64
aV+1.85000000E-03,+1.96000000E-03,+1.90000000E-03,+2.01000000E-03,+1.90000000E-03,+1.85000000E-03,+1.96000000E-03,+1.85000000E-03,+1.85000000E-03,+1.96000000E-03\u000a
p65
aV+2.42000000E-03,+2.26000000E-03,+2.32000000E-03,+2.47000000E-03,+2.32000000E-03,+2.42000000E-03,+2.32000000E-03,+2.37000000E-03,+2.42000000E-03,+2.52000000E-03\u000a
p66
aV+2.98000000E-03,+2.83000000E-03,+2.98000000E-03,+2.98000000E-03,+2.88000000E-03,+2.93000000E-03,+2.98000000E-03,+2.88000000E-03,+2.98000000E-03,+2.98000000E-03\u000a
p67
aV+3.45000000E-03,+3.50000000E-03,+3.35000000E-03,+3.45000000E-03,+3.35000000E-03,+3.35000000E-03,+3.45000000E-03,+3.50000000E-03,+3.40000000E-03,+3.45000000E-03\u000a
p68
aV+4.17000000E-03,+4.07000000E-03,+4.01000000E-03,+4.01000000E-03,+4.01000000E-03,+4.07000000E-03,+4.07000000E-03,+3.96000000E-03,+3.96000000E-03,+4.01000000E-03\u000a
p69
aV+4.43000000E-03,+4.58000000E-03,+4.58000000E-03,+4.43000000E-03,+4.58000000E-03,+4.58000000E-03,+4.43000000E-03,+4.63000000E-03,+4.48000000E-03,+4.53000000E-03\u000a
p70
aV+5.04000000E-03,+4.99000000E-03,+5.10000000E-03,+5.04000000E-03,+5.04000000E-03,+5.04000000E-03,+4.79000000E-03,+5.04000000E-03,+5.15000000E-03,+5.15000000E-03\u000a
p71
aV+5.04000000E-03,+5.04000000E-03,+5.10000000E-03,+5.04000000E-03,+5.04000000E-03,+4.99000000E-03,+5.15000000E-03,+5.04000000E-03,+5.15000000E-03,+5.04000000E-03\u000a
p72
aV+6.12000000E-03,+6.18000000E-03,+6.28000000E-03,+6.23000000E-03,+6.23000000E-03,+6.23000000E-03,+6.12000000E-03,+6.18000000E-03,+6.18000000E-03,+6.28000000E-03\u000a
p73
aV+6.79000000E-03,+6.74000000E-03,+6.74000000E-03,+6.79000000E-03,+6.84000000E-03,+6.79000000E-03,+6.90000000E-03,+6.79000000E-03,+6.74000000E-03,+6.79000000E-03\u000a
p74
aV+7.36000000E-03,+7.21000000E-03,+7.10000000E-03,+7.36000000E-03,+7.15000000E-03,+7.10000000E-03,+7.26000000E-03,+7.21000000E-03,+7.21000000E-03,+7.15000000E-03\u000a
p75
aV+7.15000000E-03,+7.21000000E-03,+7.26000000E-03,+7.31000000E-03,+7.36000000E-03,+7.21000000E-03,+7.21000000E-03,+7.21000000E-03,+7.26000000E-03,+7.10000000E-03\u000a
p76
aV+8.34000000E-03,+8.34000000E-03,+8.34000000E-03,+8.34000000E-03,+8.34000000E-03,+8.44000000E-03,+8.34000000E-03,+8.44000000E-03,+8.23000000E-03,+8.29000000E-03\u000a
p77
aV+8.80000000E-03,+8.85000000E-03,+8.80000000E-03,+8.80000000E-03,+8.85000000E-03,+8.85000000E-03,+8.80000000E-03,+8.85000000E-03,+8.85000000E-03,+8.90000000E-03\u000a
p78
aV+9.42000000E-03,+9.26000000E-03,+9.11000000E-03,+9.32000000E-03,+9.21000000E-03,+9.21000000E-03,+9.32000000E-03,+9.26000000E-03,+9.21000000E-03,+9.26000000E-03\u000a
p79
aV+9.93000000E-03,+9.88000000E-03,+9.98000000E-03,+9.83000000E-03,+9.83000000E-03,+9.88000000E-03,+9.93000000E-03,+9.88000000E-03,+9.88000000E-03,+9.88000000E-03\u000a
p80
aV+1.02900000E-02,+1.02900000E-02,+1.04500000E-02,+1.02400000E-02,+1.02900000E-02,+1.04000000E-02,+1.02400000E-02,+1.03400000E-02,+1.02900000E-02,+1.00400000E-02\u000a
p81
aV+1.07000000E-02,+1.06500000E-02,+1.08100000E-02,+1.08100000E-02,+1.07000000E-02,+1.08600000E-02,+1.07600000E-02,+1.08100000E-02,+1.08600000E-02,+1.08100000E-02\u000a
p82
aV+1.07600000E-02,+1.08100000E-02,+1.08600000E-02,+1.07000000E-02,+1.08100000E-02,+1.08100000E-02,+1.07000000E-02,+1.07000000E-02,+1.07600000E-02,+1.07600000E-02\u000a
p83
aV+1.16800000E-02,+1.16800000E-02,+1.16300000E-02,+1.17900000E-02,+1.17300000E-02,+1.17900000E-02,+1.16300000E-02,+1.16300000E-02,+1.16800000E-02,+1.17900000E-02\u000a
p84
aV+1.20900000E-02,+1.20900000E-02,+1.20900000E-02,+1.22000000E-02,+1.20400000E-02,+1.20900000E-02,+1.22500000E-02,+1.21500000E-02,+1.22000000E-02,+1.21500000E-02\u000a
p85
aV+1.26100000E-02,+1.26100000E-02,+1.26100000E-02,+1.26600000E-02,+1.26600000E-02,+1.26100000E-02,+1.26600000E-02,+1.26100000E-02,+1.26600000E-02,+1.26100000E-02\u000a
p86
aV+1.32800000E-02,+1.32800000E-02,+1.30700000E-02,+1.30700000E-02,+1.32800000E-02,+1.30700000E-02,+1.31800000E-02,+1.32800000E-02,+1.32300000E-02,+1.31800000E-02\u000a
p87
aV+1.35400000E-02,+1.35900000E-02,+1.34300000E-02,+1.35900000E-02,+1.36400000E-02,+1.35400000E-02,+1.35900000E-02,+1.36400000E-02,+1.35400000E-02,+1.36400000E-02\u000a
p88
aV+1.40000000E-02,+1.41000000E-02,+1.39500000E-02,+1.40500000E-02,+1.40500000E-02,+1.40500000E-02,+1.40000000E-02,+1.40000000E-02,+1.41000000E-02,+1.40000000E-02\u000a
p89
aV+1.43600000E-02,+1.43100000E-02,+1.44100000E-02,+1.44600000E-02,+1.44600000E-02,+1.43100000E-02,+1.44100000E-02,+1.44100000E-02,+1.45100000E-02,+1.43600000E-02\u000a
p90
aV+1.48200000E-02,+1.48700000E-02,+1.48200000E-02,+1.49800000E-02,+1.48200000E-02,+1.49200000E-02,+1.48700000E-02,+1.49200000E-02,+1.48700000E-02,+1.49200000E-02\u000a
p91
aV+1.52300000E-02,+1.52900000E-02,+1.52900000E-02,+1.51800000E-02,+1.52300000E-02,+1.52900000E-02,+1.53400000E-02,+1.52300000E-02,+1.52900000E-02,+1.51800000E-02\u000a
p92
aV+1.57500000E-02,+1.57000000E-02,+1.57500000E-02,+1.57000000E-02,+1.58000000E-02,+1.57500000E-02,+1.58000000E-02,+1.57500000E-02,+1.59000000E-02,+1.58500000E-02\u000a
p93
aV+1.61100000E-02,+1.61100000E-02,+1.61100000E-02,+1.61600000E-02,+1.61600000E-02,+1.61600000E-02,+1.61600000E-02,+1.61600000E-02,+1.62600000E-02,+1.61600000E-02\u000a
p94
aV+1.66200000E-02,+1.66700000E-02,+1.67300000E-02,+1.67300000E-02,+1.65700000E-02,+1.65700000E-02,+1.66700000E-02,+1.66200000E-02,+1.66700000E-02,+1.66700000E-02\u000a
p95
aV+1.69300000E-02,+1.69300000E-02,+1.70300000E-02,+1.69300000E-02,+1.70300000E-02,+1.68800000E-02,+1.69800000E-02,+1.70900000E-02,+1.69300000E-02,+1.69300000E-02\u000a
p96
aV+1.75000000E-02,+1.73400000E-02,+1.74500000E-02,+1.74000000E-02,+1.75500000E-02,+1.74500000E-02,+1.74000000E-02,+1.74000000E-02,+1.73400000E-02,+1.74000000E-02\u000a
p97
aV+1.77600000E-02,+1.77000000E-02,+1.78100000E-02,+1.79100000E-02,+1.79100000E-02,+1.77600000E-02,+1.77600000E-02,+1.78100000E-02,+1.78100000E-02,+1.77000000E-02\u000a
p98
aV+1.82200000E-02,+1.82700000E-02,+1.81700000E-02,+1.83700000E-02,+1.82700000E-02,+1.82200000E-02,+1.82700000E-02,+1.82200000E-02,+1.82700000E-02,+1.81700000E-02\u000a
p99
aV+1.87300000E-02,+1.87300000E-02,+1.86800000E-02,+1.86800000E-02,+1.86800000E-02,+1.86300000E-02,+1.87300000E-02,+1.86800000E-02,+1.86300000E-02,+1.86800000E-02\u000a
p100
aV+1.90900000E-02,+1.90400000E-02,+1.90900000E-02,+1.90400000E-02,+1.90400000E-02,+1.90400000E-02,+1.90900000E-02,+1.91500000E-02,+1.90400000E-02,+1.90400000E-02\u000a
p101
aV+1.96100000E-02,+1.95100000E-02,+1.95600000E-02,+1.94500000E-02,+1.96100000E-02,+1.94500000E-02,+1.95600000E-02,+1.94000000E-02,+1.95100000E-02,+1.94000000E-02\u000a
p102
aV+1.97600000E-02,+1.98700000E-02,+1.98100000E-02,+1.98100000E-02,+1.98100000E-02,+1.98100000E-02,+1.98700000E-02,+1.98700000E-02,+1.99700000E-02,+1.99200000E-02\u000a
p103
aV+2.03300000E-02,+2.02300000E-02,+2.02800000E-02,+2.02800000E-02,+2.02800000E-02,+2.02800000E-02,+2.03800000E-02,+2.01200000E-02,+2.03300000E-02,+2.02800000E-02\u000a
p104
aV+2.06400000E-02,+2.06400000E-02,+2.06400000E-02,+2.05300000E-02,+2.06400000E-02,+2.05300000E-02,+2.06400000E-02,+2.05900000E-02,+2.05900000E-02,+2.05900000E-02\u000a
p105
aV+2.10500000E-02,+2.10500000E-02,+2.11000000E-02,+2.10500000E-02,+2.11500000E-02,+2.11000000E-02,+2.10500000E-02,+2.10500000E-02,+2.11000000E-02,+2.11000000E-02\u000a
p106
aV+2.15100000E-02,+2.15100000E-02,+2.14100000E-02,+2.13600000E-02,+2.13600000E-02,+2.14600000E-02,+2.14600000E-02,+2.13600000E-02,+2.14600000E-02,+2.13600000E-02\u000a
p107
aV+2.17200000E-02,+2.18700000E-02,+2.18700000E-02,+2.17700000E-02,+2.18700000E-02,+2.16700000E-02,+2.17200000E-02,+2.18700000E-02,+2.18200000E-02,+2.18200000E-02\u000a
p108
aV+2.21800000E-02,+2.21800000E-02,+2.21800000E-02,+2.20800000E-02,+2.21800000E-02,+2.21300000E-02,+2.20800000E-02,+2.21800000E-02,+2.22300000E-02,+2.21800000E-02\u000a
p109
aV+2.27000000E-02,+2.27000000E-02,+2.26400000E-02,+2.26400000E-02,+2.25400000E-02,+2.25900000E-02,+2.25900000E-02,+2.26400000E-02,+2.25900000E-02,+2.25900000E-02\u000a
p110
aV+2.30600000E-02,+2.31600000E-02,+2.31100000E-02,+2.31100000E-02,+2.30000000E-02,+2.31100000E-02,+2.31100000E-02,+2.31600000E-02,+2.31100000E-02,+2.31600000E-02\u000a
p111
aV+2.38800000E-02,+2.39300000E-02,+2.39300000E-02,+2.39300000E-02,+2.39800000E-02,+2.38800000E-02,+2.38800000E-02,+2.39300000E-02,+2.39800000E-02,+2.38800000E-02\u000a
p112
aV+2.48600000E-02,+2.49600000E-02,+2.47500000E-02,+2.48100000E-02,+2.48600000E-02,+2.48100000E-02,+2.48600000E-02,+2.48600000E-02,+2.47500000E-02,+2.48100000E-02\u000a
p113
aV+2.64000000E-02,+2.63000000E-02,+2.62500000E-02,+2.63500000E-02,+2.62000000E-02,+2.63500000E-02,+2.63500000E-02,+2.64000000E-02,+2.62500000E-02,+2.63000000E-02\u000a
p114
aV+2.80000000E-02,+2.80000000E-02,+2.79500000E-02,+2.79500000E-02,+2.79500000E-02,+2.78400000E-02,+2.79500000E-02,+2.80000000E-02,+2.78400000E-02,+2.79500000E-02\u000a
p115
aV+2.92300000E-02,+2.95400000E-02,+2.95900000E-02,+2.95400000E-02,+2.95400000E-02,+2.95900000E-02,+2.94400000E-02,+2.95900000E-02,+2.96400000E-02,+2.95400000E-02\u000a
p116
aV+3.20100000E-02,+3.19100000E-02,+3.19100000E-02,+3.17500000E-02,+3.19600000E-02,+3.19100000E-02,+3.18600000E-02,+3.19100000E-02,+3.19100000E-02,+3.19100000E-02\u000a
p117
aV+3.38100000E-02,+3.38600000E-02,+3.38100000E-02,+3.38600000E-02,+3.37100000E-02,+3.39700000E-02,+3.39200000E-02,+3.38100000E-02,+3.38600000E-02,+3.39200000E-02\u000a
p118
aV+3.64400000E-02,+3.64900000E-02,+3.63900000E-02,+3.66400000E-02,+3.63900000E-02,+3.63300000E-02,+3.64900000E-02,+3.62300000E-02,+3.64400000E-02,+3.63900000E-02\u000a
p119
aV+3.87500000E-02,+3.86500000E-02,+3.86500000E-02,+3.88600000E-02,+3.87000000E-02,+3.87500000E-02,+3.87000000E-02,+3.87000000E-02,+3.88600000E-02,+3.87000000E-02\u000a
p120
aV+4.17400000E-02,+4.15800000E-02,+4.16900000E-02,+4.17400000E-02,+4.16900000E-02,+4.17900000E-02,+4.17400000E-02,+4.17400000E-02,+4.18400000E-02,+4.18400000E-02\u000a
p121
aV+4.41100000E-02,+4.40500000E-02,+4.40000000E-02,+4.41600000E-02,+4.41100000E-02,+4.41100000E-02,+4.42100000E-02,+4.41600000E-02,+4.41100000E-02,+4.42600000E-02\u000a
p122
aV+4.70400000E-02,+4.71900000E-02,+4.71900000E-02,+4.71400000E-02,+4.71900000E-02,+4.71400000E-02,+4.71900000E-02,+4.71400000E-02,+4.70900000E-02,+4.70900000E-02\u000a
p123
aV+4.98200000E-02,+4.98200000E-02,+4.97200000E-02,+4.95600000E-02,+4.97200000E-02,+4.97700000E-02,+4.97700000E-02,+4.98200000E-02,+4.97700000E-02,+4.98700000E-02\u000a
p124
aV+5.33700000E-02,+5.32700000E-02,+5.33200000E-02,+5.32200000E-02,+5.33700000E-02,+5.32700000E-02,+5.32200000E-02,+5.32700000E-02,+5.32700000E-02,+5.32700000E-02\u000a
p125
aV+5.61000000E-02,+5.61000000E-02,+5.60500000E-02,+5.61500000E-02,+5.59900000E-02,+5.61000000E-02,+5.62000000E-02,+5.61000000E-02,+5.60500000E-02,+5.61500000E-02\u000a
p126
aV+5.95500000E-02,+5.93900000E-02,+5.93400000E-02,+5.95500000E-02,+5.93900000E-02,+5.93900000E-02,+5.94900000E-02,+5.94900000E-02,+5.93400000E-02,+5.93900000E-02\u000a
p127
aV+6.29400000E-02,+6.29400000E-02,+6.29900000E-02,+6.30400000E-02,+6.29900000E-02,+6.31000000E-02,+6.29400000E-02,+6.30400000E-02,+6.29900000E-02,+6.29900000E-02\u000a
p128
aV+6.58800000E-02,+6.58800000E-02,+6.58800000E-02,+6.58200000E-02,+6.58800000E-02,+6.58800000E-02,+6.60800000E-02,+6.59300000E-02,+6.58800000E-02,+6.58800000E-02\u000a
p129
aV+6.95300000E-02,+6.94800000E-02,+6.93800000E-02,+6.93800000E-02,+6.93800000E-02,+6.95300000E-02,+6.95800000E-02,+6.95300000E-02,+6.94800000E-02,+6.95300000E-02\u000a
p130
aV+7.25700000E-02,+7.26200000E-02,+7.26700000E-02,+7.26200000E-02,+7.27200000E-02,+7.25700000E-02,+7.25700000E-02,+7.26200000E-02,+7.26200000E-02,+7.25700000E-02\u000a
p131
aV+7.66300000E-02,+7.66800000E-02,+7.64800000E-02,+7.65800000E-02,+7.65800000E-02,+7.65800000E-02,+7.66300000E-02,+7.65800000E-02,+7.66300000E-02,+7.66300000E-02\u000a
p132
aV+7.96700000E-02,+7.97200000E-02,+7.97200000E-02,+7.97200000E-02,+7.97200000E-02,+7.96700000E-02,+7.97700000E-02,+7.97700000E-02,+7.97700000E-02,+7.98200000E-02\u000a
p133
aV+8.34800000E-02,+8.35800000E-02,+8.35800000E-02,+8.34300000E-02,+8.36300000E-02,+8.35300000E-02,+8.34800000E-02,+8.34800000E-02,+8.36300000E-02,+8.35300000E-02\u000a
p134
aV+8.68200000E-02,+8.68200000E-02,+8.68700000E-02,+8.67200000E-02,+8.68700000E-02,+8.67700000E-02,+8.67200000E-02,+8.68200000E-02,+8.67700000E-02,+8.67700000E-02\u000a
p135
aV+9.09400000E-02,+9.09900000E-02,+9.09400000E-02,+9.09900000E-02,+9.09900000E-02,+9.10400000E-02,+9.10900000E-02,+9.09900000E-02,+9.10900000E-02,+9.09900000E-02\u000a
p136
aV+9.44400000E-02,+9.45400000E-02,+9.44900000E-02,+9.45400000E-02,+9.45400000E-02,+9.45900000E-02,+9.45400000E-02,+9.45900000E-02,+9.44900000E-02,+9.45900000E-02\u000a
p137
aV+9.84000000E-02,+9.84000000E-02,+9.83500000E-02,+9.83000000E-02,+9.83500000E-02,+9.83500000E-02,+9.84000000E-02,+9.84000000E-02,+9.83500000E-02,+9.85000000E-02\u000a
p138
aV+1.00250000E-01,+1.00200000E-01,+1.00360000E-01,+1.00200000E-01,+1.00150000E-01,+1.00200000E-01,+1.00250000E-01,+1.00100000E-01,+1.00250000E-01,+1.00050000E-01\u000a
p139
aV+1.04110000E-01,+1.04370000E-01,+1.04370000E-01,+1.04170000E-01,+1.04320000E-01,+1.04270000E-01,+1.04170000E-01,+1.04220000E-01,+1.04320000E-01,+1.04170000E-01\u000a
p140
aV+1.07670000E-01,+1.07720000E-01,+1.07720000E-01,+1.07670000E-01,+1.07770000E-01,+1.07770000E-01,+1.07670000E-01,+1.07670000E-01,+1.07720000E-01,+1.07720000E-01\u000a
p141
aV+1.12040000E-01,+1.11990000E-01,+1.11940000E-01,+1.12040000E-01,+1.12040000E-01,+1.11940000E-01,+1.12040000E-01,+1.12090000E-01,+1.11990000E-01,+1.11940000E-01\u000a
p142
aV+1.16210000E-01,+1.16110000E-01,+1.16050000E-01,+1.16160000E-01,+1.16050000E-01,+1.16160000E-01,+1.16210000E-01,+1.16160000E-01,+1.16160000E-01,+1.16210000E-01\u000a
p143
aV+1.19710000E-01,+1.19810000E-01,+1.19610000E-01,+1.19660000E-01,+1.19760000E-01,+1.19760000E-01,+1.19760000E-01,+1.19760000E-01,+1.19660000E-01,+1.19760000E-01\u000a
p144
aV+1.24490000E-01,+1.24550000E-01,+1.24550000E-01,+1.24490000E-01,+1.24490000E-01,+1.24490000E-01,+1.24600000E-01,+1.24550000E-01,+1.24600000E-01,+1.24600000E-01\u000a
p145
aV+1.28100000E-01,+1.28050000E-01,+1.28100000E-01,+1.28150000E-01,+1.28100000E-01,+1.28150000E-01,+1.28050000E-01,+1.28050000E-01,+1.28100000E-01,+1.28150000E-01\u000a
p146
aV+1.32520000E-01,+1.32520000E-01,+1.32470000E-01,+1.32520000E-01,+1.32320000E-01,+1.32470000E-01,+1.32520000E-01,+1.32520000E-01,+1.32520000E-01,+1.32630000E-01\u000a
p147
aV+1.36330000E-01,+1.36280000E-01,+1.36180000E-01,+1.36280000E-01,+1.36230000E-01,+1.36280000E-01,+1.36330000E-01,+1.36180000E-01,+1.36180000E-01,+1.36380000E-01\u000a
p148
aV+1.40860000E-01,+1.40960000E-01,+1.40910000E-01,+1.40910000E-01,+1.40960000E-01,+1.40960000E-01,+1.40960000E-01,+1.40960000E-01,+1.40910000E-01,+1.40860000E-01\u000a
p149
aV+1.44720000E-01,+1.44670000E-01,+1.44720000E-01,+1.44720000E-01,+1.44670000E-01,+1.44620000E-01,+1.44720000E-01,+1.44720000E-01,+1.44570000E-01,+1.44770000E-01\u000a
p150
aV+1.49090000E-01,+1.49150000E-01,+1.49040000E-01,+1.49090000E-01,+1.49200000E-01,+1.49040000E-01,+1.49040000E-01,+1.49090000E-01,+1.49150000E-01,+1.49090000E-01\u000a
p151
aV+1.52950000E-01,+1.52900000E-01,+1.53010000E-01,+1.53010000E-01,+1.52950000E-01,+1.53010000E-01,+1.53010000E-01,+1.53010000E-01,+1.53110000E-01,+1.52950000E-01\u000a
p152
aV+1.57840000E-01,+1.57840000E-01,+1.58050000E-01,+1.57900000E-01,+1.58260000E-01,+1.58050000E-01,+1.57840000E-01,+1.57900000E-01,+1.58000000E-01,+1.57900000E-01\u000a
p153
aV+1.62010000E-01,+1.61910000E-01,+1.61700000E-01,+1.61960000E-01,+1.61860000E-01,+1.61910000E-01,+1.62010000E-01,+1.61910000E-01,+1.61910000E-01,+1.62010000E-01\u000a
p154
aV+1.66590000E-01,+1.66440000E-01,+1.66590000E-01,+1.66700000E-01,+1.66700000E-01,+1.66750000E-01,+1.66640000E-01,+1.66540000E-01,+1.66750000E-01,+1.66640000E-01\u000a
p155
aV+1.71740000E-01,+1.71740000E-01,+1.71740000E-01,+1.71840000E-01,+1.71690000E-01,+1.71690000E-01,+1.71740000E-01,+1.71840000E-01,+1.71740000E-01,+1.71690000E-01\u000a
p156
aV+1.75750000E-01,+1.75810000E-01,+1.75700000E-01,+1.75960000E-01,+1.75650000E-01,+1.75600000E-01,+1.75700000E-01,+1.75700000E-01,+1.75550000E-01,+1.75700000E-01\u000a
p157
aV+1.80800000E-01,+1.80540000E-01,+1.80540000E-01,+1.80640000E-01,+1.80440000E-01,+1.80690000E-01,+1.80690000E-01,+1.80590000E-01,+1.80590000E-01,+1.80640000E-01\u000a
p158
aV+1.84860000E-01,+1.84810000E-01,+1.84810000E-01,+1.84810000E-01,+1.84710000E-01,+1.84710000E-01,+1.84710000E-01,+1.84810000E-01,+1.84710000E-01,+1.84810000E-01\u000a
p159
aV+1.84970000E-01,+1.84970000E-01,+1.84910000E-01,+1.84970000E-01,+1.84910000E-01,+1.84910000E-01,+1.84910000E-01,+1.85020000E-01,+1.84860000E-01,+1.84910000E-01\u000a
p160
aV+1.94080000E-01,+1.94020000E-01,+1.94080000E-01,+1.93870000E-01,+1.94080000E-01,+1.94230000E-01,+1.94080000E-01,+1.94020000E-01,+1.94130000E-01,+1.94080000E-01\u000a
p161
aV+1.99170000E-01,+1.99120000E-01,+1.99270000E-01,+1.99270000E-01,+1.99120000E-01,+1.99070000E-01,+1.99170000E-01,+1.99220000E-01,+1.99220000E-01,+1.99220000E-01\u000a
p162
aV+2.02980000E-01,+2.03240000E-01,+2.03290000E-01,+2.03340000E-01,+2.03290000E-01,+2.03290000E-01,+2.03290000E-01,+2.03340000E-01,+2.03240000E-01,+2.03290000E-01\u000a
p163
aV+2.09100000E-01,+2.08950000E-01,+2.08950000E-01,+2.08950000E-01,+2.09000000E-01,+2.09050000E-01,+2.09100000E-01,+2.09100000E-01,+2.09000000E-01,+2.09000000E-01\u000a
p164
aV+2.13320000E-01,+2.13320000E-01,+2.13370000E-01,+2.13480000E-01,+2.13320000E-01,+2.13370000E-01,+2.13480000E-01,+2.13370000E-01,+2.13530000E-01,+2.13480000E-01\u000a
p165
aV+2.18470000E-01,+2.18680000E-01,+2.18570000E-01,+2.18570000E-01,+2.18620000E-01,+2.18520000E-01,+2.18570000E-01,+2.18680000E-01,+2.18830000E-01,+2.18570000E-01\u000a
p166
aV+2.23000000E-01,+2.23000000E-01,+2.22900000E-01,+2.23050000E-01,+2.22900000E-01,+2.23100000E-01,+2.23050000E-01,+2.22950000E-01,+2.23050000E-01,+2.22900000E-01\u000a
p167
aV+2.28090000E-01,+2.28150000E-01,+2.28200000E-01,+2.28090000E-01,+2.28200000E-01,+2.28250000E-01,+2.28200000E-01,+2.28200000E-01,+2.28090000E-01,+2.28200000E-01\u000a
p168
aV+2.32830000E-01,+2.32830000E-01,+2.32780000E-01,+2.32780000E-01,+2.32780000E-01,+2.32730000E-01,+2.32830000E-01,+2.32780000E-01,+2.32730000E-01,+2.32730000E-01\u000a
p169
aV+2.37870000E-01,+2.37980000E-01,+2.37870000E-01,+2.37870000E-01,+2.37870000E-01,+2.37870000E-01,+2.37920000E-01,+2.38030000E-01,+2.37870000E-01,+2.37820000E-01\u000a
p170
aV+2.38280000E-01,+2.38180000E-01,+2.38340000E-01,+2.38440000E-01,+2.38230000E-01,+2.38340000E-01,+2.38340000E-01,+2.38230000E-01,+2.38280000E-01,+2.38230000E-01\u000a
p171
aV+2.48370000E-01,+2.48270000E-01,+2.48320000E-01,+2.48470000E-01,+2.48220000E-01,+2.48470000E-01,+2.48470000E-01,+2.48320000E-01,+2.48370000E-01,+2.48420000E-01\u000a
p172
aV+2.53980000E-01,+2.53930000E-01,+2.53830000E-01,+2.53930000E-01,+2.53830000E-01,+2.53930000E-01,+2.53980000E-01,+2.53780000E-01,+2.53880000E-01,+2.53880000E-01\u000a
p173
aV+2.58250000E-01,+2.58360000E-01,+2.58460000E-01,+2.58460000E-01,+2.58360000E-01,+2.58560000E-01,+2.58410000E-01,+2.58460000E-01,+2.58460000E-01,+2.58460000E-01\u000a
p174
aV+2.64430000E-01,+2.64430000E-01,+2.64380000E-01,+2.64380000E-01,+2.64480000E-01,+2.64220000E-01,+2.64380000E-01,+2.64430000E-01,+2.64380000E-01,+2.64220000E-01\u000a
p175
aV+2.69210000E-01,+2.69160000E-01,+2.69160000E-01,+2.69160000E-01,+2.69160000E-01,+2.69210000E-01,+2.69210000E-01,+2.69210000E-01,+2.69160000E-01,+2.69370000E-01\u000a
p176
aV+2.74770000E-01,+2.74770000E-01,+2.74820000E-01,+2.74820000E-01,+2.74880000E-01,+2.74880000E-01,+2.74770000E-01,+2.74720000E-01,+2.74720000E-01,+2.74720000E-01\u000a
p177
aV+2.79820000E-01,+2.79760000E-01,+2.79660000E-01,+2.79760000E-01,+2.79760000E-01,+2.79660000E-01,+2.79660000E-01,+2.79660000E-01,+2.79820000E-01,+2.79760000E-01\u000a
p178
aV+2.85890000E-01,+2.85890000E-01,+2.85940000E-01,+2.85890000E-01,+2.85940000E-01,+2.85940000E-01,+2.85890000E-01,+2.85940000E-01,+2.85890000E-01,+2.85940000E-01\u000a
p179
aV+2.90980000E-01,+2.91090000E-01,+2.91090000E-01,+2.91040000E-01,+2.91040000E-01,+2.91090000E-01,+2.91090000E-01,+2.90980000E-01,+2.91040000E-01,+2.91140000E-01\u000a
p180
aV+2.97010000E-01,+2.97060000E-01,+2.96900000E-01,+2.96850000E-01,+2.96950000E-01,+2.96950000E-01,+2.97010000E-01,+2.97010000E-01,+2.96800000E-01,+2.97010000E-01\u000a
p181
aV+3.00150000E-01,+3.00150000E-01,+3.00090000E-01,+3.00040000E-01,+3.00150000E-01,+3.00040000E-01,+3.00150000E-01,+3.00090000E-01,+3.00040000E-01,+3.00090000E-01\u000a
p182
aV+3.06480000E-01,+3.06480000E-01,+3.06480000E-01,+3.06580000E-01,+3.06480000E-01,+3.06580000E-01,+3.06480000E-01,+3.06480000E-01,+3.06580000E-01,+3.06580000E-01\u000a
p183
aV+3.12390000E-01,+3.12340000E-01,+3.12340000E-01,+3.12390000E-01,+3.12340000E-01,+3.12390000E-01,+3.12340000E-01,+3.12500000E-01,+3.12450000E-01,+3.12340000E-01\u000a
p184
aV+3.17590000E-01,+3.17490000E-01,+3.17640000E-01,+3.17640000E-01,+3.17690000E-01,+3.17640000E-01,+3.17540000E-01,+3.17540000E-01,+3.17640000E-01,+3.17590000E-01\u000a
p185
aV+3.24180000E-01,+3.24180000E-01,+3.24230000E-01,+3.24130000E-01,+3.24230000E-01,+3.24130000E-01,+3.24080000E-01,+3.24280000E-01,+3.24180000E-01,+3.24180000E-01\u000a
p186
aV+3.29530000E-01,+3.29430000E-01,+3.29480000E-01,+3.29630000E-01,+3.29480000E-01,+3.29480000E-01,+3.29580000E-01,+3.29480000E-01,+3.29480000E-01,+3.29630000E-01\u000a
p187
aV+3.34680000E-01,+3.34830000E-01,+3.34830000E-01,+3.34680000E-01,+3.34830000E-01,+3.34730000E-01,+3.34730000E-01,+3.34830000E-01,+3.34630000E-01,+3.34680000E-01\u000a
p188
aV+3.34730000E-01,+3.34630000E-01,+3.34680000E-01,+3.34830000E-01,+3.34780000E-01,+3.34780000E-01,+3.34780000E-01,+3.34730000E-01,+3.34780000E-01,+3.34680000E-01\u000a
p189
aV+3.34780000E-01,+3.34780000E-01,+3.34780000E-01,+3.34580000E-01,+3.34830000E-01,+3.34730000E-01,+3.34780000E-01,+3.34730000E-01,+3.34730000E-01,+3.34830000E-01\u000a
p190
a.