(lp0
V+1.00000000E-03,+1.00000000E-03,+1.60000000E-03,+1.00000000E-03,+1.00000000E-03,+1.60000000E-03,+1.00000000E-03,+1.00000000E-03,+1.60000000E-03,+1.00000000E-03\u000a
p1
aV+9.90000000E-03,+1.04000000E-02,+1.10000000E-02,+1.04000000E-02,+1.04000000E-02,+1.04000000E-02,+1.04000000E-02,+1.04000000E-02,+1.10000000E-02,+1.04000000E-02\u000a
p2
aV+2.19000000E-02,+2.19000000E-02,+2.19000000E-02,+2.14000000E-02,+2.19000000E-02,+2.19000000E-02,+2.19000000E-02,+2.19000000E-02,+2.19000000E-02,+2.19000000E-02\u000a
p3
aV+3.03000000E-02,+2.98000000E-02,+3.03000000E-02,+2.98000000E-02,+3.03000000E-02,+2.98000000E-02,+3.03000000E-02,+3.03000000E-02,+3.03000000E-02,+3.03000000E-02\u000a
p4
aV+4.07000000E-02,+4.07000000E-02,+4.07000000E-02,+4.07000000E-02,+4.02000000E-02,+4.07000000E-02,+4.07000000E-02,+4.13000000E-02,+4.02000000E-02,+4.13000000E-02\u000a
p5
aV+4.96000000E-02,+5.01000000E-02,+5.07000000E-02,+4.96000000E-02,+4.96000000E-02,+5.01000000E-02,+4.96000000E-02,+5.01000000E-02,+5.01000000E-02,+4.96000000E-02\u000a
p6
aV+6.16000000E-02,+6.22000000E-02,+6.16000000E-02,+6.22000000E-02,+6.22000000E-02,+6.22000000E-02,+6.16000000E-02,+6.22000000E-02,+6.22000000E-02,+6.16000000E-02\u000a
p7
aV+7.10000000E-02,+7.10000000E-02,+7.00000000E-02,+7.05000000E-02,+7.05000000E-02,+7.00000000E-02,+7.00000000E-02,+7.05000000E-02,+7.00000000E-02,+7.05000000E-02\u000a
p8
aV+8.10000000E-02,+8.10000000E-02,+8.15000000E-02,+8.10000000E-02,+8.10000000E-02,+8.04000000E-02,+8.10000000E-02,+8.10000000E-02,+8.15000000E-02,+8.10000000E-02\u000a
p9
aV+9.04000000E-02,+9.09000000E-02,+9.04000000E-02,+8.98000000E-02,+9.04000000E-02,+9.04000000E-02,+8.93000000E-02,+9.04000000E-02,+9.04000000E-02,+8.98000000E-02\u000a
p10
aV+1.01300000E-01,+1.01300000E-01,+1.01300000E-01,+1.00800000E-01,+1.01900000E-01,+1.01300000E-01,+1.01300000E-01,+1.01300000E-01,+1.01300000E-01,+1.01300000E-01\u000a
p11
aV+1.10200000E-01,+1.09700000E-01,+1.10200000E-01,+1.10200000E-01,+1.09700000E-01,+1.09700000E-01,+1.09700000E-01,+1.10200000E-01,+1.09700000E-01,+1.10200000E-01\u000a
p12
aV+1.21200000E-01,+1.21200000E-01,+1.20700000E-01,+1.20700000E-01,+1.21200000E-01,+1.21200000E-01,+1.20700000E-01,+1.21700000E-01,+1.20700000E-01,+1.20700000E-01\u000a
p13
aV+1.29500000E-01,+1.29500000E-01,+1.30100000E-01,+1.29500000E-01,+1.30100000E-01,+1.30100000E-01,+1.29500000E-01,+1.29500000E-01,+1.29500000E-01,+1.29000000E-01\u000a
p14
aV+1.41600000E-01,+1.41600000E-01,+1.41600000E-01,+1.41600000E-01,+1.42100000E-01,+1.41600000E-01,+1.42100000E-01,+1.41000000E-01,+1.42100000E-01,+1.41600000E-01\u000a
p15
aV+1.52500000E-01,+1.52500000E-01,+1.52000000E-01,+1.52500000E-01,+1.52000000E-01,+1.52000000E-01,+1.52500000E-01,+1.52500000E-01,+1.52500000E-01,+1.52500000E-01\u000a
p16
aV+1.61400000E-01,+1.60900000E-01,+1.60900000E-01,+1.60900000E-01,+1.60900000E-01,+1.61400000E-01,+1.61400000E-01,+1.60900000E-01,+1.61400000E-01,+1.61400000E-01\u000a
p17
aV+1.71900000E-01,+1.71900000E-01,+1.72400000E-01,+1.72900000E-01,+1.72400000E-01,+1.71900000E-01,+1.72400000E-01,+1.72400000E-01,+1.72400000E-01,+1.71900000E-01\u000a
p18
aV+1.80700000E-01,+1.80700000E-01,+1.80700000E-01,+1.80700000E-01,+1.80700000E-01,+1.80700000E-01,+1.81300000E-01,+1.80700000E-01,+1.81300000E-01,+1.80700000E-01\u000a
p19
aV+1.91700000E-01,+1.91700000E-01,+1.91700000E-01,+1.91700000E-01,+1.91700000E-01,+1.91700000E-01,+1.91700000E-01,+1.91700000E-01,+1.91200000E-01,+1.92200000E-01\u000a
p20
aV+2.00600000E-01,+2.00100000E-01,+2.00100000E-01,+2.00600000E-01,+2.00600000E-01,+2.00600000E-01,+2.00600000E-01,+2.00600000E-01,+2.00100000E-01,+2.00600000E-01\u000a
p21
aV+2.12600000E-01,+2.12600000E-01,+2.12600000E-01,+2.12100000E-01,+2.12600000E-01,+2.12600000E-01,+2.12600000E-01,+2.13100000E-01,+2.12600000E-01,+2.12100000E-01\u000a
p22
aV+2.21500000E-01,+2.21500000E-01,+2.21500000E-01,+2.21000000E-01,+2.21500000E-01,+2.21500000E-01,+2.21500000E-01,+2.21500000E-01,+2.21500000E-01,+2.21500000E-01\u000a
p23
aV+2.22000000E-01,+2.21500000E-01,+2.21500000E-01,+2.21500000E-01,+2.21500000E-01,+2.21500000E-01,+2.21500000E-01,+2.21500000E-01,+2.21500000E-01,+2.21500000E-01\u000a
p24
aV+2.42400000E-01,+2.42400000E-01,+2.42400000E-01,+2.41900000E-01,+2.42400000E-01,+2.42400000E-01,+2.42400000E-01,+2.41900000E-01,+2.41900000E-01,+2.42400000E-01\u000a
p25
aV+2.46000000E-01,+2.46600000E-01,+2.46000000E-01,+2.46600000E-01,+2.46000000E-01,+2.46000000E-01,+2.46000000E-01,+2.46600000E-01,+2.46600000E-01,+2.46000000E-01\u000a
p26
aV+2.55400000E-01,+2.54900000E-01,+2.55400000E-01,+2.54900000E-01,+2.54900000E-01,+2.55400000E-01,+2.54900000E-01,+2.55400000E-01,+2.55400000E-01,+2.55400000E-01\u000a
p27
aV+2.66900000E-01,+2.67500000E-01,+2.66900000E-01,+2.66900000E-01,+2.66900000E-01,+2.66900000E-01,+2.66900000E-01,+2.66400000E-01,+2.66900000E-01,+2.66900000E-01\u000a
p28
aV+2.76300000E-01,+2.75800000E-01,+2.76300000E-01,+2.75800000E-01,+2.75800000E-01,+2.75800000E-01,+2.75800000E-01,+2.76300000E-01,+2.76300000E-01,+2.75800000E-01\u000a
p29
aV+2.86300000E-01,+2.86300000E-01,+2.86800000E-01,+2.86300000E-01,+2.86300000E-01,+2.86300000E-01,+2.86800000E-01,+2.86300000E-01,+2.86300000E-01,+2.86300000E-01\u000a
p30
aV+2.97800000E-01,+2.97800000E-01,+2.98300000E-01,+2.97800000E-01,+2.98300000E-01,+2.98300000E-01,+2.98300000E-01,+2.98300000E-01,+2.98300000E-01,+2.97800000E-01\u000a
p31
aV+3.06600000E-01,+3.07200000E-01,+3.06600000E-01,+3.07200000E-01,+3.06600000E-01,+3.06600000E-01,+3.07200000E-01,+3.06600000E-01,+3.06600000E-01,+3.06600000E-01\u000a
p32
aV+3.16600000E-01,+3.17100000E-01,+3.16600000E-01,+3.16600000E-01,+3.17100000E-01,+3.17100000E-01,+3.16600000E-01,+3.17100000E-01,+3.17100000E-01,+3.16600000E-01\u000a
p33
aV+3.25400000E-01,+3.25400000E-01,+3.25400000E-01,+3.25400000E-01,+3.25400000E-01,+3.25400000E-01,+3.26000000E-01,+3.24900000E-01,+3.25400000E-01,+3.25400000E-01\u000a
p34
aV+3.37500000E-01,+3.37500000E-01,+3.37500000E-01,+3.37500000E-01,+3.37500000E-01,+3.37500000E-01,+3.36900000E-01,+3.38000000E-01,+3.37500000E-01,+3.36900000E-01\u000a
p35
aV+3.46300000E-01,+3.46300000E-01,+3.46900000E-01,+3.46300000E-01,+3.46300000E-01,+3.46300000E-01,+3.46900000E-01,+3.46300000E-01,+3.46300000E-01,+3.46300000E-01\u000a
p36
aV+3.56800000E-01,+3.56300000E-01,+3.56800000E-01,+3.56300000E-01,+3.56800000E-01,+3.56300000E-01,+3.56800000E-01,+3.56800000E-01,+3.56800000E-01,+3.56800000E-01\u000a
p37
aV+3.65100000E-01,+3.65100000E-01,+3.65700000E-01,+3.65100000E-01,+3.65700000E-01,+3.65700000E-01,+3.66200000E-01,+3.65700000E-01,+3.65700000E-01,+3.65700000E-01\u000a
p38
aV+3.76600000E-01,+3.77200000E-01,+3.76600000E-01,+3.76600000E-01,+3.77200000E-01,+3.76600000E-01,+3.76600000E-01,+3.76600000E-01,+3.76600000E-01,+3.76600000E-01\u000a
p39
aV+3.85500000E-01,+3.85500000E-01,+3.85500000E-01,+3.85500000E-01,+3.85500000E-01,+3.85500000E-01,+3.85500000E-01,+3.85500000E-01,+3.85500000E-01,+3.85500000E-01\u000a
p40
aV+3.96000000E-01,+3.96000000E-01,+3.95400000E-01,+3.95400000E-01,+3.96000000E-01,+3.96000000E-01,+3.96000000E-01,+3.96000000E-01,+3.95400000E-01,+3.95400000E-01\u000a
p41
aV+4.04800000E-01,+4.04300000E-01,+4.04800000E-01,+4.04300000E-01,+4.04300000E-01,+4.04800000E-01,+4.04300000E-01,+4.04300000E-01,+4.04300000E-01,+4.04300000E-01\u000a
p42
aV+4.16300000E-01,+4.16900000E-01,+4.16300000E-01,+4.16900000E-01,+4.16300000E-01,+4.16300000E-01,+4.16900000E-01,+4.16900000E-01,+4.16300000E-01,+4.16300000E-01\u000a
p43
aV+4.27300000E-01,+4.26800000E-01,+4.26800000E-01,+4.26800000E-01,+4.26800000E-01,+4.26800000E-01,+4.26800000E-01,+4.26300000E-01,+4.26800000E-01,+4.26300000E-01\u000a
p44
aV+4.26800000E-01,+4.26800000E-01,+4.26800000E-01,+4.26800000E-01,+4.26800000E-01,+4.26800000E-01,+4.26300000E-01,+4.26800000E-01,+4.26800000E-01,+4.26300000E-01\u000a
p45
aV+4.46600000E-01,+4.46600000E-01,+4.46600000E-01,+4.47100000E-01,+4.46600000E-01,+4.46600000E-01,+4.47100000E-01,+4.46600000E-01,+4.46600000E-01,+4.46600000E-01\u000a
p46
aV+4.55000000E-01,+4.55000000E-01,+4.55000000E-01,+4.55000000E-01,+4.55500000E-01,+4.55500000E-01,+4.55500000E-01,+4.55500000E-01,+4.56000000E-01,+4.55500000E-01\u000a
p47
aV+4.65400000E-01,+4.66000000E-01,+4.66000000E-01,+4.66000000E-01,+4.65400000E-01,+4.66000000E-01,+4.66500000E-01,+4.65400000E-01,+4.65400000E-01,+4.65400000E-01\u000a
p48
aV+4.74800000E-01,+4.74800000E-01,+4.74800000E-01,+4.74300000E-01,+4.74800000E-01,+4.74300000E-01,+4.74300000E-01,+4.74800000E-01,+4.74800000E-01,+4.74300000E-01\u000a
p49
aV+4.86900000E-01,+4.86300000E-01,+4.85800000E-01,+4.86300000E-01,+4.86300000E-01,+4.86300000E-01,+4.86300000E-01,+4.86900000E-01,+4.86300000E-01,+4.86300000E-01\u000a
p50
aV+4.95200000E-01,+4.95200000E-01,+4.95200000E-01,+4.95700000E-01,+4.95200000E-01,+4.95200000E-01,+4.95700000E-01,+4.95700000E-01,+4.95200000E-01,+4.94700000E-01\u000a
p51
aV+5.05100000E-01,+5.05700000E-01,+5.05700000E-01,+5.05100000E-01,+5.06200000E-01,+5.05700000E-01,+5.06200000E-01,+5.05700000E-01,+5.06200000E-01,+5.05700000E-01\u000a
p52
aV+5.14000000E-01,+5.14000000E-01,+5.14000000E-01,+5.14000000E-01,+5.14000000E-01,+5.14500000E-01,+5.14000000E-01,+5.14000000E-01,+5.14000000E-01,+5.14000000E-01\u000a
p53
aV+5.24500000E-01,+5.25000000E-01,+5.24500000E-01,+5.25000000E-01,+5.25000000E-01,+5.24500000E-01,+5.24500000E-01,+5.24500000E-01,+5.24500000E-01,+5.25000000E-01\u000a
p54
aV+5.33300000E-01,+5.33900000E-01,+5.33300000E-01,+5.33300000E-01,+5.33300000E-01,+5.33900000E-01,+5.32800000E-01,+5.32800000E-01,+5.33300000E-01,+5.33300000E-01\u000a
p55
aV+5.43800000E-01,+5.43800000E-01,+5.44300000E-01,+5.43800000E-01,+5.44300000E-01,+5.43800000E-01,+5.43800000E-01,+5.44300000E-01,+5.43800000E-01,+5.43800000E-01\u000a
p56
aV+5.52700000E-01,+5.52700000E-01,+5.52700000E-01,+5.53200000E-01,+5.52700000E-01,+5.52100000E-01,+5.52700000E-01,+5.52100000E-01,+5.52700000E-01,+5.52100000E-01\u000a
p57
aV+5.64200000E-01,+5.64200000E-01,+5.63600000E-01,+5.63600000E-01,+5.64200000E-01,+5.64200000E-01,+5.64200000E-01,+5.64200000E-01,+5.64200000E-01,+5.64200000E-01\u000a
p58
aV+5.74600000E-01,+5.74600000E-01,+5.74600000E-01,+5.74600000E-01,+5.74600000E-01,+5.75100000E-01,+5.74600000E-01,+5.74600000E-01,+5.74600000E-01,+5.75100000E-01\u000a
p59
aV+5.75100000E-01,+5.75100000E-01,+5.75100000E-01,+5.75100000E-01,+5.75100000E-01,+5.75100000E-01,+5.75100000E-01,+5.74600000E-01,+5.75100000E-01,+5.75100000E-01\u000a
p60
aV+5.94500000E-01,+5.94500000E-01,+5.93900000E-01,+5.94500000E-01,+5.94500000E-01,+5.95000000E-01,+5.94500000E-01,+5.93900000E-01,+5.94500000E-01,+5.93900000E-01\u000a
p61
aV+6.03300000E-01,+6.02800000E-01,+6.03300000E-01,+6.02800000E-01,+6.02800000E-01,+6.02800000E-01,+6.03300000E-01,+6.03300000E-01,+6.03300000E-01,+6.02800000E-01\u000a
p62
aV+6.13800000E-01,+6.13800000E-01,+6.13300000E-01,+6.13800000E-01,+6.13300000E-01,+6.13800000E-01,+6.13300000E-01,+6.13800000E-01,+6.13300000E-01,+6.13800000E-01\u000a
p63
aV+6.22100000E-01,+6.22100000E-01,+6.22100000E-01,+6.22100000E-01,+6.22100000E-01,+6.22100000E-01,+6.21600000E-01,+6.22100000E-01,+6.21600000E-01,+6.22100000E-01\u000a
p64
aV+6.33600000E-01,+6.34200000E-01,+6.33600000E-01,+6.34200000E-01,+6.33600000E-01,+6.33600000E-01,+6.33600000E-01,+6.34200000E-01,+6.34200000E-01,+6.33600000E-01\u000a
p65
aV+6.42500000E-01,+6.43000000E-01,+6.42500000E-01,+6.43000000E-01,+6.43000000E-01,+6.42500000E-01,+6.42500000E-01,+6.42500000E-01,+6.43000000E-01,+6.42500000E-01\u000a
p66
aV+6.52400000E-01,+6.53000000E-01,+6.53000000E-01,+6.53000000E-01,+6.52400000E-01,+6.53000000E-01,+6.52400000E-01,+6.52400000E-01,+6.53000000E-01,+6.52400000E-01\u000a
p67
aV+6.61300000E-01,+6.61300000E-01,+6.60800000E-01,+6.61300000E-01,+6.61300000E-01,+6.60800000E-01,+6.60800000E-01,+6.61300000E-01,+6.60800000E-01,+6.60800000E-01\u000a
p68
aV+6.72300000E-01,+6.72300000E-01,+6.72300000E-01,+6.71800000E-01,+6.71800000E-01,+6.72300000E-01,+6.71800000E-01,+6.72300000E-01,+6.72300000E-01,+6.72300000E-01\u000a
p69
aV+6.80100000E-01,+6.80600000E-01,+6.81200000E-01,+6.80600000E-01,+6.80600000E-01,+6.80600000E-01,+6.80600000E-01,+6.80100000E-01,+6.81200000E-01,+6.81200000E-01\u000a
p70
aV+6.90100000E-01,+6.90600000E-01,+6.90600000E-01,+6.90100000E-01,+6.90600000E-01,+6.90600000E-01,+6.90100000E-01,+6.90600000E-01,+6.90100000E-01,+6.90600000E-01\u000a
p71
aV+7.01500000E-01,+7.02100000E-01,+7.02100000E-01,+7.01500000E-01,+7.01500000E-01,+7.01500000E-01,+7.02100000E-01,+7.01500000E-01,+7.02100000E-01,+7.01500000E-01\u000a
p72
aV+7.09900000E-01,+7.09900000E-01,+7.09900000E-01,+7.09900000E-01,+7.09900000E-01,+7.10400000E-01,+7.09900000E-01,+7.09400000E-01,+7.09900000E-01,+7.10400000E-01\u000a
p73
aV+7.19300000E-01,+7.19800000E-01,+7.19300000E-01,+7.20400000E-01,+7.19800000E-01,+7.19300000E-01,+7.19300000E-01,+7.19300000E-01,+7.19300000E-01,+7.19800000E-01\u000a
p74
aV+7.27100000E-01,+7.27100000E-01,+7.27100000E-01,+7.27100000E-01,+7.26600000E-01,+7.27100000E-01,+7.27100000E-01,+7.27100000E-01,+7.27100000E-01,+7.26600000E-01\u000a
p75
aV+7.37100000E-01,+7.37100000E-01,+7.37100000E-01,+7.37100000E-01,+7.37100000E-01,+7.37100000E-01,+7.37100000E-01,+7.37600000E-01,+7.37100000E-01,+7.37100000E-01\u000a
p76
aV+7.44900000E-01,+7.44900000E-01,+7.44900000E-01,+7.44900000E-01,+7.45400000E-01,+7.44900000E-01,+7.44900000E-01,+7.44900000E-01,+7.44900000E-01,+7.44900000E-01\u000a
p77
aV+7.44900000E-01,+7.44900000E-01,+7.44900000E-01,+7.44900000E-01,+7.44900000E-01,+7.44900000E-01,+7.44900000E-01,+7.44900000E-01,+7.44900000E-01,+7.44900000E-01\u000a
p78
aV+7.61100000E-01,+7.61100000E-01,+7.61600000E-01,+7.61100000E-01,+7.61100000E-01,+7.61600000E-01,+7.61100000E-01,+7.61100000E-01,+7.61100000E-01,+7.61100000E-01\u000a
p79
aV+7.61100000E-01,+7.61100000E-01,+7.61100000E-01,+7.61600000E-01,+7.61100000E-01,+7.61100000E-01,+7.61100000E-01,+7.61100000E-01,+7.61100000E-01,+7.61100000E-01\u000a
p80
aV+7.77300000E-01,+7.77300000E-01,+7.77300000E-01,+7.77800000E-01,+7.77300000E-01,+7.77800000E-01,+7.77800000E-01,+7.77800000E-01,+7.77800000E-01,+7.77300000E-01\u000a
p81
aV+7.84100000E-01,+7.84100000E-01,+7.84600000E-01,+7.84600000E-01,+7.84100000E-01,+7.84100000E-01,+7.84100000E-01,+7.84100000E-01,+7.84100000E-01,+7.84600000E-01\u000a
p82
aV+7.90900000E-01,+7.90900000E-01,+7.90300000E-01,+7.90900000E-01,+7.90900000E-01,+7.90300000E-01,+7.90900000E-01,+7.90900000E-01,+7.90900000E-01,+7.90900000E-01\u000a
p83
aV+7.98700000E-01,+7.99200000E-01,+7.98700000E-01,+7.98700000E-01,+7.99200000E-01,+7.99200000E-01,+7.99200000E-01,+7.99200000E-01,+7.99200000E-01,+7.99200000E-01\u000a
p84
aV+8.05000000E-01,+8.05500000E-01,+8.05000000E-01,+8.05000000E-01,+8.05500000E-01,+8.05500000E-01,+8.05500000E-01,+8.05500000E-01,+8.05500000E-01,+8.05000000E-01\u000a
p85
aV+8.12300000E-01,+8.13300000E-01,+8.12300000E-01,+8.12300000E-01,+8.12300000E-01,+8.11800000E-01,+8.12300000E-01,+8.12300000E-01,+8.12300000E-01,+8.12300000E-01\u000a
p86
aV+8.20100000E-01,+8.20100000E-01,+8.20600000E-01,+8.20100000E-01,+8.20100000E-01,+8.20100000E-01,+8.20100000E-01,+8.20100000E-01,+8.20100000E-01,+8.20100000E-01\u000a
p87
aV+8.25300000E-01,+8.25300000E-01,+8.25300000E-01,+8.25300000E-01,+8.25900000E-01,+8.25300000E-01,+8.25900000E-01,+8.25900000E-01,+8.25900000E-01,+8.25300000E-01\u000a
p88
aV+8.31600000E-01,+8.31600000E-01,+8.31600000E-01,+8.31600000E-01,+8.31600000E-01,+8.32100000E-01,+8.32100000E-01,+8.31600000E-01,+8.32100000E-01,+8.31600000E-01\u000a
p89
aV+8.37400000E-01,+8.36800000E-01,+8.36800000E-01,+8.36800000E-01,+8.36800000E-01,+8.37400000E-01,+8.36800000E-01,+8.37400000E-01,+8.37400000E-01,+8.37400000E-01\u000a
p90
aV+8.43600000E-01,+8.43600000E-01,+8.43600000E-01,+8.43600000E-01,+8.44200000E-01,+8.43600000E-01,+8.43600000E-01,+8.43100000E-01,+8.44200000E-01,+8.43600000E-01\u000a
p91
aV+8.48300000E-01,+8.48300000E-01,+8.48300000E-01,+8.48300000E-01,+8.48900000E-01,+8.48300000E-01,+8.48300000E-01,+8.48300000E-01,+8.48300000E-01,+8.48300000E-01\u000a
p92
aV+8.54100000E-01,+8.54100000E-01,+8.54100000E-01,+8.54100000E-01,+8.54100000E-01,+8.54100000E-01,+8.54100000E-01,+8.54600000E-01,+8.54100000E-01,+8.54100000E-01\u000a
p93
aV+8.58800000E-01,+8.58800000E-01,+8.58800000E-01,+8.58300000E-01,+8.58800000E-01,+8.58800000E-01,+8.58800000E-01,+8.58300000E-01,+8.58800000E-01,+8.58800000E-01\u000a
p94
aV+8.64500000E-01,+8.64500000E-01,+8.65000000E-01,+8.64500000E-01,+8.65000000E-01,+8.64500000E-01,+8.65000000E-01,+8.64500000E-01,+8.64000000E-01,+8.65000000E-01\u000a
p95
aV+8.68700000E-01,+8.68700000E-01,+8.68700000E-01,+8.69200000E-01,+8.68700000E-01,+8.69200000E-01,+8.68700000E-01,+8.68700000E-01,+8.68700000E-01,+8.68700000E-01\u000a
p96
aV+8.73900000E-01,+8.73400000E-01,+8.73900000E-01,+8.73900000E-01,+8.73900000E-01,+8.73400000E-01,+8.73400000E-01,+8.73900000E-01,+8.73900000E-01,+8.73400000E-01\u000a
p97
aV+8.77600000E-01,+8.77600000E-01,+8.77600000E-01,+8.77600000E-01,+8.77600000E-01,+8.78100000E-01,+8.77600000E-01,+8.78100000E-01,+8.78100000E-01,+8.78100000E-01\u000a
p98
aV+8.82800000E-01,+8.82300000E-01,+8.82800000E-01,+8.82800000E-01,+8.82800000E-01,+8.82800000E-01,+8.82800000E-01,+8.82800000E-01,+8.82800000E-01,+8.82800000E-01\u000a
p99
aV+8.87000000E-01,+8.87000000E-01,+8.87500000E-01,+8.87500000E-01,+8.87500000E-01,+8.87500000E-01,+8.87500000E-01,+8.87000000E-01,+8.87500000E-01,+8.87500000E-01\u000a
p100
aV+8.91200000E-01,+8.91200000E-01,+8.91200000E-01,+8.91200000E-01,+8.91200000E-01,+8.91200000E-01,+8.91200000E-01,+8.90600000E-01,+8.91200000E-01,+8.91200000E-01\u000a
p101
aV+8.95900000E-01,+8.95900000E-01,+8.95900000E-01,+8.95900000E-01,+8.95900000E-01,+8.95900000E-01,+8.95900000E-01,+8.95900000E-01,+8.95900000E-01,+8.96400000E-01\u000a
p102
aV+8.99000000E-01,+8.99000000E-01,+8.99500000E-01,+8.99000000E-01,+8.99500000E-01,+8.99500000E-01,+8.99000000E-01,+9.00000000E-01,+8.99500000E-01,+8.99000000E-01\u000a
p103
aV+9.03200000E-01,+9.03200000E-01,+9.02700000E-01,+9.03200000E-01,+9.03200000E-01,+9.03700000E-01,+9.03200000E-01,+9.03200000E-01,+9.03700000E-01,+9.03200000E-01\u000a
p104
aV+9.06300000E-01,+9.06300000E-01,+9.06800000E-01,+9.06300000E-01,+9.06300000E-01,+9.06300000E-01,+9.06800000E-01,+9.06800000E-01,+9.06300000E-01,+9.06800000E-01\u000a
p105
aV+9.10500000E-01,+9.11000000E-01,+9.10500000E-01,+9.10500000E-01,+9.10500000E-01,+9.11000000E-01,+9.10500000E-01,+9.10500000E-01,+9.10500000E-01,+9.10500000E-01\u000a
p106
aV+9.14100000E-01,+9.13600000E-01,+9.14100000E-01,+9.13600000E-01,+9.13600000E-01,+9.13600000E-01,+9.13600000E-01,+9.13600000E-01,+9.13100000E-01,+9.14100000E-01\u000a
p107
aV+9.17800000E-01,+9.17300000E-01,+9.17300000E-01,+9.17300000E-01,+9.17300000E-01,+9.17800000E-01,+9.17300000E-01,+9.17300000E-01,+9.17300000E-01,+9.17800000E-01\u000a
p108
aV+9.20400000E-01,+9.19900000E-01,+9.20400000E-01,+9.20400000E-01,+9.20400000E-01,+9.19900000E-01,+9.19900000E-01,+9.19900000E-01,+9.20400000E-01,+9.20400000E-01\u000a
p109
aV+9.24100000E-01,+9.24100000E-01,+9.24600000E-01,+9.23600000E-01,+9.23600000E-01,+9.23600000E-01,+9.23600000E-01,+9.23600000E-01,+9.24100000E-01,+9.23000000E-01\u000a
p110
aV+9.25600000E-01,+9.26200000E-01,+9.26200000E-01,+9.26700000E-01,+9.26200000E-01,+9.26200000E-01,+9.26700000E-01,+9.26200000E-01,+9.26200000E-01,+9.26200000E-01\u000a
p111
aV+9.29800000E-01,+9.28800000E-01,+9.29800000E-01,+9.29300000E-01,+9.29800000E-01,+9.29300000E-01,+9.29300000E-01,+9.29800000E-01,+9.29300000E-01,+9.29800000E-01\u000a
p112
aV+9.31900000E-01,+9.31900000E-01,+9.32400000E-01,+9.31900000E-01,+9.31900000E-01,+9.31900000E-01,+9.32400000E-01,+9.33000000E-01,+9.32400000E-01,+9.32400000E-01\u000a
p113
aV+9.36100000E-01,+9.35600000E-01,+9.35600000E-01,+9.36100000E-01,+9.35600000E-01,+9.35600000E-01,+9.35600000E-01,+9.35600000E-01,+9.35600000E-01,+9.35600000E-01\u000a
p114
aV+9.38700000E-01,+9.39200000E-01,+9.39200000E-01,+9.39200000E-01,+9.39200000E-01,+9.38700000E-01,+9.38200000E-01,+9.38700000E-01,+9.38700000E-01,+9.38700000E-01\u000a
p115
aV+9.41300000E-01,+9.40800000E-01,+9.41800000E-01,+9.41300000E-01,+9.41300000E-01,+9.41300000E-01,+9.41300000E-01,+9.41300000E-01,+9.41300000E-01,+9.41300000E-01\u000a
p116
aV+9.44400000E-01,+9.44400000E-01,+9.44400000E-01,+9.45000000E-01,+9.45000000E-01,+9.43900000E-01,+9.44400000E-01,+9.44400000E-01,+9.44400000E-01,+9.45000000E-01\u000a
p117
aV+9.47600000E-01,+9.47600000E-01,+9.47100000E-01,+9.47100000E-01,+9.47100000E-01,+9.47600000E-01,+9.47100000E-01,+9.46500000E-01,+9.47100000E-01,+9.47100000E-01\u000a
p118
aV+9.49700000E-01,+9.50200000E-01,+9.50200000E-01,+9.49700000E-01,+9.49700000E-01,+9.50200000E-01,+9.50200000E-01,+9.49700000E-01,+9.49700000E-01,+9.49100000E-01\u000a
p119
aV+9.51800000E-01,+9.52300000E-01,+9.52800000E-01,+9.52300000E-01,+9.51800000E-01,+9.52300000E-01,+9.52300000E-01,+9.52300000E-01,+9.52300000E-01,+9.52300000E-01\u000a
p120
aV+9.55400000E-01,+9.55400000E-01,+9.54900000E-01,+9.55400000E-01,+9.55900000E-01,+9.55400000E-01,+9.54900000E-01,+9.55400000E-01,+9.54900000E-01,+9.55400000E-01\u000a
p121
aV+9.57500000E-01,+9.58000000E-01,+9.57500000E-01,+9.57500000E-01,+9.57500000E-01,+9.58000000E-01,+9.57500000E-01,+9.57000000E-01,+9.57500000E-01,+9.57500000E-01\u000a
p122
aV+9.60600000E-01,+9.60100000E-01,+9.60100000E-01,+9.60600000E-01,+9.60600000E-01,+9.60600000E-01,+9.60600000E-01,+9.61200000E-01,+9.61200000E-01,+9.60100000E-01\u000a
p123
aV+9.63300000E-01,+9.62700000E-01,+9.62700000E-01,+9.62700000E-01,+9.62700000E-01,+9.63300000E-01,+9.63300000E-01,+9.63300000E-01,+9.63300000E-01,+9.63300000E-01\u000a
p124
aV+9.66400000E-01,+9.65900000E-01,+9.65900000E-01,+9.66400000E-01,+9.66400000E-01,+9.66400000E-01,+9.66400000E-01,+9.65900000E-01,+9.66400000E-01,+9.65300000E-01\u000a
p125
aV+9.68500000E-01,+9.68000000E-01,+9.68500000E-01,+9.68000000E-01,+9.68000000E-01,+9.68500000E-01,+9.68000000E-01,+9.68500000E-01,+9.68500000E-01,+9.68000000E-01\u000a
p126
aV+9.70600000E-01,+9.71100000E-01,+9.71100000E-01,+9.71100000E-01,+9.70600000E-01,+9.71100000E-01,+9.71100000E-01,+9.70600000E-01,+9.70600000E-01,+9.71100000E-01\u000a
p127
aV+9.73700000E-01,+9.73700000E-01,+9.73700000E-01,+9.74200000E-01,+9.73700000E-01,+9.73200000E-01,+9.74200000E-01,+9.73700000E-01,+9.73200000E-01,+9.73200000E-01\u000a
p128
aV+9.75300000E-01,+9.75300000E-01,+9.74700000E-01,+9.74700000E-01,+9.74700000E-01,+9.75300000E-01,+9.75800000E-01,+9.75300000E-01,+9.75300000E-01,+9.75300000E-01\u000a
p129
aV+9.77900000E-01,+9.77400000E-01,+9.77400000E-01,+9.77400000E-01,+9.77400000E-01,+9.77400000E-01,+9.77400000E-01,+9.77400000E-01,+9.77900000E-01,+9.77400000E-01\u000a
p130
aV+9.78900000E-01,+9.78400000E-01,+9.78900000E-01,+9.78900000E-01,+9.78900000E-01,+9.78400000E-01,+9.79400000E-01,+9.78900000E-01,+9.79400000E-01,+9.78900000E-01\u000a
p131
aV+9.81500000E-01,+9.81500000E-01,+9.81500000E-01,+9.81000000E-01,+9.81000000E-01,+9.81500000E-01,+9.81500000E-01,+9.80500000E-01,+9.81000000E-01,+9.81000000E-01\u000a
p132
aV+9.83100000E-01,+9.83100000E-01,+9.83100000E-01,+9.83100000E-01,+9.82600000E-01,+9.83100000E-01,+9.83100000E-01,+9.83100000E-01,+9.83600000E-01,+9.83100000E-01\u000a
p133
aV+9.85700000E-01,+9.85700000E-01,+9.85200000E-01,+9.85200000E-01,+9.85700000E-01,+9.85200000E-01,+9.85700000E-01,+9.85200000E-01,+9.85200000E-01,+9.85200000E-01\u000a
p134
aV+9.86800000E-01,+9.86800000E-01,+9.86800000E-01,+9.87300000E-01,+9.86200000E-01,+9.86800000E-01,+9.86800000E-01,+9.86200000E-01,+9.86200000E-01,+9.86800000E-01\u000a
p135
aV+9.88800000E-01,+9.89400000E-01,+9.88800000E-01,+9.88300000E-01,+9.88800000E-01,+9.88800000E-01,+9.88800000E-01,+9.88800000E-01,+9.88800000E-01,+9.88800000E-01\u000a
p136
aV+9.89900000E-01,+9.90400000E-01,+9.89900000E-01,+9.89900000E-01,+9.90400000E-01,+9.89900000E-01,+9.89900000E-01,+9.89900000E-01,+9.90400000E-01,+9.90400000E-01\u000a
p137
aV+9.92000000E-01,+9.92000000E-01,+9.92000000E-01,+9.92500000E-01,+9.92500000E-01,+9.92000000E-01,+9.92500000E-01,+9.92500000E-01,+9.92000000E-01,+9.91500000E-01\u000a
p138
aV+9.92000000E-01,+9.93000000E-01,+9.92000000E-01,+9.92500000E-01,+9.92500000E-01,+9.92000000E-01,+9.92500000E-01,+9.92500000E-01,+9.92000000E-01,+9.92000000E-01\u000a
p139
aV+9.94100000E-01,+9.94600000E-01,+9.94100000E-01,+9.94100000E-01,+9.94100000E-01,+9.94600000E-01,+9.94100000E-01,+9.94600000E-01,+9.94600000E-01,+9.94100000E-01\u000a
p140
aV+9.96700000E-01,+9.96700000E-01,+9.96700000E-01,+9.96200000E-01,+9.96700000E-01,+9.96700000E-01,+9.97200000E-01,+9.96700000E-01,+9.97200000E-01,+9.96700000E-01\u000a
p141
aV+9.98800000E-01,+9.98800000E-01,+9.99300000E-01,+9.99800000E-01,+9.99300000E-01,+9.99300000E-01,+9.98800000E-01,+9.98800000E-01,+9.98800000E-01,+9.99300000E-01\u000a
p142
aV+1.00190000E+00,+1.00190000E+00,+1.00190000E+00,+1.00140000E+00,+1.00190000E+00,+1.00190000E+00,+1.00140000E+00,+1.00140000E+00,+1.00190000E+00,+1.00190000E+00\u000a
p143
aV+1.00400000E+00,+1.00300000E+00,+1.00350000E+00,+1.00350000E+00,+1.00350000E+00,+1.00400000E+00,+1.00350000E+00,+1.00350000E+00,+1.00300000E+00,+1.00350000E+00\u000a
p144
aV+1.00660000E+00,+1.00660000E+00,+1.00660000E+00,+1.00660000E+00,+1.00660000E+00,+1.00660000E+00,+1.00610000E+00,+1.00610000E+00,+1.00660000E+00,+1.00660000E+00\u000a
p145
aV+1.00770000E+00,+1.00820000E+00,+1.00820000E+00,+1.00820000E+00,+1.00820000E+00,+1.00820000E+00,+1.00820000E+00,+1.00820000E+00,+1.00770000E+00,+1.00770000E+00\u000a
p146
aV+1.00660000E+00,+1.00660000E+00,+1.00660000E+00,+1.00710000E+00,+1.00660000E+00,+1.00610000E+00,+1.00660000E+00,+1.00710000E+00,+1.00660000E+00,+1.00660000E+00\u000a
p147
aV+1.00560000E+00,+1.00500000E+00,+1.00450000E+00,+1.00560000E+00,+1.00500000E+00,+1.00560000E+00,+1.00500000E+00,+1.00500000E+00,+1.00500000E+00,+1.00560000E+00\u000a
p148
aV+1.00450000E+00,+1.00450000E+00,+1.00450000E+00,+1.00450000E+00,+1.00400000E+00,+1.00450000E+00,+1.00450000E+00,+1.00450000E+00,+1.00450000E+00,+1.00500000E+00\u000a
p149
aV+1.00300000E+00,+1.00300000E+00,+1.00300000E+00,+1.00300000E+00,+1.00300000E+00,+1.00300000E+00,+1.00300000E+00,+1.00240000E+00,+1.00240000E+00,+1.00300000E+00\u000a
p150
a.