(lp0
V-5.00000000E-05,+0.00000000E-05,+0.00000000E-05,+0.00000000E-05,+0.00000000E-05,+0.00000000E-05,-5.00000000E-05,+0.00000000E-05,+0.00000000E-05,-1.00000000E-04\u000a
p1
aV+0.00000000E-05,+0.00000000E-05,-5.00000000E-05,+1.00000000E-04,+0.00000000E-05,+5.00000000E-05,+5.00000000E-05,+5.00000000E-05,+5.00000000E-05,+0.00000000E-05\u000a
p2
aV-1.50000000E-04,+1.00000000E-04,-5.00000000E-05,+1.00000000E-04,+5.00000000E-05,+0.00000000E-05,+1.50000000E-04,+1.00000000E-04,+0.00000000E-05,+0.00000000E-05\u000a
p3
aV-5.00000000E-05,+0.00000000E-05,-5.00000000E-05,+0.00000000E-05,-5.00000000E-05,+5.00000000E-05,+5.00000000E-05,+0.00000000E-05,-1.00000000E-04,+0.00000000E-05\u000a
p4
aV+1.00000000E-04,+0.00000000E-05,-1.00000000E-04,+1.00000000E-04,+0.00000000E-05,-5.00000000E-05,+5.00000000E-05,-1.00000000E-04,+5.00000000E-05,+0.00000000E-05\u000a
p5
aV-5.00000000E-05,+0.00000000E-05,-1.00000000E-04,+1.00000000E-04,-5.00000000E-05,+0.00000000E-05,+1.50000000E-04,+1.00000000E-04,-5.00000000E-05,+0.00000000E-05\u000a
p6
aV+1.00000000E-04,+0.00000000E-05,-5.00000000E-05,+0.00000000E-05,+0.00000000E-05,+0.00000000E-05,+1.00000000E-04,+0.00000000E-05,-1.50000000E-04,-5.00000000E-05\u000a
p7
aV+0.00000000E-05,+1.00000000E-04,+0.00000000E-05,+0.00000000E-05,+5.00000000E-05,+0.00000000E-05,+5.00000000E-05,+0.00000000E-05,-5.00000000E-05,+0.00000000E-05\u000a
p8
aV-5.00000000E-05,+5.00000000E-05,+5.00000000E-05,-5.00000000E-05,+5.00000000E-05,-5.00000000E-05,+5.00000000E-05,+5.00000000E-05,+1.00000000E-04,-5.00000000E-05\u000a
p9
aV+0.00000000E-05,+1.00000000E-04,+0.00000000E-05,+0.00000000E-05,+5.00000000E-05,+5.00000000E-05,-1.00000000E-04,+0.00000000E-05,+5.00000000E-05,-5.00000000E-05\u000a
p10
aV+0.00000000E-05,+0.00000000E-05,+5.00000000E-05,+0.00000000E-05,+0.00000000E-05,+5.00000000E-05,+0.00000000E-05,+5.00000000E-05,-1.00000000E-04,-5.00000000E-05\u000a
p11
aV+5.00000000E-05,+5.00000000E-05,-5.00000000E-05,+1.00000000E-04,+5.00000000E-05,-5.00000000E-05,-1.00000000E-04,+5.00000000E-05,+0.00000000E-05,+5.00000000E-05\u000a
p12
aV+5.00000000E-05,+5.00000000E-05,+0.00000000E-05,+0.00000000E-05,+5.00000000E-05,+1.00000000E-04,-5.00000000E-05,+0.00000000E-05,-5.00000000E-05,-5.00000000E-05\u000a
p13
aV+0.00000000E-05,+0.00000000E-05,+5.00000000E-05,+5.00000000E-05,+5.00000000E-05,+0.00000000E-05,+0.00000000E-05,+5.00000000E-05,+1.50000000E-04,+1.00000000E-04\u000a
p14
aV+0.00000000E-05,+0.00000000E-05,-5.00000000E-05,+0.00000000E-05,+1.00000000E-04,+0.00000000E-05,+5.00000000E-05,+0.00000000E-05,+0.00000000E-05,-5.00000000E-05\u000a
p15
aV+5.00000000E-05,+5.00000000E-05,+5.00000000E-05,+0.00000000E-05,+0.00000000E-05,+0.00000000E-05,+0.00000000E-05,+5.00000000E-05,+1.00000000E-04,+1.00000000E-04\u000a
p16
aV+5.00000000E-05,-5.00000000E-05,-5.00000000E-05,-1.00000000E-04,+0.00000000E-05,-1.00000000E-04,+5.00000000E-05,-5.00000000E-05,+0.00000000E-05,+5.00000000E-05\u000a
p17
aV-1.00000000E-04,-1.00000000E-04,+0.00000000E-05,+0.00000000E-05,-5.00000000E-05,+5.00000000E-05,-1.00000000E-04,+0.00000000E-05,+0.00000000E-05,+0.00000000E-05\u000a
p18
aV+5.00000000E-05,+1.00000000E-04,+0.00000000E-05,+5.00000000E-05,+5.00000000E-05,-1.00000000E-04,+0.00000000E-05,+5.00000000E-05,+0.00000000E-05,+0.00000000E-05\u000a
p19
aV+1.00000000E-04,-5.00000000E-05,-1.50000000E-04,+1.50000000E-04,-5.00000000E-05,+0.00000000E-05,+5.00000000E-05,+5.00000000E-05,+0.00000000E-05,+0.00000000E-05\u000a
p20
aV+5.00000000E-05,-5.00000000E-05,+0.00000000E-05,+5.00000000E-05,-5.00000000E-05,-5.00000000E-05,+5.00000000E-05,+0.00000000E-05,+5.00000000E-05,+0.00000000E-05\u000a
p21
aV+5.00000000E-05,+0.00000000E-05,-5.00000000E-05,+2.10000000E-04,-1.00000000E-04,-5.00000000E-05,+5.00000000E-05,+0.00000000E-05,+5.00000000E-05,+0.00000000E-05\u000a
p22
aV-5.00000000E-05,+5.00000000E-05,+5.00000000E-05,+0.00000000E-05,+0.00000000E-05,+1.50000000E-04,+0.00000000E-05,+1.00000000E-04,+0.00000000E-05,+5.00000000E-05\u000a
p23
aV+0.00000000E-05,+0.00000000E-05,+0.00000000E-05,+5.00000000E-05,+0.00000000E-05,+5.00000000E-05,+0.00000000E-05,+5.00000000E-05,+1.00000000E-04,+0.00000000E-05\u000a
p24
aV-1.00000000E-04,+1.00000000E-04,+5.00000000E-05,+0.00000000E-05,+5.00000000E-05,+1.50000000E-04,+0.00000000E-05,+0.00000000E-05,+1.00000000E-04,+0.00000000E-05\u000a
p25
aV+1.00000000E-04,+5.00000000E-05,+5.00000000E-05,+5.00000000E-05,+1.00000000E-04,+5.00000000E-05,+1.00000000E-04,+1.00000000E-04,+1.00000000E-04,+1.00000000E-04\u000a
p26
aV+5.00000000E-05,+0.00000000E-05,+0.00000000E-05,+0.00000000E-05,-5.00000000E-05,+5.00000000E-05,+0.00000000E-05,+0.00000000E-05,+1.00000000E-04,+5.00000000E-05\u000a
p27
aV+1.50000000E-04,+1.00000000E-04,+5.00000000E-05,+1.00000000E-04,+5.00000000E-05,+1.00000000E-04,+2.10000000E-04,+1.50000000E-04,+5.00000000E-05,+1.00000000E-04\u000a
p28
aV+1.50000000E-04,+2.60000000E-04,+1.00000000E-04,+5.00000000E-05,+1.50000000E-04,+0.00000000E-05,+5.00000000E-05,+1.00000000E-04,+5.00000000E-05,+5.00000000E-05\u000a
p29
aV+2.60000000E-04,+1.50000000E-04,+1.00000000E-04,+1.50000000E-04,+2.10000000E-04,+5.00000000E-05,+2.10000000E-04,+2.10000000E-04,+1.50000000E-04,+1.00000000E-04\u000a
p30
aV+2.60000000E-04,+5.00000000E-05,+2.10000000E-04,+2.10000000E-04,+2.60000000E-04,+2.10000000E-04,+2.10000000E-04,+1.50000000E-04,+1.50000000E-04,+2.60000000E-04\u000a
p31
aV+2.60000000E-04,+2.10000000E-04,+3.10000000E-04,+2.60000000E-04,+2.60000000E-04,+2.10000000E-04,+3.10000000E-04,+1.50000000E-04,+2.60000000E-04,+2.60000000E-04\u000a
p32
aV+3.60000000E-04,+2.10000000E-04,+2.60000000E-04,+3.10000000E-04,+2.60000000E-04,+3.60000000E-04,+3.60000000E-04,+3.60000000E-04,+2.10000000E-04,+3.10000000E-04\u000a
p33
aV+4.10000000E-04,+2.60000000E-04,+2.60000000E-04,+4.10000000E-04,+3.10000000E-04,+4.60000000E-04,+3.60000000E-04,+3.10000000E-04,+3.60000000E-04,+3.60000000E-04\u000a
p34
aV+4.10000000E-04,+5.10000000E-04,+4.10000000E-04,+4.60000000E-04,+3.60000000E-04,+5.10000000E-04,+4.60000000E-04,+4.10000000E-04,+4.60000000E-04,+4.60000000E-04\u000a
p35
aV+4.60000000E-04,+4.10000000E-04,+4.10000000E-04,+5.70000000E-04,+3.60000000E-04,+5.10000000E-04,+4.60000000E-04,+4.10000000E-04,+4.60000000E-04,+4.60000000E-04\u000a
p36
aV+4.60000000E-04,+5.70000000E-04,+6.20000000E-04,+6.20000000E-04,+5.70000000E-04,+5.10000000E-04,+4.60000000E-04,+5.70000000E-04,+5.70000000E-04,+5.10000000E-04\u000a
p37
aV+6.70000000E-04,+6.70000000E-04,+7.20000000E-04,+6.20000000E-04,+6.20000000E-04,+6.70000000E-04,+6.20000000E-04,+6.20000000E-04,+6.20000000E-04,+5.10000000E-04\u000a
p38
aV+7.70000000E-04,+6.70000000E-04,+6.70000000E-04,+6.70000000E-04,+6.70000000E-04,+6.70000000E-04,+7.20000000E-04,+6.70000000E-04,+6.70000000E-04,+7.20000000E-04\u000a
p39
aV+8.20000000E-04,+7.70000000E-04,+7.20000000E-04,+7.70000000E-04,+7.20000000E-04,+7.20000000E-04,+8.20000000E-04,+8.20000000E-04,+8.70000000E-04,+8.70000000E-04\u000a
p40
aV+8.20000000E-04,+9.30000000E-04,+9.30000000E-04,+8.20000000E-04,+8.20000000E-04,+7.70000000E-04,+8.70000000E-04,+9.30000000E-04,+9.30000000E-04,+8.70000000E-04\u000a
p41
aV+9.80000000E-04,+9.30000000E-04,+1.03000000E-03,+9.30000000E-04,+9.30000000E-04,+1.03000000E-03,+8.70000000E-04,+9.80000000E-04,+1.03000000E-03,+1.03000000E-03\u000a
p42
aV+1.03000000E-03,+9.80000000E-04,+1.03000000E-03,+1.03000000E-03,+1.08000000E-03,+1.13000000E-03,+1.03000000E-03,+9.80000000E-04,+1.08000000E-03,+9.80000000E-04\u000a
p43
aV+9.80000000E-04,+1.13000000E-03,+1.18000000E-03,+1.13000000E-03,+1.13000000E-03,+1.13000000E-03,+1.18000000E-03,+1.13000000E-03,+1.18000000E-03,+1.24000000E-03\u000a
p44
aV+1.18000000E-03,+1.08000000E-03,+1.13000000E-03,+1.13000000E-03,+1.08000000E-03,+1.13000000E-03,+1.24000000E-03,+1.18000000E-03,+1.03000000E-03,+1.18000000E-03\u000a
p45
aV+1.24000000E-03,+1.29000000E-03,+1.39000000E-03,+1.29000000E-03,+1.24000000E-03,+1.39000000E-03,+1.29000000E-03,+1.29000000E-03,+1.24000000E-03,+1.39000000E-03\u000a
p46
aV+1.60000000E-03,+1.44000000E-03,+1.24000000E-03,+1.39000000E-03,+1.29000000E-03,+1.49000000E-03,+1.34000000E-03,+1.39000000E-03,+1.44000000E-03,+1.44000000E-03\u000a
p47
aV+1.60000000E-03,+1.49000000E-03,+1.39000000E-03,+1.49000000E-03,+1.54000000E-03,+1.49000000E-03,+1.49000000E-03,+1.44000000E-03,+1.49000000E-03,+1.44000000E-03\u000a
p48
aV+1.65000000E-03,+1.39000000E-03,+1.54000000E-03,+1.70000000E-03,+1.54000000E-03,+1.65000000E-03,+1.60000000E-03,+1.54000000E-03,+1.60000000E-03,+1.65000000E-03\u000a
p49
aV+1.65000000E-03,+1.60000000E-03,+1.75000000E-03,+1.65000000E-03,+1.75000000E-03,+1.75000000E-03,+1.75000000E-03,+1.75000000E-03,+1.65000000E-03,+1.70000000E-03\u000a
p50
aV+1.85000000E-03,+1.80000000E-03,+1.80000000E-03,+1.75000000E-03,+1.75000000E-03,+1.80000000E-03,+1.75000000E-03,+1.85000000E-03,+1.90000000E-03,+1.90000000E-03\u000a
p51
aV+1.85000000E-03,+1.85000000E-03,+1.85000000E-03,+1.96000000E-03,+1.96000000E-03,+1.96000000E-03,+1.96000000E-03,+1.90000000E-03,+1.85000000E-03,+1.96000000E-03\u000a
p52
aV+2.01000000E-03,+1.90000000E-03,+2.01000000E-03,+2.01000000E-03,+1.90000000E-03,+2.01000000E-03,+2.06000000E-03,+1.96000000E-03,+2.01000000E-03,+1.96000000E-03\u000a
p53
aV+2.06000000E-03,+2.06000000E-03,+2.11000000E-03,+2.06000000E-03,+2.11000000E-03,+2.11000000E-03,+2.11000000E-03,+2.11000000E-03,+2.06000000E-03,+2.11000000E-03\u000a
p54
aV+2.21000000E-03,+2.26000000E-03,+2.26000000E-03,+2.21000000E-03,+2.26000000E-03,+2.16000000E-03,+2.26000000E-03,+2.32000000E-03,+2.21000000E-03,+2.21000000E-03\u000a
p55
aV+2.37000000E-03,+2.37000000E-03,+2.32000000E-03,+2.32000000E-03,+2.32000000E-03,+2.32000000E-03,+2.32000000E-03,+2.26000000E-03,+2.42000000E-03,+2.32000000E-03\u000a
p56
aV+2.37000000E-03,+2.42000000E-03,+2.47000000E-03,+2.42000000E-03,+2.47000000E-03,+2.37000000E-03,+2.42000000E-03,+2.42000000E-03,+2.37000000E-03,+2.32000000E-03\u000a
p57
aV+2.52000000E-03,+2.62000000E-03,+2.52000000E-03,+2.52000000E-03,+2.57000000E-03,+2.52000000E-03,+2.57000000E-03,+2.57000000E-03,+2.52000000E-03,+2.52000000E-03\u000a
p58
aV+2.62000000E-03,+2.68000000E-03,+2.68000000E-03,+2.57000000E-03,+2.68000000E-03,+2.62000000E-03,+2.62000000E-03,+2.62000000E-03,+2.42000000E-03,+2.57000000E-03\u000a
p59
aV+2.57000000E-03,+2.68000000E-03,+2.73000000E-03,+2.62000000E-03,+2.62000000E-03,+2.68000000E-03,+2.62000000E-03,+2.62000000E-03,+2.57000000E-03,+2.68000000E-03\u000a
p60
aV+2.88000000E-03,+3.04000000E-03,+2.93000000E-03,+2.83000000E-03,+2.88000000E-03,+2.93000000E-03,+2.98000000E-03,+2.98000000E-03,+2.88000000E-03,+2.93000000E-03\u000a
p61
aV+3.09000000E-03,+3.09000000E-03,+3.09000000E-03,+3.09000000E-03,+2.98000000E-03,+3.04000000E-03,+3.04000000E-03,+3.09000000E-03,+3.14000000E-03,+3.04000000E-03\u000a
p62
aV+3.19000000E-03,+3.19000000E-03,+3.04000000E-03,+3.14000000E-03,+3.19000000E-03,+3.09000000E-03,+3.14000000E-03,+3.19000000E-03,+3.14000000E-03,+3.09000000E-03\u000a
p63
aV+3.40000000E-03,+3.29000000E-03,+3.35000000E-03,+3.35000000E-03,+3.29000000E-03,+3.35000000E-03,+3.35000000E-03,+3.24000000E-03,+3.24000000E-03,+3.29000000E-03\u000a
p64
aV+3.45000000E-03,+3.45000000E-03,+3.55000000E-03,+3.50000000E-03,+3.50000000E-03,+3.55000000E-03,+3.55000000E-03,+3.55000000E-03,+3.50000000E-03,+3.50000000E-03\u000a
p65
aV+3.76000000E-03,+3.81000000E-03,+3.65000000E-03,+3.71000000E-03,+3.76000000E-03,+3.60000000E-03,+3.86000000E-03,+3.55000000E-03,+3.76000000E-03,+3.71000000E-03\u000a
p66
aV+3.91000000E-03,+3.86000000E-03,+4.07000000E-03,+3.86000000E-03,+3.86000000E-03,+4.01000000E-03,+3.86000000E-03,+3.91000000E-03,+4.01000000E-03,+3.91000000E-03\u000a
p67
aV+4.12000000E-03,+4.12000000E-03,+4.22000000E-03,+4.12000000E-03,+4.22000000E-03,+4.12000000E-03,+4.07000000E-03,+4.17000000E-03,+4.12000000E-03,+4.01000000E-03\u000a
p68
aV+4.43000000E-03,+4.63000000E-03,+4.53000000E-03,+4.43000000E-03,+4.58000000E-03,+4.48000000E-03,+4.48000000E-03,+4.53000000E-03,+4.43000000E-03,+4.48000000E-03\u000a
p69
aV+4.84000000E-03,+4.89000000E-03,+4.94000000E-03,+4.84000000E-03,+4.84000000E-03,+4.79000000E-03,+4.84000000E-03,+4.89000000E-03,+4.89000000E-03,+4.79000000E-03\u000a
p70
aV+5.20000000E-03,+5.30000000E-03,+5.35000000E-03,+5.25000000E-03,+5.35000000E-03,+5.40000000E-03,+5.25000000E-03,+5.15000000E-03,+5.35000000E-03,+5.30000000E-03\u000a
p71
aV+5.87000000E-03,+5.97000000E-03,+5.87000000E-03,+5.92000000E-03,+5.92000000E-03,+5.87000000E-03,+5.82000000E-03,+5.97000000E-03,+5.92000000E-03,+5.92000000E-03\u000a
p72
aV+6.33000000E-03,+6.38000000E-03,+6.64000000E-03,+6.43000000E-03,+6.43000000E-03,+6.33000000E-03,+6.43000000E-03,+6.38000000E-03,+6.43000000E-03,+6.43000000E-03\u000a
p73
aV+7.21000000E-03,+7.10000000E-03,+7.10000000E-03,+7.26000000E-03,+7.10000000E-03,+7.10000000E-03,+7.31000000E-03,+7.26000000E-03,+7.10000000E-03,+7.10000000E-03\u000a
p74
aV+7.93000000E-03,+7.77000000E-03,+7.98000000E-03,+7.98000000E-03,+7.93000000E-03,+7.82000000E-03,+7.93000000E-03,+7.82000000E-03,+7.77000000E-03,+7.87000000E-03\u000a
p75
aV+9.01000000E-03,+8.80000000E-03,+9.01000000E-03,+8.95000000E-03,+8.85000000E-03,+9.06000000E-03,+8.95000000E-03,+8.80000000E-03,+8.85000000E-03,+8.85000000E-03\u000a
p76
aV+9.83000000E-03,+9.93000000E-03,+9.98000000E-03,+9.78000000E-03,+9.98000000E-03,+9.83000000E-03,+9.78000000E-03,+1.00900000E-02,+1.00400000E-02,+9.88000000E-03\u000a
p77
aV+9.98000000E-03,+9.83000000E-03,+9.98000000E-03,+9.88000000E-03,+9.88000000E-03,+1.00400000E-02,+9.88000000E-03,+9.88000000E-03,+9.93000000E-03,+9.98000000E-03\u000a
p78
aV+1.24000000E-02,+1.24000000E-02,+1.23500000E-02,+1.24500000E-02,+1.24000000E-02,+1.22000000E-02,+1.23000000E-02,+1.23000000E-02,+1.24000000E-02,+1.23000000E-02\u000a
p79
aV+1.23500000E-02,+1.24500000E-02,+1.23000000E-02,+1.23500000E-02,+1.25600000E-02,+1.24500000E-02,+1.24000000E-02,+1.24000000E-02,+1.24500000E-02,+1.23500000E-02\u000a
p80
aV+1.56500000E-02,+1.57500000E-02,+1.57000000E-02,+1.56500000E-02,+1.57500000E-02,+1.55400000E-02,+1.55900000E-02,+1.57500000E-02,+1.57500000E-02,+1.55900000E-02\u000a
p81
aV+1.72900000E-02,+1.72400000E-02,+1.72400000E-02,+1.72400000E-02,+1.72900000E-02,+1.73400000E-02,+1.72900000E-02,+1.72900000E-02,+1.74000000E-02,+1.73400000E-02\u000a
p82
aV+1.89900000E-02,+1.90900000E-02,+1.89900000E-02,+1.91500000E-02,+1.90900000E-02,+1.90900000E-02,+1.90400000E-02,+1.91500000E-02,+1.90900000E-02,+1.89900000E-02\u000a
p83
aV+2.15100000E-02,+2.14600000E-02,+2.14600000E-02,+2.16200000E-02,+2.15100000E-02,+2.16200000E-02,+2.16200000E-02,+2.14100000E-02,+2.14600000E-02,+2.15600000E-02\u000a
p84
aV+2.36200000E-02,+2.36200000E-02,+2.37300000E-02,+2.35200000E-02,+2.37300000E-02,+2.35700000E-02,+2.36200000E-02,+2.36700000E-02,+2.35700000E-02,+2.36200000E-02\u000a
p85
aV+2.63500000E-02,+2.63000000E-02,+2.62500000E-02,+2.61400000E-02,+2.64000000E-02,+2.63000000E-02,+2.62500000E-02,+2.63500000E-02,+2.63000000E-02,+2.62500000E-02\u000a
p86
aV+2.94900000E-02,+2.94900000E-02,+2.95400000E-02,+2.95900000E-02,+2.95400000E-02,+2.95400000E-02,+2.95400000E-02,+2.94900000E-02,+2.95400000E-02,+2.96400000E-02\u000a
p87
aV+3.21100000E-02,+3.20600000E-02,+3.19600000E-02,+3.21700000E-02,+3.20600000E-02,+3.20600000E-02,+3.21700000E-02,+3.20600000E-02,+3.20600000E-02,+3.21700000E-02\u000a
p88
aV+3.51000000E-02,+3.52000000E-02,+3.52000000E-02,+3.52500000E-02,+3.51000000E-02,+3.52500000E-02,+3.52000000E-02,+3.52000000E-02,+3.51000000E-02,+3.52500000E-02\u000a
p89
aV+3.79800000E-02,+3.79800000E-02,+3.79800000E-02,+3.79300000E-02,+3.79800000E-02,+3.79800000E-02,+3.78800000E-02,+3.79300000E-02,+3.79800000E-02,+3.79300000E-02\u000a
p90
aV+4.18900000E-02,+4.17900000E-02,+4.17400000E-02,+4.17400000E-02,+4.16900000E-02,+4.18900000E-02,+4.17400000E-02,+4.17900000E-02,+4.17400000E-02,+4.16400000E-02\u000a
p91
aV+4.48800000E-02,+4.48300000E-02,+4.47700000E-02,+4.48800000E-02,+4.48300000E-02,+4.48800000E-02,+4.48300000E-02,+4.48800000E-02,+4.48800000E-02,+4.47200000E-02\u000a
p92
aV+4.85800000E-02,+4.86300000E-02,+4.86300000E-02,+4.86900000E-02,+4.87400000E-02,+4.85300000E-02,+4.86900000E-02,+4.86900000E-02,+4.87900000E-02,+4.86900000E-02\u000a
p93
aV+5.19300000E-02,+5.19800000E-02,+5.20300000E-02,+5.19800000E-02,+5.20300000E-02,+5.20300000E-02,+5.19800000E-02,+5.19800000E-02,+5.20300000E-02,+5.21300000E-02\u000a
p94
aV+5.66600000E-02,+5.66100000E-02,+5.66100000E-02,+5.65600000E-02,+5.66100000E-02,+5.65600000E-02,+5.66600000E-02,+5.66600000E-02,+5.65100000E-02,+5.65600000E-02\u000a
p95
aV+6.01600000E-02,+6.00100000E-02,+6.01100000E-02,+6.02100000E-02,+6.01100000E-02,+6.00600000E-02,+6.02100000E-02,+6.00100000E-02,+6.01600000E-02,+6.00600000E-02\u000a
p96
aV+6.44300000E-02,+6.44300000E-02,+6.44900000E-02,+6.43800000E-02,+6.45400000E-02,+6.44900000E-02,+6.44300000E-02,+6.44900000E-02,+6.45400000E-02,+6.44900000E-02\u000a
p97
aV+6.82900000E-02,+6.81400000E-02,+6.82400000E-02,+6.82900000E-02,+6.83500000E-02,+6.82900000E-02,+6.83500000E-02,+6.82900000E-02,+6.84000000E-02,+6.84000000E-02\u000a
p98
aV+7.30800000E-02,+7.31800000E-02,+7.31800000E-02,+7.31300000E-02,+7.31800000E-02,+7.31800000E-02,+7.30800000E-02,+7.31800000E-02,+7.32400000E-02,+7.32400000E-02\u000a
p99
aV+7.78700000E-02,+7.79200000E-02,+7.78700000E-02,+7.79700000E-02,+7.77600000E-02,+7.78200000E-02,+7.79200000E-02,+7.78700000E-02,+7.78700000E-02,+7.77600000E-02\u000a
p100
aV+8.19300000E-02,+8.18800000E-02,+8.18800000E-02,+8.19300000E-02,+8.17800000E-02,+8.19800000E-02,+8.19800000E-02,+8.19800000E-02,+8.18800000E-02,+8.18800000E-02\u000a
p101
aV+8.73400000E-02,+8.72300000E-02,+8.72900000E-02,+8.72300000E-02,+8.72900000E-02,+8.74400000E-02,+8.72900000E-02,+8.72300000E-02,+8.73400000E-02,+8.73400000E-02\u000a
p102
aV+9.12500000E-02,+9.13000000E-02,+9.13500000E-02,+9.13500000E-02,+9.13500000E-02,+9.14500000E-02,+9.13000000E-02,+9.13000000E-02,+9.14000000E-02,+9.12500000E-02\u000a
p103
aV+9.63900000E-02,+9.63400000E-02,+9.63900000E-02,+9.63400000E-02,+9.65500000E-02,+9.63900000E-02,+9.63900000E-02,+9.64500000E-02,+9.63900000E-02,+9.64500000E-02\u000a
p104
aV+1.00770000E-01,+1.00870000E-01,+1.00820000E-01,+1.00820000E-01,+1.00870000E-01,+1.00770000E-01,+1.00970000E-01,+1.00670000E-01,+1.00820000E-01,+1.00920000E-01\u000a
p105
aV+1.06430000E-01,+1.06380000E-01,+1.06280000E-01,+1.06530000E-01,+1.06430000E-01,+1.06280000E-01,+1.06430000E-01,+1.06480000E-01,+1.06380000E-01,+1.06280000E-01\u000a
p106
aV+1.10960000E-01,+1.11010000E-01,+1.10860000E-01,+1.11010000E-01,+1.10860000E-01,+1.10860000E-01,+1.11160000E-01,+1.11060000E-01,+1.10910000E-01,+1.10960000E-01\u000a
p107
aV+1.16310000E-01,+1.16310000E-01,+1.16310000E-01,+1.16210000E-01,+1.16310000E-01,+1.16310000E-01,+1.16210000E-01,+1.16310000E-01,+1.16360000E-01,+1.16360000E-01\u000a
p108
aV+1.20990000E-01,+1.21050000E-01,+1.21100000E-01,+1.21050000E-01,+1.21050000E-01,+1.21150000E-01,+1.21050000E-01,+1.21050000E-01,+1.21150000E-01,+1.21050000E-01\u000a
p109
aV+1.26710000E-01,+1.26550000E-01,+1.26660000E-01,+1.26660000E-01,+1.26660000E-01,+1.26660000E-01,+1.26550000E-01,+1.26660000E-01,+1.26710000E-01,+1.26660000E-01\u000a
p110
aV+1.31490000E-01,+1.31440000E-01,+1.31390000E-01,+1.31440000E-01,+1.31440000E-01,+1.31440000E-01,+1.31440000E-01,+1.31490000E-01,+1.31490000E-01,+1.31600000E-01\u000a
p111
aV+1.37100000E-01,+1.37050000E-01,+1.37100000E-01,+1.37150000E-01,+1.37100000E-01,+1.37150000E-01,+1.37310000E-01,+1.37210000E-01,+1.37100000E-01,+1.37150000E-01\u000a
p112
aV+1.41790000E-01,+1.41990000E-01,+1.41890000E-01,+1.41940000E-01,+1.42040000E-01,+1.41940000E-01,+1.41940000E-01,+1.41890000E-01,+1.41940000E-01,+1.41940000E-01\u000a
p113
aV+1.48070000E-01,+1.48010000E-01,+1.48010000E-01,+1.48170000E-01,+1.48120000E-01,+1.48120000E-01,+1.48070000E-01,+1.48010000E-01,+1.48120000E-01,+1.48070000E-01\u000a
p114
aV+1.53830000E-01,+1.53830000E-01,+1.53830000E-01,+1.53830000E-01,+1.53880000E-01,+1.53880000E-01,+1.53830000E-01,+1.53780000E-01,+1.53730000E-01,+1.53930000E-01\u000a
p115
aV+1.58770000E-01,+1.58870000E-01,+1.58980000E-01,+1.58870000E-01,+1.58920000E-01,+1.58980000E-01,+1.58870000E-01,+1.58920000E-01,+1.58870000E-01,+1.58920000E-01\u000a
p116
aV+1.65200000E-01,+1.65200000E-01,+1.65100000E-01,+1.65200000E-01,+1.65150000E-01,+1.65150000E-01,+1.65250000E-01,+1.65050000E-01,+1.65100000E-01,+1.65200000E-01\u000a
p117
aV+1.70200000E-01,+1.70090000E-01,+1.70040000E-01,+1.70140000E-01,+1.70140000E-01,+1.70090000E-01,+1.70250000E-01,+1.70090000E-01,+1.70140000E-01,+1.70040000E-01\u000a
p118
aV+1.75960000E-01,+1.76110000E-01,+1.76110000E-01,+1.76060000E-01,+1.76060000E-01,+1.76060000E-01,+1.76110000E-01,+1.76170000E-01,+1.76220000E-01,+1.76060000E-01\u000a
p119
aV+1.81160000E-01,+1.81160000E-01,+1.81050000E-01,+1.81260000E-01,+1.81160000E-01,+1.81210000E-01,+1.81210000E-01,+1.81160000E-01,+1.81360000E-01,+1.81210000E-01\u000a
p120
aV+1.87440000E-01,+1.87490000E-01,+1.87490000E-01,+1.87490000E-01,+1.87690000E-01,+1.87490000E-01,+1.87540000E-01,+1.87540000E-01,+1.87540000E-01,+1.87540000E-01\u000a
p121
aV+1.92480000E-01,+1.92530000E-01,+1.92580000E-01,+1.92480000E-01,+1.92580000E-01,+1.92530000E-01,+1.92530000E-01,+1.92580000E-01,+1.92480000E-01,+1.92480000E-01\u000a
p122
aV+1.98450000E-01,+1.98550000E-01,+1.98500000E-01,+1.98450000E-01,+1.98550000E-01,+1.98400000E-01,+1.98350000E-01,+1.98500000E-01,+1.98500000E-01,+1.98450000E-01\u000a
p123
aV+2.03490000E-01,+2.03340000E-01,+2.03600000E-01,+2.03600000E-01,+2.03490000E-01,+2.03440000E-01,+2.03540000E-01,+2.03440000E-01,+2.03600000E-01,+2.03600000E-01\u000a
p124
aV+2.09980000E-01,+2.10030000E-01,+2.10080000E-01,+2.10030000E-01,+2.10080000E-01,+2.09980000E-01,+2.10030000E-01,+2.10130000E-01,+2.09980000E-01,+2.10030000E-01\u000a
p125
aV+2.15380000E-01,+2.15330000E-01,+2.15330000E-01,+2.15380000E-01,+2.15330000E-01,+2.15480000E-01,+2.15480000E-01,+2.15330000E-01,+2.15280000E-01,+2.15330000E-01\u000a
p126
aV+2.21350000E-01,+2.21400000E-01,+2.21350000E-01,+2.21450000E-01,+2.21300000E-01,+2.21350000E-01,+2.21400000E-01,+2.21350000E-01,+2.21400000E-01,+2.21300000E-01\u000a
p127
aV+2.27940000E-01,+2.27940000E-01,+2.27940000E-01,+2.28090000E-01,+2.28040000E-01,+2.28090000E-01,+2.28040000E-01,+2.28040000E-01,+2.28040000E-01,+2.28040000E-01\u000a
p128
aV+2.33600000E-01,+2.33550000E-01,+2.33450000E-01,+2.33500000E-01,+2.33650000E-01,+2.33500000E-01,+2.33550000E-01,+2.33650000E-01,+2.33600000E-01,+2.33600000E-01\u000a
p129
aV+2.39930000E-01,+2.39980000E-01,+2.39880000E-01,+2.40030000E-01,+2.40090000E-01,+2.39980000E-01,+2.39930000E-01,+2.40030000E-01,+2.40140000E-01,+2.40030000E-01\u000a
p130
aV+2.45750000E-01,+2.45690000E-01,+2.45590000E-01,+2.45750000E-01,+2.45640000E-01,+2.45800000E-01,+2.45690000E-01,+2.45750000E-01,+2.45750000E-01,+2.45800000E-01\u000a
p131
aV+2.52690000E-01,+2.52750000E-01,+2.52750000E-01,+2.52590000E-01,+2.52800000E-01,+2.52800000E-01,+2.52850000E-01,+2.52850000E-01,+2.52900000E-01,+2.52690000E-01\u000a
p132
aV+2.58360000E-01,+2.58410000E-01,+2.58250000E-01,+2.58300000E-01,+2.58300000E-01,+2.58360000E-01,+2.58300000E-01,+2.58410000E-01,+2.58300000E-01,+2.58250000E-01\u000a
p133
aV+2.64740000E-01,+2.64690000E-01,+2.64740000E-01,+2.64740000E-01,+2.64790000E-01,+2.64740000E-01,+2.64740000E-01,+2.64790000E-01,+2.64740000E-01,+2.64630000E-01\u000a
p134
aV+2.70300000E-01,+2.70450000E-01,+2.70500000E-01,+2.70400000E-01,+2.70710000E-01,+2.70400000E-01,+2.70450000E-01,+2.70550000E-01,+2.70500000E-01,+2.70450000E-01\u000a
p135
aV+2.77600000E-01,+2.77450000E-01,+2.77400000E-01,+2.77710000E-01,+2.77500000E-01,+2.77450000E-01,+2.77550000E-01,+2.77450000E-01,+2.77500000E-01,+2.77600000E-01\u000a
p136
aV+2.83420000E-01,+2.83370000E-01,+2.83470000E-01,+2.83320000E-01,+2.83470000E-01,+2.83520000E-01,+2.83420000E-01,+2.83520000E-01,+2.83470000E-01,+2.83520000E-01\u000a
p137
aV+2.89750000E-01,+2.89900000E-01,+2.89960000E-01,+2.89850000E-01,+2.89850000E-01,+2.90010000E-01,+2.89850000E-01,+2.89850000E-01,+2.89900000E-01,+2.89960000E-01\u000a
p138
aV+2.93200000E-01,+2.93350000E-01,+2.93250000E-01,+2.93300000E-01,+2.93250000E-01,+2.93400000E-01,+2.93300000E-01,+2.93400000E-01,+2.93250000E-01,+2.93450000E-01\u000a
p139
aV+2.99630000E-01,+2.99580000E-01,+2.99420000E-01,+2.99680000E-01,+2.99530000E-01,+2.99530000E-01,+2.99580000E-01,+2.99530000E-01,+2.99630000E-01,+2.99630000E-01\u000a
p140
aV+3.04980000E-01,+3.04880000E-01,+3.04930000E-01,+3.04880000E-01,+3.04980000E-01,+3.04930000E-01,+3.04930000E-01,+3.05090000E-01,+3.04980000E-01,+3.04830000E-01\u000a
p141
aV+3.11570000E-01,+3.11620000E-01,+3.11620000E-01,+3.11520000E-01,+3.11570000E-01,+3.11570000E-01,+3.11620000E-01,+3.11570000E-01,+3.11470000E-01,+3.11570000E-01\u000a
p142
aV+3.17800000E-01,+3.17900000E-01,+3.17750000E-01,+3.17750000E-01,+3.17900000E-01,+3.17850000E-01,+3.17850000E-01,+3.17900000E-01,+3.17900000E-01,+3.17800000E-01\u000a
p143
aV+3.23050000E-01,+3.22940000E-01,+3.22940000E-01,+3.23050000E-01,+3.23050000E-01,+3.23050000E-01,+3.23150000E-01,+3.22940000E-01,+3.23050000E-01,+3.23150000E-01\u000a
p144
aV+3.30100000E-01,+3.29940000E-01,+3.30050000E-01,+3.30050000E-01,+3.30100000E-01,+3.30100000E-01,+3.30100000E-01,+3.30100000E-01,+3.30100000E-01,+3.30250000E-01\u000a
p145
aV+3.34470000E-01,+3.34730000E-01,+3.34730000E-01,+3.34680000E-01,+3.34630000E-01,+3.34780000E-01,+3.34580000E-01,+3.34580000E-01,+3.34630000E-01,+3.34580000E-01\u000a
p146
aV+3.34520000E-01,+3.34630000E-01,+3.34830000E-01,+3.34680000E-01,+3.34680000E-01,+3.34730000E-01,+3.34630000E-01,+3.34730000E-01,+3.34680000E-01,+3.34780000E-01\u000a
p147
aV+3.34630000E-01,+3.34780000E-01,+3.34730000E-01,+3.34680000E-01,+3.34830000E-01,+3.34630000E-01,+3.34680000E-01,+3.34730000E-01,+3.34630000E-01,+3.34730000E-01\u000a
p148
aV+3.34780000E-01,+3.34780000E-01,+3.34630000E-01,+3.34780000E-01,+3.34680000E-01,+3.34730000E-01,+3.34780000E-01,+3.34680000E-01,+3.34630000E-01,+3.34780000E-01\u000a
p149
aV+3.34680000E-01,+3.34680000E-01,+3.34730000E-01,+3.34680000E-01,+3.34730000E-01,+3.34780000E-01,+3.34680000E-01,+3.34780000E-01,+3.34680000E-01,+3.34780000E-01\u000a
p150
a.