(lp0
V+3.31380000E-01,+3.31490000E-01,+3.31690000E-01,+3.31900000E-01,+3.32110000E-01,+3.32160000E-01,+3.32160000E-01,+3.32160000E-01,+3.32160000E-01,+3.32160000E-01\u000a
p1
aV+3.28040000E-01,+3.27990000E-01,+3.27940000E-01,+3.27990000E-01,+3.27990000E-01,+3.28040000E-01,+3.27940000E-01,+3.27990000E-01,+3.27990000E-01,+3.28040000E-01\u000a
p2
aV+3.28040000E-01,+3.28040000E-01,+3.28040000E-01,+3.28040000E-01,+3.27990000E-01,+3.27940000E-01,+3.28040000E-01,+3.28140000E-01,+3.28040000E-01,+3.28040000E-01\u000a
p3
aV+3.20170000E-01,+3.20060000E-01,+3.20010000E-01,+3.20060000E-01,+3.20010000E-01,+3.19960000E-01,+3.20110000E-01,+3.20110000E-01,+3.20060000E-01,+3.20010000E-01\u000a
p4
aV+3.16410000E-01,+3.16460000E-01,+3.16410000E-01,+3.16460000E-01,+3.16410000E-01,+3.16460000E-01,+3.16410000E-01,+3.16360000E-01,+3.16360000E-01,+3.16360000E-01\u000a
p5
aV+3.11930000E-01,+3.11980000E-01,+3.11930000E-01,+3.11980000E-01,+3.11880000E-01,+3.11980000E-01,+3.11930000E-01,+3.11930000E-01,+3.11880000E-01,+3.11980000E-01\u000a
p6
aV+3.07760000E-01,+3.07810000E-01,+3.07710000E-01,+3.07760000E-01,+3.07660000E-01,+3.07760000E-01,+3.07810000E-01,+3.07760000E-01,+3.07660000E-01,+3.07760000E-01\u000a
p7
aV+3.04160000E-01,+3.04210000E-01,+3.04160000E-01,+3.04210000E-01,+3.04160000E-01,+3.04160000E-01,+3.04160000E-01,+3.04160000E-01,+3.04160000E-01,+3.04210000E-01\u000a
p8
aV+2.99580000E-01,+2.99530000E-01,+2.99630000E-01,+2.99630000E-01,+2.99580000E-01,+2.99680000E-01,+2.99530000E-01,+2.99480000E-01,+2.99630000E-01,+2.99580000E-01\u000a
p9
aV+2.96030000E-01,+2.96080000E-01,+2.95980000E-01,+2.95980000E-01,+2.96030000E-01,+2.96030000E-01,+2.95980000E-01,+2.95980000E-01,+2.96080000E-01,+2.95980000E-01\u000a
p10
aV+2.91810000E-01,+2.91760000E-01,+2.91860000E-01,+2.91760000E-01,+2.91910000E-01,+2.91860000E-01,+2.91810000E-01,+2.91810000E-01,+2.91860000E-01,+2.91910000E-01\u000a
p11
aV+2.88310000E-01,+2.88260000E-01,+2.88210000E-01,+2.88310000E-01,+2.88310000E-01,+2.88210000E-01,+2.88310000E-01,+2.88310000E-01,+2.88210000E-01,+2.88210000E-01\u000a
p12
aV+2.83830000E-01,+2.83830000E-01,+2.83780000E-01,+2.83830000E-01,+2.83830000E-01,+2.83780000E-01,+2.83880000E-01,+2.83780000E-01,+2.83780000E-01,+2.83830000E-01\u000a
p13
aV+2.80180000E-01,+2.80230000E-01,+2.80180000E-01,+2.80230000E-01,+2.80230000E-01,+2.80130000E-01,+2.80180000E-01,+2.80130000E-01,+2.80180000E-01,+2.80070000E-01\u000a
p14
aV+2.76160000E-01,+2.76010000E-01,+2.76110000E-01,+2.76060000E-01,+2.76060000E-01,+2.76160000E-01,+2.76060000E-01,+2.76010000E-01,+2.76110000E-01,+2.76160000E-01\u000a
p15
aV+2.72660000E-01,+2.72610000E-01,+2.72710000E-01,+2.72660000E-01,+2.72660000E-01,+2.72610000E-01,+2.72710000E-01,+2.72560000E-01,+2.72610000E-01,+2.72660000E-01\u000a
p16
aV+2.67930000E-01,+2.67930000E-01,+2.67880000E-01,+2.67880000E-01,+2.67930000E-01,+2.67930000E-01,+2.67930000E-01,+2.67930000E-01,+2.67770000E-01,+2.67930000E-01\u000a
p17
aV+2.64530000E-01,+2.64530000E-01,+2.64430000E-01,+2.64480000E-01,+2.64480000E-01,+2.64430000E-01,+2.64480000E-01,+2.64530000E-01,+2.64530000E-01,+2.64380000E-01\u000a
p18
aV+2.60410000E-01,+2.60410000E-01,+2.60470000E-01,+2.60470000E-01,+2.60410000E-01,+2.60360000E-01,+2.60410000E-01,+2.60410000E-01,+2.60360000E-01,+2.60360000E-01\u000a
p19
aV+2.56040000E-01,+2.55940000E-01,+2.55940000E-01,+2.56040000E-01,+2.55940000E-01,+2.55830000E-01,+2.55990000E-01,+2.55990000E-01,+2.55990000E-01,+2.55940000E-01\u000a
p20
aV+2.52640000E-01,+2.52540000E-01,+2.52490000E-01,+2.52590000E-01,+2.52490000E-01,+2.52490000E-01,+2.52590000E-01,+2.52540000E-01,+2.52490000E-01,+2.52490000E-01\u000a
p21
aV+2.48530000E-01,+2.48630000E-01,+2.48630000E-01,+2.48470000E-01,+2.48580000E-01,+2.48530000E-01,+2.48530000E-01,+2.48580000E-01,+2.48470000E-01,+2.48530000E-01\u000a
p22
aV+2.43640000E-01,+2.43690000E-01,+2.43740000E-01,+2.43580000E-01,+2.43690000E-01,+2.43690000E-01,+2.43640000E-01,+2.43640000E-01,+2.43690000E-01,+2.43640000E-01\u000a
p23
aV+2.39360000E-01,+2.39210000E-01,+2.39260000E-01,+2.39310000E-01,+2.39260000E-01,+2.39260000E-01,+2.39310000E-01,+2.39210000E-01,+2.39210000E-01,+2.39210000E-01\u000a
p24
aV+2.35920000E-01,+2.35870000E-01,+2.35970000E-01,+2.35870000E-01,+2.35870000E-01,+2.35920000E-01,+2.35920000E-01,+2.35920000E-01,+2.35920000E-01,+2.35870000E-01\u000a
p25
aV+2.31800000E-01,+2.31750000E-01,+2.31800000E-01,+2.31750000E-01,+2.31800000E-01,+2.31700000E-01,+2.31750000E-01,+2.31800000E-01,+2.31750000E-01,+2.31750000E-01\u000a
p26
aV+2.28400000E-01,+2.28400000E-01,+2.28350000E-01,+2.28450000E-01,+2.28400000E-01,+2.28300000E-01,+2.28350000E-01,+2.28400000E-01,+2.28350000E-01,+2.28300000E-01\u000a
p27
aV+2.23820000E-01,+2.23820000E-01,+2.23820000E-01,+2.23820000E-01,+2.23870000E-01,+2.23870000E-01,+2.23820000E-01,+2.23820000E-01,+2.23870000E-01,+2.23720000E-01\u000a
p28
aV+2.20790000E-01,+2.20730000E-01,+2.20790000E-01,+2.20790000E-01,+2.20730000E-01,+2.20840000E-01,+2.20730000E-01,+2.20790000E-01,+2.20730000E-01,+2.20790000E-01\u000a
p29
aV+2.16820000E-01,+2.16770000E-01,+2.16870000E-01,+2.16870000E-01,+2.16820000E-01,+2.16820000E-01,+2.16820000E-01,+2.16720000E-01,+2.16820000E-01,+2.16870000E-01\u000a
p30
aV+2.13430000E-01,+2.13320000E-01,+2.13370000E-01,+2.13480000E-01,+2.13430000E-01,+2.13480000E-01,+2.13320000E-01,+2.13370000E-01,+2.13370000E-01,+2.13480000E-01\u000a
p31
aV+2.09150000E-01,+2.09360000E-01,+2.09310000E-01,+2.09310000E-01,+2.09260000E-01,+2.09260000E-01,+2.09260000E-01,+2.09260000E-01,+2.09310000E-01,+2.09260000E-01\u000a
p32
aV+2.05810000E-01,+2.05860000E-01,+2.05910000E-01,+2.05860000E-01,+2.05960000E-01,+2.05860000E-01,+2.05760000E-01,+2.05760000E-01,+2.05910000E-01,+2.05860000E-01\u000a
p33
aV+2.01950000E-01,+2.01950000E-01,+2.02000000E-01,+2.02000000E-01,+2.02000000E-01,+2.02050000E-01,+2.01900000E-01,+2.01950000E-01,+2.02050000E-01,+2.01950000E-01\u000a
p34
aV+2.02000000E-01,+2.01950000E-01,+2.01900000E-01,+2.02050000E-01,+2.02050000E-01,+2.01950000E-01,+2.01950000E-01,+2.02000000E-01,+2.01900000E-01,+2.01950000E-01\u000a
p35
aV+1.94380000E-01,+1.94440000E-01,+1.94380000E-01,+1.94440000E-01,+1.94380000E-01,+1.94380000E-01,+1.94440000E-01,+1.94380000E-01,+1.94380000E-01,+1.94380000E-01\u000a
p36
aV+1.90520000E-01,+1.90630000E-01,+1.90580000E-01,+1.90580000E-01,+1.90580000E-01,+1.90520000E-01,+1.90520000E-01,+1.90520000E-01,+1.90470000E-01,+1.90420000E-01\u000a
p37
aV+1.87180000E-01,+1.87180000E-01,+1.87440000E-01,+1.87230000E-01,+1.87230000E-01,+1.87330000E-01,+1.87130000E-01,+1.87180000E-01,+1.87230000E-01,+1.87180000E-01\u000a
p38
aV+1.83160000E-01,+1.83110000E-01,+1.83060000E-01,+1.83060000E-01,+1.83060000E-01,+1.83110000E-01,+1.83110000E-01,+1.83010000E-01,+1.83060000E-01,+1.83110000E-01\u000a
p39
aV+1.79920000E-01,+1.79820000E-01,+1.79770000E-01,+1.79820000E-01,+1.79870000E-01,+1.79820000E-01,+1.79920000E-01,+1.79770000E-01,+1.79820000E-01,+1.79820000E-01\u000a
p40
aV+1.79770000E-01,+1.79870000E-01,+1.79770000E-01,+1.79770000E-01,+1.79870000E-01,+1.79770000E-01,+1.79920000E-01,+1.79720000E-01,+1.79720000E-01,+1.79820000E-01\u000a
p41
aV+1.72920000E-01,+1.72920000E-01,+1.72970000E-01,+1.72820000E-01,+1.72970000E-01,+1.72820000E-01,+1.72820000E-01,+1.72820000E-01,+1.72920000E-01,+1.72820000E-01\u000a
p42
aV+1.68650000E-01,+1.68700000E-01,+1.68700000E-01,+1.68700000E-01,+1.68860000E-01,+1.68750000E-01,+1.68750000E-01,+1.68600000E-01,+1.68750000E-01,+1.68700000E-01\u000a
p43
aV+1.65620000E-01,+1.65510000E-01,+1.65510000E-01,+1.65560000E-01,+1.65620000E-01,+1.65510000E-01,+1.65460000E-01,+1.65510000E-01,+1.65510000E-01,+1.65510000E-01\u000a
p44
aV+1.61810000E-01,+1.61910000E-01,+1.61860000E-01,+1.61910000E-01,+1.61860000E-01,+1.61810000E-01,+1.61860000E-01,+1.61700000E-01,+1.61810000E-01,+1.61810000E-01\u000a
p45
aV+1.58770000E-01,+1.58670000E-01,+1.58720000E-01,+1.58720000E-01,+1.58670000E-01,+1.58670000E-01,+1.58620000E-01,+1.58670000E-01,+1.58670000E-01,+1.58770000E-01\u000a
p46
aV+1.54650000E-01,+1.54700000E-01,+1.54860000E-01,+1.54650000E-01,+1.54760000E-01,+1.54700000E-01,+1.54700000E-01,+1.54700000E-01,+1.54910000E-01,+1.54760000E-01\u000a
p47
aV+1.51200000E-01,+1.51100000E-01,+1.51050000E-01,+1.51050000E-01,+1.51150000E-01,+1.51100000E-01,+1.51100000E-01,+1.51050000E-01,+1.51050000E-01,+1.51100000E-01\u000a
p48
aV+1.48070000E-01,+1.48070000E-01,+1.48070000E-01,+1.48010000E-01,+1.48120000E-01,+1.48010000E-01,+1.48010000E-01,+1.48010000E-01,+1.48010000E-01,+1.48010000E-01\u000a
p49
aV+1.44360000E-01,+1.44360000E-01,+1.44360000E-01,+1.44360000E-01,+1.44360000E-01,+1.44310000E-01,+1.44360000E-01,+1.44310000E-01,+1.44260000E-01,+1.44360000E-01\u000a
p50
aV+1.41370000E-01,+1.41370000E-01,+1.41270000E-01,+1.41320000E-01,+1.41220000E-01,+1.41370000E-01,+1.41010000E-01,+1.41320000E-01,+1.41430000E-01,+1.41320000E-01\u000a
p51
aV+1.37880000E-01,+1.37670000E-01,+1.37820000E-01,+1.37770000E-01,+1.37720000E-01,+1.37880000E-01,+1.37670000E-01,+1.37770000E-01,+1.37620000E-01,+1.37670000E-01\u000a
p52
aV+1.34740000E-01,+1.34580000E-01,+1.34740000E-01,+1.34680000E-01,+1.34790000E-01,+1.34790000E-01,+1.34680000E-01,+1.34740000E-01,+1.34790000E-01,+1.34790000E-01\u000a
p53
aV+1.30980000E-01,+1.30930000E-01,+1.30880000E-01,+1.30930000E-01,+1.30980000E-01,+1.30880000E-01,+1.30930000E-01,+1.30930000E-01,+1.30980000E-01,+1.30980000E-01\u000a
p54
aV+1.27990000E-01,+1.28150000E-01,+1.28050000E-01,+1.28100000E-01,+1.27990000E-01,+1.28100000E-01,+1.28050000E-01,+1.27990000E-01,+1.27990000E-01,+1.28100000E-01\u000a
p55
aV+1.24490000E-01,+1.24650000E-01,+1.24490000E-01,+1.24600000E-01,+1.24600000E-01,+1.24650000E-01,+1.24550000E-01,+1.24550000E-01,+1.24550000E-01,+1.24600000E-01\u000a
p56
aV+1.21770000E-01,+1.21660000E-01,+1.21770000E-01,+1.21720000E-01,+1.21870000E-01,+1.21770000E-01,+1.21720000E-01,+1.21720000E-01,+1.21870000E-01,+1.21770000E-01\u000a
p57
aV+1.18220000E-01,+1.18160000E-01,+1.18060000E-01,+1.18270000E-01,+1.18110000E-01,+1.18010000E-01,+1.18110000E-01,+1.18060000E-01,+1.17960000E-01,+1.18060000E-01\u000a
p58
aV+1.15130000E-01,+1.15130000E-01,+1.15080000E-01,+1.15130000E-01,+1.15230000E-01,+1.15230000E-01,+1.15180000E-01,+1.15130000E-01,+1.15180000E-01,+1.15130000E-01\u000a
p59
aV+1.11890000E-01,+1.11830000E-01,+1.11830000E-01,+1.11940000E-01,+1.11830000E-01,+1.11830000E-01,+1.11940000E-01,+1.11890000E-01,+1.11940000E-01,+1.11940000E-01\u000a
p60
aV+1.09000000E-01,+1.09000000E-01,+1.09050000E-01,+1.09160000E-01,+1.08950000E-01,+1.09000000E-01,+1.09000000E-01,+1.09000000E-01,+1.09050000E-01,+1.09000000E-01\u000a
p61
aV+1.05560000E-01,+1.05450000E-01,+1.05500000E-01,+1.05560000E-01,+1.05500000E-01,+1.05500000E-01,+1.05400000E-01,+1.05610000E-01,+1.05560000E-01,+1.05400000E-01\u000a
p62
aV+1.02110000E-01,+1.02210000E-01,+1.02210000E-01,+1.02210000E-01,+1.02260000E-01,+1.02210000E-01,+1.02210000E-01,+1.02260000E-01,+1.02160000E-01,+1.02360000E-01\u000a
p63
aV+9.95300000E-02,+9.96400000E-02,+9.95900000E-02,+9.96900000E-02,+9.96900000E-02,+9.95900000E-02,+9.96400000E-02,+9.95900000E-02,+9.97400000E-02,+9.95900000E-02\u000a
p64
aV+9.61400000E-02,+9.61400000E-02,+9.60900000E-02,+9.57300000E-02,+9.60300000E-02,+9.61400000E-02,+9.60900000E-02,+9.60900000E-02,+9.60900000E-02,+9.61400000E-02\u000a
p65
aV+9.34600000E-02,+9.34100000E-02,+9.34600000E-02,+9.33600000E-02,+9.34100000E-02,+9.32500000E-02,+9.33100000E-02,+9.33600000E-02,+9.33100000E-02,+9.33600000E-02\u000a
p66
aV+9.02200000E-02,+9.02700000E-02,+9.03200000E-02,+9.02700000E-02,+9.03200000E-02,+9.03700000E-02,+9.02700000E-02,+9.02700000E-02,+9.03200000E-02,+9.02700000E-02\u000a
p67
aV+8.77000000E-02,+8.77000000E-02,+8.76500000E-02,+8.77000000E-02,+8.75900000E-02,+8.77000000E-02,+8.76500000E-02,+8.77000000E-02,+8.76500000E-02,+8.77000000E-02\u000a
p68
aV+8.43500000E-02,+8.44000000E-02,+8.44000000E-02,+8.44500000E-02,+8.44000000E-02,+8.44000000E-02,+8.44500000E-02,+8.43000000E-02,+8.44000000E-02,+8.44500000E-02\u000a
p69
aV+8.18300000E-02,+8.18300000E-02,+8.18300000E-02,+8.18300000E-02,+8.18300000E-02,+8.16200000E-02,+8.17800000E-02,+8.18800000E-02,+8.18300000E-02,+8.17800000E-02\u000a
p70
aV+7.89000000E-02,+7.90000000E-02,+7.89500000E-02,+7.89500000E-02,+7.89500000E-02,+7.87400000E-02,+7.90000000E-02,+7.89500000E-02,+7.88400000E-02,+7.89000000E-02\u000a
p71
aV+7.66300000E-02,+7.65800000E-02,+7.65300000E-02,+7.64800000E-02,+7.64300000E-02,+7.64300000E-02,+7.65300000E-02,+7.65300000E-02,+7.64800000E-02,+7.64300000E-02\u000a
p72
aV+7.33400000E-02,+7.32900000E-02,+7.33400000E-02,+7.33900000E-02,+7.32400000E-02,+7.32400000E-02,+7.32400000E-02,+7.33400000E-02,+7.32900000E-02,+7.33900000E-02\u000a
p73
aV+7.09700000E-02,+7.08700000E-02,+7.08700000E-02,+7.09700000E-02,+7.09200000E-02,+7.08700000E-02,+7.09700000E-02,+7.08700000E-02,+7.09200000E-02,+7.09200000E-02\u000a
p74
aV+6.80900000E-02,+6.80400000E-02,+6.80900000E-02,+6.80900000E-02,+6.80400000E-02,+6.80900000E-02,+6.80400000E-02,+6.80900000E-02,+6.80400000E-02,+6.80900000E-02\u000a
p75
aV+6.51000000E-02,+6.51000000E-02,+6.51500000E-02,+6.51000000E-02,+6.52100000E-02,+6.51500000E-02,+6.51000000E-02,+6.51500000E-02,+6.51000000E-02,+6.51000000E-02\u000a
p76
aV+6.27900000E-02,+6.27400000E-02,+6.27400000E-02,+6.27900000E-02,+6.27400000E-02,+6.27400000E-02,+6.27400000E-02,+6.27900000E-02,+6.28400000E-02,+6.27900000E-02\u000a
p77
aV+5.99600000E-02,+6.00100000E-02,+6.00100000E-02,+5.99600000E-02,+6.00100000E-02,+5.99600000E-02,+6.00100000E-02,+6.00600000E-02,+5.99600000E-02,+6.01100000E-02\u000a
p78
aV+5.87700000E-02,+5.88200000E-02,+5.86700000E-02,+5.88200000E-02,+5.88200000E-02,+5.88200000E-02,+5.88200000E-02,+5.88200000E-02,+5.88200000E-02,+5.89800000E-02\u000a
p79
aV+5.60500000E-02,+5.60500000E-02,+5.61500000E-02,+5.60500000E-02,+5.61500000E-02,+5.60500000E-02,+5.60500000E-02,+5.61000000E-02,+5.61000000E-02,+5.61000000E-02\u000a
p80
aV+5.39900000E-02,+5.38800000E-02,+5.38800000E-02,+5.39900000E-02,+5.38800000E-02,+5.38800000E-02,+5.39900000E-02,+5.37800000E-02,+5.38800000E-02,+5.38300000E-02\u000a
p81
aV+5.11600000E-02,+5.11600000E-02,+5.11000000E-02,+5.10500000E-02,+5.11600000E-02,+5.12100000E-02,+5.10500000E-02,+5.10500000E-02,+5.11000000E-02,+5.10500000E-02\u000a
p82
aV+4.90500000E-02,+4.88900000E-02,+4.89900000E-02,+4.90500000E-02,+4.88900000E-02,+4.89900000E-02,+4.89400000E-02,+4.89400000E-02,+4.90500000E-02,+4.88900000E-02\u000a
p83
aV+4.64200000E-02,+4.64700000E-02,+4.63700000E-02,+4.64200000E-02,+4.64700000E-02,+4.63700000E-02,+4.64200000E-02,+4.62700000E-02,+4.64200000E-02,+4.63700000E-02\u000a
p84
aV+4.43600000E-02,+4.43600000E-02,+4.43100000E-02,+4.43100000E-02,+4.43100000E-02,+4.42100000E-02,+4.43600000E-02,+4.42600000E-02,+4.41600000E-02,+4.42600000E-02\u000a
p85
aV+4.16900000E-02,+4.16400000E-02,+4.16900000E-02,+4.16900000E-02,+4.16900000E-02,+4.15800000E-02,+4.16400000E-02,+4.16900000E-02,+4.16900000E-02,+4.16900000E-02\u000a
p86
aV+3.95800000E-02,+3.96800000E-02,+3.96300000E-02,+3.95800000E-02,+3.95800000E-02,+3.95800000E-02,+3.96800000E-02,+3.96300000E-02,+3.96300000E-02,+3.96300000E-02\u000a
p87
aV+3.72100000E-02,+3.72600000E-02,+3.73100000E-02,+3.73600000E-02,+3.73100000E-02,+3.72600000E-02,+3.72600000E-02,+3.72100000E-02,+3.73100000E-02,+3.73100000E-02\u000a
p88
aV+3.53100000E-02,+3.54100000E-02,+3.53100000E-02,+3.54600000E-02,+3.51500000E-02,+3.52500000E-02,+3.53600000E-02,+3.53600000E-02,+3.53100000E-02,+3.53100000E-02\u000a
p89
aV+3.29400000E-02,+3.28900000E-02,+3.27300000E-02,+3.28900000E-02,+3.28300000E-02,+3.27800000E-02,+3.28300000E-02,+3.29400000E-02,+3.28300000E-02,+3.27800000E-02\u000a
p90
aV+3.07200000E-02,+3.06200000E-02,+3.06700000E-02,+3.06700000E-02,+3.06700000E-02,+3.06700000E-02,+3.07200000E-02,+3.06700000E-02,+3.06200000E-02,+3.06700000E-02\u000a
p91
aV+2.87700000E-02,+2.88700000E-02,+2.88200000E-02,+2.88700000E-02,+2.87700000E-02,+2.88700000E-02,+2.88700000E-02,+2.88700000E-02,+2.88200000E-02,+2.87700000E-02\u000a
p92
aV+2.87200000E-02,+2.87700000E-02,+2.87700000E-02,+2.87200000E-02,+2.88200000E-02,+2.88200000E-02,+2.88200000E-02,+2.88200000E-02,+2.87200000E-02,+2.87200000E-02\u000a
p93
aV+2.47500000E-02,+2.47500000E-02,+2.46500000E-02,+2.48600000E-02,+2.47500000E-02,+2.49100000E-02,+2.47000000E-02,+2.46500000E-02,+2.47500000E-02,+2.48100000E-02\u000a
p94
aV+2.27000000E-02,+2.27000000E-02,+2.26400000E-02,+2.27500000E-02,+2.27500000E-02,+2.27000000E-02,+2.26400000E-02,+2.26400000E-02,+2.27500000E-02,+2.27000000E-02\u000a
p95
aV+2.10000000E-02,+2.11000000E-02,+2.08400000E-02,+2.10500000E-02,+2.10000000E-02,+2.08900000E-02,+2.10000000E-02,+2.10500000E-02,+2.10000000E-02,+2.09500000E-02\u000a
p96
aV+1.89400000E-02,+1.89400000E-02,+1.87800000E-02,+1.89400000E-02,+1.89900000E-02,+1.89400000E-02,+1.88900000E-02,+1.89400000E-02,+1.88400000E-02,+1.87800000E-02\u000a
p97
aV+1.73400000E-02,+1.74000000E-02,+1.74500000E-02,+1.72900000E-02,+1.74000000E-02,+1.74000000E-02,+1.74500000E-02,+1.73400000E-02,+1.74000000E-02,+1.72900000E-02\u000a
p98
aV+1.55400000E-02,+1.55400000E-02,+1.54900000E-02,+1.55900000E-02,+1.55400000E-02,+1.54900000E-02,+1.55900000E-02,+1.55400000E-02,+1.55400000E-02,+1.55900000E-02\u000a
p99
aV+1.41500000E-02,+1.40500000E-02,+1.40500000E-02,+1.39500000E-02,+1.39500000E-02,+1.40500000E-02,+1.41000000E-02,+1.40000000E-02,+1.40500000E-02,+1.41000000E-02\u000a
p100
aV+1.22000000E-02,+1.21500000E-02,+1.23000000E-02,+1.22500000E-02,+1.22500000E-02,+1.22000000E-02,+1.21500000E-02,+1.22000000E-02,+1.20400000E-02,+1.22000000E-02\u000a
p101
aV+1.08600000E-02,+1.08100000E-02,+1.07000000E-02,+1.07000000E-02,+1.07600000E-02,+1.08100000E-02,+1.07600000E-02,+1.07000000E-02,+1.06500000E-02,+1.07600000E-02\u000a
p102
aV+9.16000000E-03,+9.16000000E-03,+9.32000000E-03,+9.21000000E-03,+9.21000000E-03,+9.26000000E-03,+9.11000000E-03,+9.16000000E-03,+9.26000000E-03,+9.26000000E-03\u000a
p103
aV+7.51000000E-03,+7.57000000E-03,+7.51000000E-03,+7.62000000E-03,+7.62000000E-03,+7.62000000E-03,+7.51000000E-03,+7.62000000E-03,+7.67000000E-03,+7.67000000E-03\u000a
p104
aV+6.33000000E-03,+6.43000000E-03,+6.43000000E-03,+6.33000000E-03,+6.33000000E-03,+6.43000000E-03,+6.33000000E-03,+6.43000000E-03,+6.38000000E-03,+6.38000000E-03\u000a
p105
aV+5.04000000E-03,+5.10000000E-03,+5.10000000E-03,+5.10000000E-03,+4.89000000E-03,+5.04000000E-03,+5.10000000E-03,+4.68000000E-03,+5.10000000E-03,+5.15000000E-03\u000a
p106
aV+4.07000000E-03,+3.96000000E-03,+3.91000000E-03,+4.07000000E-03,+4.01000000E-03,+4.01000000E-03,+4.01000000E-03,+4.12000000E-03,+4.12000000E-03,+4.07000000E-03\u000a
p107
aV+2.88000000E-03,+2.93000000E-03,+2.98000000E-03,+2.88000000E-03,+2.93000000E-03,+2.93000000E-03,+2.93000000E-03,+2.98000000E-03,+2.88000000E-03,+2.88000000E-03\u000a
p108
aV+2.06000000E-03,+2.06000000E-03,+2.06000000E-03,+2.11000000E-03,+2.11000000E-03,+2.11000000E-03,+2.11000000E-03,+2.16000000E-03,+2.11000000E-03,+2.11000000E-03\u000a
p109
aV+1.29000000E-03,+1.39000000E-03,+1.34000000E-03,+1.29000000E-03,+1.29000000E-03,+1.34000000E-03,+1.34000000E-03,+1.29000000E-03,+1.29000000E-03,+1.18000000E-03\u000a
p110
aV+7.20000000E-04,+7.20000000E-04,+7.20000000E-04,+8.70000000E-04,+8.20000000E-04,+5.70000000E-04,+7.20000000E-04,+7.20000000E-04,+7.70000000E-04,+7.20000000E-04\u000a
p111
aV+3.60000000E-04,+3.60000000E-04,+3.10000000E-04,+4.60000000E-04,+3.60000000E-04,+3.10000000E-04,+3.10000000E-04,+3.60000000E-04,+3.10000000E-04,+3.10000000E-04\u000a
p112
aV+1.50000000E-04,+1.50000000E-04,+2.10000000E-04,+1.50000000E-04,+5.00000000E-05,+2.10000000E-04,+1.00000000E-04,+2.10000000E-04,+2.60000000E-04,+1.00000000E-04\u000a
p113
aV+1.00000000E-04,+1.00000000E-04,+1.00000000E-04,+0.00000000E-05,+1.00000000E-04,-5.00000000E-05,+1.00000000E-04,+0.00000000E-05,+5.00000000E-05,+1.00000000E-04\u000a
p114
aV-1.00000000E-04,-5.00000000E-05,+2.10000000E-04,-5.00000000E-05,-5.00000000E-05,+0.00000000E-05,+0.00000000E-05,-5.00000000E-05,-5.00000000E-05,+0.00000000E-05\u000a
p115
aV+0.00000000E-05,+0.00000000E-05,-1.00000000E-04,+0.00000000E-05,+0.00000000E-05,+0.00000000E-05,+0.00000000E-05,-5.00000000E-05,-1.00000000E-04,+5.00000000E-05\u000a
p116
aV-1.00000000E-04,-5.00000000E-05,-1.00000000E-04,-5.00000000E-05,-5.00000000E-05,+5.00000000E-05,-1.00000000E-04,-1.50000000E-04,-1.00000000E-04,-5.00000000E-05\u000a
p117
aV-5.00000000E-05,+0.00000000E-05,+0.00000000E-05,+0.00000000E-05,-5.00000000E-05,-5.00000000E-05,+0.00000000E-05,-1.00000000E-04,-1.50000000E-04,+0.00000000E-05\u000a
p118
aV+0.00000000E-05,-5.00000000E-05,-1.00000000E-04,+0.00000000E-05,+0.00000000E-05,-1.50000000E-04,+1.00000000E-04,-5.00000000E-05,-5.00000000E-05,-5.00000000E-05\u000a
p119
aV-1.50000000E-04,-1.50000000E-04,-5.00000000E-05,-1.00000000E-04,-5.00000000E-05,+5.00000000E-05,-1.00000000E-04,-5.00000000E-05,+0.00000000E-05,-5.00000000E-05\u000a
p120
aV+0.00000000E-05,+0.00000000E-05,-1.00000000E-04,-5.00000000E-05,-1.00000000E-04,-5.00000000E-05,+0.00000000E-05,-5.00000000E-05,-1.00000000E-04,+0.00000000E-05\u000a
p121
aV+0.00000000E-05,-5.00000000E-05,-5.00000000E-05,+0.00000000E-05,-2.10000000E-04,-5.00000000E-05,-5.00000000E-05,-5.00000000E-05,-5.00000000E-05,+0.00000000E-05\u000a
p122
aV+0.00000000E-05,-5.00000000E-05,-5.00000000E-05,+5.00000000E-05,-1.50000000E-04,-5.00000000E-05,-5.00000000E-05,-5.00000000E-05,-5.00000000E-05,-1.00000000E-04\u000a
p123
aV+0.00000000E-05,-1.00000000E-04,-1.00000000E-04,-1.50000000E-04,+5.00000000E-05,-1.00000000E-04,+0.00000000E-05,+1.00000000E-04,-1.50000000E-04,-5.00000000E-05\u000a
p124
aV-1.00000000E-04,-5.00000000E-05,-1.00000000E-04,-5.00000000E-05,-1.00000000E-04,+0.00000000E-05,-1.00000000E-04,-5.00000000E-05,-1.00000000E-04,-1.00000000E-04\u000a
p125
aV-1.00000000E-04,-1.00000000E-04,-1.00000000E-04,-2.10000000E-04,-5.00000000E-05,+0.00000000E-05,+0.00000000E-05,-5.00000000E-05,-1.00000000E-04,-1.00000000E-04\u000a
p126
aV-5.00000000E-05,-5.00000000E-05,-1.00000000E-04,+2.60000000E-04,-1.50000000E-04,+1.00000000E-04,-1.00000000E-04,-5.00000000E-05,-1.00000000E-04,+0.00000000E-05\u000a
p127
aV+0.00000000E-05,+0.00000000E-05,-1.50000000E-04,+0.00000000E-05,+5.00000000E-05,-1.00000000E-04,-1.00000000E-04,+5.00000000E-05,+0.00000000E-05,-5.00000000E-05\u000a
p128
aV-5.00000000E-05,-5.00000000E-05,+0.00000000E-05,-1.00000000E-04,+5.00000000E-05,-1.00000000E-04,-1.00000000E-04,+0.00000000E-05,-5.00000000E-05,-1.00000000E-04\u000a
p129
aV+5.00000000E-05,-1.00000000E-04,+5.00000000E-05,+0.00000000E-05,-5.00000000E-05,+0.00000000E-05,-5.00000000E-05,-5.00000000E-05,-5.00000000E-05,+0.00000000E-05\u000a
p130
aV-5.00000000E-05,+0.00000000E-05,-5.00000000E-05,-5.00000000E-05,-1.00000000E-04,+0.00000000E-05,-1.00000000E-04,+5.00000000E-05,-1.00000000E-04,-5.00000000E-05\u000a
p131
aV+0.00000000E-05,-5.00000000E-05,-1.00000000E-04,+0.00000000E-05,-5.00000000E-05,-1.00000000E-04,-1.00000000E-04,-5.00000000E-05,+5.00000000E-05,-2.10000000E-04\u000a
p132
aV-5.00000000E-05,+5.00000000E-05,+0.00000000E-05,-5.00000000E-05,+0.00000000E-05,+0.00000000E-05,-1.00000000E-04,+5.00000000E-05,-5.00000000E-05,-5.00000000E-05\u000a
p133
aV+5.00000000E-05,+5.00000000E-05,-1.00000000E-04,-5.00000000E-05,-1.00000000E-04,-5.00000000E-05,+0.00000000E-05,-5.00000000E-05,-1.00000000E-04,+5.00000000E-05\u000a
p134
aV-1.00000000E-04,-5.00000000E-05,-5.00000000E-05,-5.00000000E-05,+1.50000000E-04,+5.00000000E-05,-5.00000000E-05,-1.00000000E-04,-5.00000000E-05,-5.00000000E-05\u000a
p135
aV-1.00000000E-04,+0.00000000E-05,-1.50000000E-04,+5.00000000E-05,-1.50000000E-04,-5.00000000E-05,-1.50000000E-04,-5.00000000E-05,+0.00000000E-05,+0.00000000E-05\u000a
p136
aV+0.00000000E-05,-5.00000000E-05,-1.00000000E-04,-5.00000000E-05,-1.00000000E-04,-5.00000000E-05,+0.00000000E-05,-1.00000000E-04,-5.00000000E-05,-5.00000000E-05\u000a
p137
aV+0.00000000E-05,-1.00000000E-04,+0.00000000E-05,+5.00000000E-05,-1.00000000E-04,-5.00000000E-05,+0.00000000E-05,+0.00000000E-05,+0.00000000E-05,+0.00000000E-05\u000a
p138
aV-1.00000000E-04,+5.00000000E-05,-1.00000000E-04,-1.00000000E-04,+0.00000000E-05,-5.00000000E-05,-1.00000000E-04,+0.00000000E-05,-5.00000000E-05,-1.00000000E-04\u000a
p139
aV+0.00000000E-05,+1.00000000E-04,-5.00000000E-05,-5.00000000E-05,-5.00000000E-05,-1.00000000E-04,-5.00000000E-05,+5.00000000E-05,-1.00000000E-04,+0.00000000E-05\u000a
p140
aV+5.00000000E-05,+5.00000000E-05,-5.00000000E-05,-5.00000000E-05,+0.00000000E-05,-1.00000000E-04,+5.00000000E-05,-5.00000000E-05,-1.50000000E-04,-1.00000000E-04\u000a
p141
aV+0.00000000E-05,-1.50000000E-04,-1.00000000E-04,+5.00000000E-05,-1.50000000E-04,-1.00000000E-04,-5.00000000E-05,-1.00000000E-04,+0.00000000E-05,+0.00000000E-05\u000a
p142
aV-5.00000000E-05,+0.00000000E-05,+5.00000000E-05,-1.00000000E-04,+5.00000000E-05,-5.00000000E-05,-5.00000000E-05,-5.00000000E-05,+0.00000000E-05,+0.00000000E-05\u000a
p143
aV+0.00000000E-05,-5.00000000E-05,-1.00000000E-04,-1.00000000E-04,+1.00000000E-04,-5.00000000E-05,-5.00000000E-05,-5.00000000E-05,-5.00000000E-05,+1.00000000E-04\u000a
p144
aV+0.00000000E-05,+5.00000000E-05,-5.00000000E-05,-1.50000000E-04,-5.00000000E-05,-5.00000000E-05,+0.00000000E-05,+1.00000000E-04,-1.00000000E-04,-5.00000000E-05\u000a
p145
aV+0.00000000E-05,+0.00000000E-05,-5.00000000E-05,-1.50000000E-04,-5.00000000E-05,-5.00000000E-05,+0.00000000E-05,+0.00000000E-05,-5.00000000E-05,-5.00000000E-05\u000a
p146
aV+5.00000000E-05,-5.00000000E-05,-1.00000000E-04,+0.00000000E-05,+5.00000000E-05,+0.00000000E-05,+0.00000000E-05,+5.00000000E-05,-5.00000000E-05,+0.00000000E-05\u000a
p147
aV+0.00000000E-05,+0.00000000E-05,-5.00000000E-05,-5.00000000E-05,+0.00000000E-05,+0.00000000E-05,-5.00000000E-05,+0.00000000E-05,+5.00000000E-05,+0.00000000E-05\u000a
p148
aV+0.00000000E-05,-5.00000000E-05,-5.00000000E-05,+1.00000000E-04,-1.00000000E-04,+0.00000000E-05,-5.00000000E-05,-1.50000000E-04,+0.00000000E-05,-5.00000000E-05\u000a
p149
aV+0.00000000E-05,-5.00000000E-05,-1.00000000E-04,-5.00000000E-05,-1.00000000E-04,-1.00000000E-04,-5.00000000E-05,+0.00000000E-05,+0.00000000E-05,-5.00000000E-05\u000a
p150
aV-1.00000000E-04,-5.00000000E-05,-1.00000000E-04,-1.00000000E-04,+0.00000000E-05,-5.00000000E-05,-1.00000000E-04,+0.00000000E-05,+5.00000000E-05,+0.00000000E-05\u000a
p151
aV-1.00000000E-04,-5.00000000E-05,-1.00000000E-04,-5.00000000E-05,-1.00000000E-04,-1.00000000E-04,+0.00000000E-05,+0.00000000E-05,+0.00000000E-05,-5.00000000E-05\u000a
p152
aV-1.00000000E-04,+0.00000000E-05,-1.00000000E-04,+0.00000000E-05,-5.00000000E-05,-1.50000000E-04,-5.00000000E-05,+5.00000000E-05,-5.00000000E-05,-1.50000000E-04\u000a
p153
aV+5.00000000E-05,+0.00000000E-05,-1.00000000E-04,-1.00000000E-04,-1.50000000E-04,-5.00000000E-05,-5.00000000E-05,-5.00000000E-05,-1.00000000E-04,-5.00000000E-05\u000a
p154
aV-1.00000000E-04,-1.00000000E-04,-1.00000000E-04,-1.50000000E-04,+0.00000000E-05,-5.00000000E-05,-1.00000000E-04,-1.00000000E-04,-2.60000000E-04,-1.00000000E-04\u000a
p155
aV-1.00000000E-04,-5.00000000E-05,+0.00000000E-05,-1.00000000E-04,+0.00000000E-05,-5.00000000E-05,-1.00000000E-04,-1.00000000E-04,-5.00000000E-05,-5.00000000E-05\u000a
p156
aV-1.00000000E-04,-5.00000000E-05,-1.00000000E-04,-5.00000000E-05,-5.00000000E-05,-5.00000000E-05,-1.00000000E-04,+0.00000000E-05,-5.00000000E-05,+5.00000000E-05\u000a
p157
aV-5.00000000E-05,-1.00000000E-04,-5.00000000E-05,-5.00000000E-05,-1.50000000E-04,-1.00000000E-04,+5.00000000E-05,-1.00000000E-04,+0.00000000E-05,+0.00000000E-05\u000a
p158
aV-1.00000000E-04,+2.60000000E-04,-5.00000000E-05,-1.00000000E-04,+0.00000000E-05,-1.00000000E-04,+0.00000000E-05,-5.00000000E-05,-1.00000000E-04,-5.00000000E-05\u000a
p159
aV-5.00000000E-05,-1.00000000E-04,-1.00000000E-04,-5.00000000E-05,-1.00000000E-04,+0.00000000E-05,-5.00000000E-05,-1.00000000E-04,-1.00000000E-04,+0.00000000E-05\u000a
p160
aV+5.00000000E-05,-5.00000000E-05,-1.50000000E-04,+0.00000000E-05,-1.00000000E-04,-5.00000000E-05,+0.00000000E-05,+0.00000000E-05,-1.00000000E-04,-5.00000000E-05\u000a
p161
aV+5.00000000E-05,-5.00000000E-05,-5.00000000E-05,+5.00000000E-05,-5.00000000E-05,+0.00000000E-05,+0.00000000E-05,-1.00000000E-04,-5.00000000E-05,+0.00000000E-05\u000a
p162
aV-5.00000000E-05,-1.00000000E-04,-2.10000000E-04,+0.00000000E-05,-5.00000000E-05,+0.00000000E-05,+0.00000000E-05,-5.00000000E-05,-1.50000000E-04,-5.00000000E-05\u000a
p163
aV+5.00000000E-05,+0.00000000E-05,-1.00000000E-04,+0.00000000E-05,-1.00000000E-04,-5.00000000E-05,+0.00000000E-05,-2.10000000E-04,+0.00000000E-05,-1.00000000E-04\u000a
p164
aV+0.00000000E-05,-5.00000000E-05,-1.00000000E-04,-5.00000000E-05,-5.00000000E-05,+0.00000000E-05,+0.00000000E-05,-5.00000000E-05,+0.00000000E-05,+0.00000000E-05\u000a
p165
aV-1.00000000E-04,+5.00000000E-05,+5.00000000E-05,-5.00000000E-05,+0.00000000E-05,+0.00000000E-05,+0.00000000E-05,+0.00000000E-05,+0.00000000E-05,+0.00000000E-05\u000a
p166
aV+0.00000000E-05,+0.00000000E-05,+0.00000000E-05,-5.00000000E-05,-5.00000000E-05,-5.00000000E-05,+5.00000000E-05,+0.00000000E-05,+0.00000000E-05,+0.00000000E-05\u000a
p167
aV-5.00000000E-05,+0.00000000E-05,+5.00000000E-05,-1.00000000E-04,+5.00000000E-05,-5.00000000E-05,-5.00000000E-05,+5.00000000E-05,+0.00000000E-05,+0.00000000E-05\u000a
p168
aV-1.50000000E-04,-5.00000000E-05,+5.00000000E-05,-1.00000000E-04,-5.00000000E-05,-5.00000000E-05,-1.00000000E-04,-5.00000000E-05,+0.00000000E-05,-1.00000000E-04\u000a
p169
aV-1.00000000E-04,+0.00000000E-05,-1.00000000E-04,-5.00000000E-05,-1.50000000E-04,+0.00000000E-05,+0.00000000E-05,+0.00000000E-05,+0.00000000E-05,+0.00000000E-05\u000a
p170
aV+5.00000000E-05,+0.00000000E-05,-1.50000000E-04,+0.00000000E-05,-5.00000000E-05,-1.00000000E-04,+0.00000000E-05,-1.00000000E-04,-1.50000000E-04,+0.00000000E-05\u000a
p171
aV-5.00000000E-05,-5.00000000E-05,+5.00000000E-05,+0.00000000E-05,-1.50000000E-04,-5.00000000E-05,-1.00000000E-04,-5.00000000E-05,-5.00000000E-05,-5.00000000E-05\u000a
p172
aV+0.00000000E-05,-5.00000000E-05,+0.00000000E-05,+0.00000000E-05,+1.00000000E-04,-5.00000000E-05,-5.00000000E-05,-5.00000000E-05,-1.00000000E-04,-5.00000000E-05\u000a
p173
aV-5.00000000E-05,-5.00000000E-05,+0.00000000E-05,-5.00000000E-05,-5.00000000E-05,-5.00000000E-05,-5.00000000E-05,-5.00000000E-05,-5.00000000E-05,+5.00000000E-05\u000a
p174
aV-1.00000000E-04,-5.00000000E-05,-5.00000000E-05,-5.00000000E-05,-5.00000000E-05,-5.00000000E-05,-1.00000000E-04,-1.00000000E-04,-5.00000000E-05,+0.00000000E-05\u000a
p175
aV-1.00000000E-04,-5.00000000E-05,-1.50000000E-04,+0.00000000E-05,-5.00000000E-05,+0.00000000E-05,-5.00000000E-05,-5.00000000E-05,+0.00000000E-05,+0.00000000E-05\u000a
p176
aV+5.00000000E-05,+0.00000000E-05,-1.50000000E-04,+0.00000000E-05,-5.00000000E-05,-1.00000000E-04,+1.00000000E-04,-1.50000000E-04,-1.00000000E-04,+0.00000000E-05\u000a
p177
aV-1.00000000E-04,+0.00000000E-05,+5.00000000E-05,-1.00000000E-04,+5.00000000E-05,-5.00000000E-05,+0.00000000E-05,-5.00000000E-05,-5.00000000E-05,+0.00000000E-05\u000a
p178
aV-5.00000000E-05,+0.00000000E-05,+5.00000000E-05,-1.00000000E-04,-1.00000000E-04,+1.50000000E-04,-1.00000000E-04,-1.00000000E-04,-5.00000000E-05,-5.00000000E-05\u000a
p179
aV-5.00000000E-05,-1.00000000E-04,+5.00000000E-05,+0.00000000E-05,-5.00000000E-05,+5.00000000E-05,-1.50000000E-04,-5.00000000E-05,-5.00000000E-05,-5.00000000E-05\u000a
p180
aV-1.50000000E-04,+0.00000000E-05,+0.00000000E-05,-5.00000000E-05,+0.00000000E-05,-5.00000000E-05,-1.00000000E-04,-5.00000000E-05,-5.00000000E-05,-5.00000000E-05\u000a
p181
aV-5.00000000E-05,-5.00000000E-05,+0.00000000E-05,-1.00000000E-04,+5.00000000E-05,-5.00000000E-05,-5.00000000E-05,+5.00000000E-05,-5.00000000E-05,-1.00000000E-04\u000a
p182
aV+5.00000000E-05,+0.00000000E-05,+0.00000000E-05,-5.00000000E-05,-5.00000000E-05,+0.00000000E-05,+0.00000000E-05,-5.00000000E-05,+0.00000000E-05,-5.00000000E-05\u000a
p183
aV+5.00000000E-05,+1.00000000E-04,+0.00000000E-05,-5.00000000E-05,+0.00000000E-05,+5.00000000E-05,-5.00000000E-05,+1.00000000E-04,-5.00000000E-05,-1.00000000E-04\u000a
p184
aV-1.00000000E-04,-5.00000000E-05,+0.00000000E-05,+0.00000000E-05,-5.00000000E-05,+0.00000000E-05,+5.00000000E-05,-1.00000000E-04,+0.00000000E-05,-5.00000000E-05\u000a
p185
aV+0.00000000E-05,+5.00000000E-05,+0.00000000E-05,-5.00000000E-05,+0.00000000E-05,-1.50000000E-04,-5.00000000E-05,+0.00000000E-05,-5.00000000E-05,-5.00000000E-05\u000a
p186
aV+5.00000000E-05,+0.00000000E-05,+0.00000000E-05,-5.00000000E-05,+0.00000000E-05,-1.00000000E-04,-5.00000000E-05,-5.00000000E-05,-5.00000000E-05,+0.00000000E-05\u000a
p187
aV+0.00000000E-05,+1.00000000E-04,-1.50000000E-04,+0.00000000E-05,+0.00000000E-05,-1.00000000E-04,-5.00000000E-05,+0.00000000E-05,+5.00000000E-05,-5.00000000E-05\u000a
p188
aV-1.00000000E-04,-5.00000000E-05,-1.00000000E-04,+0.00000000E-05,-1.00000000E-04,-5.00000000E-05,+1.00000000E-04,+0.00000000E-05,+5.00000000E-05,+1.00000000E-04\u000a
p189
aV+5.00000000E-05,-1.00000000E-04,-5.00000000E-05,+0.00000000E-05,-5.00000000E-05,+0.00000000E-05,+5.00000000E-05,-5.00000000E-05,-5.00000000E-05,+0.00000000E-05\u000a
p190
aV-5.00000000E-05,-5.00000000E-05,+0.00000000E-05,+0.00000000E-05,+0.00000000E-05,-1.00000000E-04,+0.00000000E-05,+0.00000000E-05,+0.00000000E-05,-5.00000000E-05\u000a
p191
aV-5.00000000E-05,+5.00000000E-05,-5.00000000E-05,-5.00000000E-05,-5.00000000E-05,-5.00000000E-05,-5.00000000E-05,-1.00000000E-04,-1.00000000E-04,-5.00000000E-05\u000a
p192
aV-1.50000000E-04,-5.00000000E-05,+0.00000000E-05,+0.00000000E-05,+0.00000000E-05,+0.00000000E-05,-5.00000000E-05,+0.00000000E-05,+5.00000000E-05,+0.00000000E-05\u000a
p193
aV+5.00000000E-05,+0.00000000E-05,-1.50000000E-04,+5.00000000E-05,+0.00000000E-05,-1.00000000E-04,+0.00000000E-05,-1.00000000E-04,+0.00000000E-05,-5.00000000E-05\u000a
p194
aV+0.00000000E-05,+0.00000000E-05,+0.00000000E-05,-5.00000000E-05,-5.00000000E-05,+0.00000000E-05,-5.00000000E-05,-5.00000000E-05,-1.50000000E-04,-1.00000000E-04\u000a
p195
aV+5.00000000E-05,-5.00000000E-05,-5.00000000E-05,-5.00000000E-05,-5.00000000E-05,+0.00000000E-05,+0.00000000E-05,-1.00000000E-04,-5.00000000E-05,+5.00000000E-05\u000a
p196
aV+0.00000000E-05,+2.60000000E-04,-5.00000000E-05,+5.00000000E-05,+0.00000000E-05,-1.00000000E-04,+5.00000000E-05,+0.00000000E-05,+0.00000000E-05,+5.00000000E-05\u000a
p197
aV-5.00000000E-05,-5.00000000E-05,-5.00000000E-05,-5.00000000E-05,+5.00000000E-05,-1.00000000E-04,-1.50000000E-04,+5.00000000E-05,-1.00000000E-04,-5.00000000E-05\u000a
p198
aV-5.00000000E-05,+5.00000000E-05,-5.00000000E-05,-5.00000000E-05,+0.00000000E-05,-5.00000000E-05,+0.00000000E-05,+0.00000000E-05,-5.00000000E-05,-5.00000000E-05\u000a
p199
aV+0.00000000E-05,-1.00000000E-04,+0.00000000E-05,+5.00000000E-05,-5.00000000E-05,+0.00000000E-05,+5.00000000E-05,-1.00000000E-04,+5.00000000E-05,+0.00000000E-05\u000a
p200
aV+0.00000000E-05,+0.00000000E-05,-5.00000000E-05,-5.00000000E-05,-5.00000000E-05,-5.00000000E-05,+0.00000000E-05,+5.00000000E-05,-1.00000000E-04,-5.00000000E-05\u000a
p201
aV-1.50000000E-04,-1.00000000E-04,-5.00000000E-05,-5.00000000E-05,+0.00000000E-05,+5.00000000E-05,-5.00000000E-05,-5.00000000E-05,+0.00000000E-05,+1.00000000E-04\u000a
p202
aV-5.00000000E-05,-5.00000000E-05,+0.00000000E-05,-1.00000000E-04,+5.00000000E-05,-5.00000000E-05,-5.00000000E-05,-5.00000000E-05,+0.00000000E-05,-2.10000000E-04\u000a
p203
aV+0.00000000E-05,+0.00000000E-05,+0.00000000E-05,-5.00000000E-05,+0.00000000E-05,-1.00000000E-04,+5.00000000E-05,+0.00000000E-05,+0.00000000E-05,-5.00000000E-05\u000a
p204
aV+0.00000000E-05,+5.00000000E-05,-5.00000000E-05,+5.00000000E-05,+1.00000000E-04,-5.00000000E-05,-1.00000000E-04,+5.00000000E-05,-5.00000000E-05,-1.00000000E-04\u000a
p205
aV-1.00000000E-04,-1.00000000E-04,+5.00000000E-05,-1.00000000E-04,-5.00000000E-05,+0.00000000E-05,+5.00000000E-05,+0.00000000E-05,-5.00000000E-05,+0.00000000E-05\u000a
p206
aV+0.00000000E-05,-5.00000000E-05,+0.00000000E-05,-5.00000000E-05,+0.00000000E-05,+5.00000000E-05,-5.00000000E-05,-5.00000000E-05,+0.00000000E-05,-1.00000000E-04\u000a
p207
aV-5.00000000E-05,+0.00000000E-05,-5.00000000E-05,+5.00000000E-05,-5.00000000E-05,-5.00000000E-05,-5.00000000E-05,+0.00000000E-05,+0.00000000E-05,+5.00000000E-05\u000a
p208
aV-5.00000000E-05,+5.00000000E-05,-5.00000000E-05,-5.00000000E-05,+0.00000000E-05,+0.00000000E-05,+5.00000000E-05,+0.00000000E-05,+5.00000000E-05,-5.00000000E-05\u000a
p209
aV+1.00000000E-04,+5.00000000E-05,-2.60000000E-04,+5.00000000E-05,-5.00000000E-05,-1.00000000E-04,-5.00000000E-05,+5.00000000E-05,+0.00000000E-05,-1.50000000E-04\u000a
p210
aV-5.00000000E-05,-1.00000000E-04,+0.00000000E-05,-5.00000000E-05,-5.00000000E-05,+0.00000000E-05,-5.00000000E-05,-5.00000000E-05,+0.00000000E-05,+5.00000000E-05\u000a
p211
aV-5.00000000E-05,-1.00000000E-04,+0.00000000E-05,-5.00000000E-05,+5.00000000E-05,+0.00000000E-05,-5.00000000E-05,-1.00000000E-04,+5.00000000E-05,+0.00000000E-05\u000a
p212
aV+0.00000000E-05,-5.00000000E-05,+5.00000000E-05,-5.00000000E-05,+0.00000000E-05,+0.00000000E-05,+0.00000000E-05,+0.00000000E-05,-5.00000000E-05,+0.00000000E-05\u000a
p213
aV+5.00000000E-05,+0.00000000E-05,-1.00000000E-04,-1.50000000E-04,+0.00000000E-05,-5.00000000E-05,-1.00000000E-04,+1.00000000E-04,+0.00000000E-05,+0.00000000E-05\u000a
p214
aV-5.00000000E-05,-1.00000000E-04,-1.00000000E-04,+0.00000000E-05,-5.00000000E-05,-1.00000000E-04,+0.00000000E-05,+5.00000000E-05,-1.00000000E-04,+0.00000000E-05\u000a
p215
a.