(lp0
V+1.65750000E+00,+1.65700000E+00,+1.65640000E+00,+1.65640000E+00,+1.65590000E+00,+1.65540000E+00,+1.65540000E+00,+1.65590000E+00,+1.65590000E+00,+1.65540000E+00\u000a
p1
aV+1.65020000E+00,+1.65020000E+00,+1.65020000E+00,+1.65020000E+00,+1.65020000E+00,+1.65070000E+00,+1.65020000E+00,+1.65070000E+00,+1.65020000E+00,+1.65020000E+00\u000a
p2
aV+1.65020000E+00,+1.65020000E+00,+1.64960000E+00,+1.65070000E+00,+1.65020000E+00,+1.65020000E+00,+1.65020000E+00,+1.65020000E+00,+1.65020000E+00,+1.65070000E+00\u000a
p3
aV+1.64290000E+00,+1.64290000E+00,+1.64230000E+00,+1.64290000E+00,+1.64340000E+00,+1.64230000E+00,+1.64290000E+00,+1.64290000E+00,+1.64290000E+00,+1.64230000E+00\u000a
p4
aV+1.63970000E+00,+1.63920000E+00,+1.63970000E+00,+1.63970000E+00,+1.63970000E+00,+1.63970000E+00,+1.63970000E+00,+1.63970000E+00,+1.63920000E+00,+1.63970000E+00\u000a
p5
aV+1.63500000E+00,+1.63500000E+00,+1.63500000E+00,+1.63500000E+00,+1.63550000E+00,+1.63500000E+00,+1.63500000E+00,+1.63450000E+00,+1.63500000E+00,+1.63500000E+00\u000a
p6
aV+1.63030000E+00,+1.63030000E+00,+1.63080000E+00,+1.63080000E+00,+1.63080000E+00,+1.63080000E+00,+1.63030000E+00,+1.63080000E+00,+1.63080000E+00,+1.63080000E+00\u000a
p7
aV+1.62770000E+00,+1.62720000E+00,+1.62720000E+00,+1.62720000E+00,+1.62820000E+00,+1.62720000E+00,+1.62770000E+00,+1.62770000E+00,+1.62770000E+00,+1.62770000E+00\u000a
p8
aV+1.62350000E+00,+1.62300000E+00,+1.62300000E+00,+1.62300000E+00,+1.62300000E+00,+1.62300000E+00,+1.62300000E+00,+1.62300000E+00,+1.62300000E+00,+1.62250000E+00\u000a
p9
aV+1.61940000E+00,+1.61940000E+00,+1.61990000E+00,+1.61940000E+00,+1.61940000E+00,+1.61880000E+00,+1.61940000E+00,+1.61940000E+00,+1.61940000E+00,+1.61940000E+00\u000a
p10
aV+1.61570000E+00,+1.61520000E+00,+1.61470000E+00,+1.61520000E+00,+1.61520000E+00,+1.61520000E+00,+1.61520000E+00,+1.61520000E+00,+1.61470000E+00,+1.61570000E+00\u000a
p11
aV+1.61150000E+00,+1.61200000E+00,+1.61200000E+00,+1.61150000E+00,+1.61200000E+00,+1.61200000E+00,+1.61150000E+00,+1.61200000E+00,+1.61200000E+00,+1.61150000E+00\u000a
p12
aV+1.60730000E+00,+1.60730000E+00,+1.60730000E+00,+1.60730000E+00,+1.60730000E+00,+1.60730000E+00,+1.60730000E+00,+1.60730000E+00,+1.60730000E+00,+1.60680000E+00\u000a
p13
aV+1.60370000E+00,+1.60370000E+00,+1.60370000E+00,+1.60370000E+00,+1.60370000E+00,+1.60370000E+00,+1.60420000E+00,+1.60370000E+00,+1.60370000E+00,+1.60370000E+00\u000a
p14
aV+1.60000000E+00,+1.59900000E+00,+1.59950000E+00,+1.59950000E+00,+1.59900000E+00,+1.59950000E+00,+1.59950000E+00,+1.59950000E+00,+1.59950000E+00,+1.59950000E+00\u000a
p15
aV+1.59580000E+00,+1.59640000E+00,+1.59640000E+00,+1.59640000E+00,+1.59580000E+00,+1.59580000E+00,+1.59640000E+00,+1.59640000E+00,+1.59580000E+00,+1.59640000E+00\u000a
p16
aV+1.59110000E+00,+1.59110000E+00,+1.59170000E+00,+1.59170000E+00,+1.59110000E+00,+1.59170000E+00,+1.59110000E+00,+1.59110000E+00,+1.59110000E+00,+1.59170000E+00\u000a
p17
aV+1.58800000E+00,+1.58800000E+00,+1.58750000E+00,+1.58750000E+00,+1.58750000E+00,+1.58800000E+00,+1.58750000E+00,+1.58750000E+00,+1.58750000E+00,+1.58800000E+00\u000a
p18
aV+1.58280000E+00,+1.58280000E+00,+1.58330000E+00,+1.58280000E+00,+1.58280000E+00,+1.58330000E+00,+1.58330000E+00,+1.58330000E+00,+1.58280000E+00,+1.58280000E+00\u000a
p19
aV+1.57810000E+00,+1.57860000E+00,+1.57810000E+00,+1.57860000E+00,+1.57860000E+00,+1.57810000E+00,+1.57860000E+00,+1.57860000E+00,+1.57860000E+00,+1.57860000E+00\u000a
p20
aV+1.57490000E+00,+1.57440000E+00,+1.57490000E+00,+1.57490000E+00,+1.57440000E+00,+1.57490000E+00,+1.57490000E+00,+1.57550000E+00,+1.57440000E+00,+1.57490000E+00\u000a
p21
aV+1.57080000E+00,+1.57080000E+00,+1.57080000E+00,+1.57020000E+00,+1.57080000E+00,+1.57020000E+00,+1.57080000E+00,+1.57080000E+00,+1.57020000E+00,+1.57080000E+00\u000a
p22
aV+1.56500000E+00,+1.56550000E+00,+1.56550000E+00,+1.56610000E+00,+1.56550000E+00,+1.56610000E+00,+1.56550000E+00,+1.56550000E+00,+1.56550000E+00,+1.56550000E+00\u000a
p23
aV+1.56080000E+00,+1.56030000E+00,+1.56030000E+00,+1.56030000E+00,+1.56080000E+00,+1.56030000E+00,+1.56030000E+00,+1.56030000E+00,+1.56030000E+00,+1.56030000E+00\u000a
p24
aV+1.55670000E+00,+1.55720000E+00,+1.55670000E+00,+1.55670000E+00,+1.55670000E+00,+1.55670000E+00,+1.55720000E+00,+1.55670000E+00,+1.55720000E+00,+1.55670000E+00\u000a
p25
aV+1.55250000E+00,+1.55250000E+00,+1.55250000E+00,+1.55250000E+00,+1.55250000E+00,+1.55250000E+00,+1.55250000E+00,+1.55250000E+00,+1.55250000E+00,+1.55200000E+00\u000a
p26
aV+1.54880000E+00,+1.54830000E+00,+1.54830000E+00,+1.54830000E+00,+1.54830000E+00,+1.54880000E+00,+1.54830000E+00,+1.54880000E+00,+1.54880000E+00,+1.54880000E+00\u000a
p27
aV+1.54360000E+00,+1.54360000E+00,+1.54310000E+00,+1.54310000E+00,+1.54360000E+00,+1.54360000E+00,+1.54310000E+00,+1.54360000E+00,+1.54360000E+00,+1.54360000E+00\u000a
p28
aV+1.54000000E+00,+1.53940000E+00,+1.53940000E+00,+1.53940000E+00,+1.53940000E+00,+1.53940000E+00,+1.53890000E+00,+1.53940000E+00,+1.53940000E+00,+1.53940000E+00\u000a
p29
aV+1.53470000E+00,+1.53470000E+00,+1.53520000E+00,+1.53520000E+00,+1.53470000E+00,+1.53470000E+00,+1.53520000E+00,+1.53520000E+00,+1.53470000E+00,+1.53470000E+00\u000a
p30
aV+1.53110000E+00,+1.53050000E+00,+1.53110000E+00,+1.53050000E+00,+1.53110000E+00,+1.53110000E+00,+1.53110000E+00,+1.53110000E+00,+1.53160000E+00,+1.53110000E+00\u000a
p31
aV+1.52640000E+00,+1.52580000E+00,+1.52580000E+00,+1.52640000E+00,+1.52580000E+00,+1.52580000E+00,+1.52640000E+00,+1.52640000E+00,+1.52640000E+00,+1.52580000E+00\u000a
p32
aV+1.52220000E+00,+1.52220000E+00,+1.52220000E+00,+1.52270000E+00,+1.52220000E+00,+1.52220000E+00,+1.52220000E+00,+1.52220000E+00,+1.52220000E+00,+1.52220000E+00\u000a
p33
aV+1.51800000E+00,+1.51750000E+00,+1.51750000E+00,+1.51800000E+00,+1.51750000E+00,+1.51750000E+00,+1.51800000E+00,+1.51750000E+00,+1.51750000E+00,+1.51750000E+00\u000a
p34
aV+1.51800000E+00,+1.51750000E+00,+1.51750000E+00,+1.51750000E+00,+1.51700000E+00,+1.51750000E+00,+1.51800000E+00,+1.51750000E+00,+1.51700000E+00,+1.51800000E+00\u000a
p35
aV+1.50810000E+00,+1.50810000E+00,+1.50810000E+00,+1.50810000E+00,+1.50810000E+00,+1.50810000E+00,+1.50810000E+00,+1.50810000E+00,+1.50810000E+00,+1.50810000E+00\u000a
p36
aV+1.50290000E+00,+1.50290000E+00,+1.50290000E+00,+1.50340000E+00,+1.50340000E+00,+1.50340000E+00,+1.50340000E+00,+1.50340000E+00,+1.50340000E+00,+1.50340000E+00\u000a
p37
aV+1.49920000E+00,+1.49920000E+00,+1.49970000E+00,+1.49970000E+00,+1.49920000E+00,+1.49920000E+00,+1.49920000E+00,+1.49870000E+00,+1.49970000E+00,+1.49970000E+00\u000a
p38
aV+1.49400000E+00,+1.49400000E+00,+1.49400000E+00,+1.49400000E+00,+1.49450000E+00,+1.49400000E+00,+1.49400000E+00,+1.49400000E+00,+1.49450000E+00,+1.49400000E+00\u000a
p39
aV+1.49030000E+00,+1.48980000E+00,+1.49030000E+00,+1.48980000E+00,+1.49030000E+00,+1.48980000E+00,+1.48980000E+00,+1.48980000E+00,+1.48980000E+00,+1.48980000E+00\u000a
p40
aV+1.48980000E+00,+1.49030000E+00,+1.49030000E+00,+1.49030000E+00,+1.48980000E+00,+1.49030000E+00,+1.48980000E+00,+1.48980000E+00,+1.48980000E+00,+1.48980000E+00\u000a
p41
aV+1.48040000E+00,+1.48040000E+00,+1.48140000E+00,+1.48090000E+00,+1.48040000E+00,+1.48090000E+00,+1.48090000E+00,+1.48040000E+00,+1.48040000E+00,+1.48040000E+00\u000a
p42
aV+1.47520000E+00,+1.47520000E+00,+1.47520000E+00,+1.47570000E+00,+1.47570000E+00,+1.47520000E+00,+1.47520000E+00,+1.47570000E+00,+1.47520000E+00,+1.47570000E+00\u000a
p43
aV+1.47100000E+00,+1.47100000E+00,+1.47100000E+00,+1.47100000E+00,+1.47150000E+00,+1.47150000E+00,+1.47150000E+00,+1.47100000E+00,+1.47150000E+00,+1.47100000E+00\u000a
p44
aV+1.46630000E+00,+1.46580000E+00,+1.46530000E+00,+1.46630000E+00,+1.46580000E+00,+1.46630000E+00,+1.46630000E+00,+1.46630000E+00,+1.46630000E+00,+1.46580000E+00\u000a
p45
aV+1.46160000E+00,+1.46210000E+00,+1.46210000E+00,+1.46260000E+00,+1.46210000E+00,+1.46210000E+00,+1.46210000E+00,+1.46210000E+00,+1.46160000E+00,+1.46160000E+00\u000a
p46
aV+1.45640000E+00,+1.45640000E+00,+1.45580000E+00,+1.45580000E+00,+1.45690000E+00,+1.45640000E+00,+1.45640000E+00,+1.45580000E+00,+1.45640000E+00,+1.45640000E+00\u000a
p47
aV+1.45060000E+00,+1.45110000E+00,+1.45110000E+00,+1.45110000E+00,+1.45110000E+00,+1.45110000E+00,+1.45110000E+00,+1.45110000E+00,+1.45170000E+00,+1.45110000E+00\u000a
p48
aV+1.44700000E+00,+1.44700000E+00,+1.44700000E+00,+1.44700000E+00,+1.44700000E+00,+1.44700000E+00,+1.44640000E+00,+1.44700000E+00,+1.44640000E+00,+1.44700000E+00\u000a
p49
aV+1.44170000E+00,+1.44170000E+00,+1.44170000E+00,+1.44170000E+00,+1.44170000E+00,+1.44120000E+00,+1.44170000E+00,+1.44170000E+00,+1.44120000E+00,+1.44170000E+00\u000a
p50
aV+1.43760000E+00,+1.43700000E+00,+1.43700000E+00,+1.43700000E+00,+1.43700000E+00,+1.43700000E+00,+1.43760000E+00,+1.43700000E+00,+1.43700000E+00,+1.43700000E+00\u000a
p51
aV+1.43180000E+00,+1.43230000E+00,+1.43180000E+00,+1.43130000E+00,+1.43130000E+00,+1.43180000E+00,+1.43230000E+00,+1.43180000E+00,+1.43130000E+00,+1.43180000E+00\u000a
p52
aV+1.42760000E+00,+1.42660000E+00,+1.42710000E+00,+1.42710000E+00,+1.42760000E+00,+1.42760000E+00,+1.42760000E+00,+1.42710000E+00,+1.42710000E+00,+1.42760000E+00\u000a
p53
aV+1.42140000E+00,+1.42140000E+00,+1.42140000E+00,+1.42190000E+00,+1.42190000E+00,+1.42140000E+00,+1.42140000E+00,+1.42190000E+00,+1.42140000E+00,+1.42090000E+00\u000a
p54
aV+1.41670000E+00,+1.41720000E+00,+1.41670000E+00,+1.41670000E+00,+1.41720000E+00,+1.41670000E+00,+1.41670000E+00,+1.41610000E+00,+1.41610000E+00,+1.41610000E+00\u000a
p55
aV+1.41140000E+00,+1.41140000E+00,+1.41140000E+00,+1.41090000E+00,+1.41140000E+00,+1.41140000E+00,+1.41140000E+00,+1.41200000E+00,+1.41140000E+00,+1.41140000E+00\u000a
p56
aV+1.40730000E+00,+1.40730000E+00,+1.40730000E+00,+1.40670000E+00,+1.40730000E+00,+1.40670000E+00,+1.40730000E+00,+1.40670000E+00,+1.40670000E+00,+1.40620000E+00\u000a
p57
aV+1.40050000E+00,+1.40100000E+00,+1.40050000E+00,+1.40050000E+00,+1.40050000E+00,+1.40050000E+00,+1.40100000E+00,+1.40000000E+00,+1.40050000E+00,+1.40000000E+00\u000a
p58
aV+1.39580000E+00,+1.39630000E+00,+1.39630000E+00,+1.39580000E+00,+1.39580000E+00,+1.39630000E+00,+1.39580000E+00,+1.39580000E+00,+1.39630000E+00,+1.39580000E+00\u000a
p59
aV+1.39000000E+00,+1.39000000E+00,+1.39060000E+00,+1.39000000E+00,+1.39060000E+00,+1.39000000E+00,+1.39060000E+00,+1.39060000E+00,+1.39000000E+00,+1.39060000E+00\u000a
p60
aV+1.38530000E+00,+1.38530000E+00,+1.38590000E+00,+1.38530000E+00,+1.38590000E+00,+1.38590000E+00,+1.38530000E+00,+1.38530000E+00,+1.38530000E+00,+1.38590000E+00\u000a
p61
aV+1.37910000E+00,+1.37960000E+00,+1.37910000E+00,+1.37910000E+00,+1.37960000E+00,+1.37960000E+00,+1.37960000E+00,+1.37910000E+00,+1.37910000E+00,+1.37960000E+00\u000a
p62
aV+1.37330000E+00,+1.37380000E+00,+1.37330000E+00,+1.37380000E+00,+1.37330000E+00,+1.37380000E+00,+1.37380000E+00,+1.37330000E+00,+1.37330000E+00,+1.37280000E+00\u000a
p63
aV+1.36860000E+00,+1.36810000E+00,+1.36860000E+00,+1.36860000E+00,+1.36810000E+00,+1.36860000E+00,+1.36860000E+00,+1.36910000E+00,+1.36860000E+00,+1.36810000E+00\u000a
p64
aV+1.36180000E+00,+1.36180000E+00,+1.36230000E+00,+1.36230000E+00,+1.36230000E+00,+1.36180000E+00,+1.36180000E+00,+1.36180000E+00,+1.36230000E+00,+1.36180000E+00\u000a
p65
aV+1.35760000E+00,+1.35760000E+00,+1.35760000E+00,+1.35660000E+00,+1.35710000E+00,+1.35710000E+00,+1.35660000E+00,+1.35710000E+00,+1.35710000E+00,+1.35710000E+00\u000a
p66
aV+1.35090000E+00,+1.35140000E+00,+1.35090000E+00,+1.35140000E+00,+1.35090000E+00,+1.35140000E+00,+1.35090000E+00,+1.35090000E+00,+1.35140000E+00,+1.35140000E+00\u000a
p67
aV+1.34560000E+00,+1.34560000E+00,+1.34620000E+00,+1.34560000E+00,+1.34620000E+00,+1.34670000E+00,+1.34620000E+00,+1.34620000E+00,+1.34560000E+00,+1.34620000E+00\u000a
p68
aV+1.33940000E+00,+1.33940000E+00,+1.33990000E+00,+1.33990000E+00,+1.33940000E+00,+1.33940000E+00,+1.33880000E+00,+1.33940000E+00,+1.33880000E+00,+1.33990000E+00\u000a
p69
aV+1.33470000E+00,+1.33470000E+00,+1.33410000E+00,+1.33410000E+00,+1.33410000E+00,+1.33410000E+00,+1.33410000E+00,+1.33410000E+00,+1.33410000E+00,+1.33410000E+00\u000a
p70
aV+1.32840000E+00,+1.32790000E+00,+1.32790000E+00,+1.32790000E+00,+1.32840000E+00,+1.32790000E+00,+1.32790000E+00,+1.32840000E+00,+1.32790000E+00,+1.32790000E+00\u000a
p71
aV+1.32260000E+00,+1.32320000E+00,+1.32320000E+00,+1.32320000E+00,+1.32320000E+00,+1.32320000E+00,+1.32260000E+00,+1.32320000E+00,+1.32320000E+00,+1.32320000E+00\u000a
p72
aV+1.31530000E+00,+1.31590000E+00,+1.31590000E+00,+1.31590000E+00,+1.31590000E+00,+1.31640000E+00,+1.31640000E+00,+1.31590000E+00,+1.31590000E+00,+1.31590000E+00\u000a
p73
aV+1.31010000E+00,+1.31010000E+00,+1.31010000E+00,+1.31060000E+00,+1.31010000E+00,+1.31060000E+00,+1.31060000E+00,+1.31010000E+00,+1.31060000E+00,+1.31060000E+00\u000a
p74
aV+1.30440000E+00,+1.30330000E+00,+1.30380000E+00,+1.30380000E+00,+1.30380000E+00,+1.30380000E+00,+1.30440000E+00,+1.30380000E+00,+1.30380000E+00,+1.30380000E+00\u000a
p75
aV+1.29700000E+00,+1.29760000E+00,+1.29700000E+00,+1.29700000E+00,+1.29650000E+00,+1.29700000E+00,+1.29700000E+00,+1.29700000E+00,+1.29700000E+00,+1.29650000E+00\u000a
p76
aV+1.29130000E+00,+1.29080000E+00,+1.29130000E+00,+1.29180000E+00,+1.29130000E+00,+1.29130000E+00,+1.29130000E+00,+1.29180000E+00,+1.29130000E+00,+1.29130000E+00\u000a
p77
aV+1.28560000E+00,+1.28500000E+00,+1.28560000E+00,+1.28560000E+00,+1.28500000E+00,+1.28500000E+00,+1.28450000E+00,+1.28560000E+00,+1.28500000E+00,+1.28500000E+00\u000a
p78
aV+1.28190000E+00,+1.28190000E+00,+1.28240000E+00,+1.28190000E+00,+1.28240000E+00,+1.28240000E+00,+1.28240000E+00,+1.28240000E+00,+1.28240000E+00,+1.28240000E+00\u000a
p79
aV+1.27560000E+00,+1.27560000E+00,+1.27560000E+00,+1.27560000E+00,+1.27560000E+00,+1.27510000E+00,+1.27510000E+00,+1.27510000E+00,+1.27560000E+00,+1.27560000E+00\u000a
p80
aV+1.26940000E+00,+1.26990000E+00,+1.26990000E+00,+1.27040000E+00,+1.26990000E+00,+1.26990000E+00,+1.26990000E+00,+1.26990000E+00,+1.26990000E+00,+1.26990000E+00\u000a
p81
aV+1.26260000E+00,+1.26260000E+00,+1.26260000E+00,+1.26260000E+00,+1.26260000E+00,+1.26260000E+00,+1.26260000E+00,+1.26310000E+00,+1.26260000E+00,+1.26260000E+00\u000a
p82
aV+1.25730000E+00,+1.25680000E+00,+1.25680000E+00,+1.25680000E+00,+1.25630000E+00,+1.25680000E+00,+1.25680000E+00,+1.25680000E+00,+1.25680000E+00,+1.25730000E+00\u000a
p83
aV+1.25060000E+00,+1.25000000E+00,+1.25000000E+00,+1.25000000E+00,+1.25000000E+00,+1.25000000E+00,+1.25000000E+00,+1.25000000E+00,+1.25000000E+00,+1.24950000E+00\u000a
p84
aV+1.24430000E+00,+1.24430000E+00,+1.24380000E+00,+1.24480000E+00,+1.24430000E+00,+1.24380000E+00,+1.24430000E+00,+1.24430000E+00,+1.24430000E+00,+1.24380000E+00\u000a
p85
aV+1.23650000E+00,+1.23650000E+00,+1.23650000E+00,+1.23650000E+00,+1.23700000E+00,+1.23650000E+00,+1.23650000E+00,+1.23650000E+00,+1.23700000E+00,+1.23650000E+00\u000a
p86
aV+1.23020000E+00,+1.23120000E+00,+1.23070000E+00,+1.23070000E+00,+1.23020000E+00,+1.23020000E+00,+1.23120000E+00,+1.23070000E+00,+1.23070000E+00,+1.23070000E+00\u000a
p87
aV+1.22390000E+00,+1.22340000E+00,+1.22340000E+00,+1.22340000E+00,+1.22340000E+00,+1.22340000E+00,+1.22340000E+00,+1.22290000E+00,+1.22340000E+00,+1.22340000E+00\u000a
p88
aV+1.21760000E+00,+1.21760000E+00,+1.21710000E+00,+1.21710000E+00,+1.21760000E+00,+1.21760000E+00,+1.21710000E+00,+1.21760000E+00,+1.21760000E+00,+1.21760000E+00\u000a
p89
aV+1.20980000E+00,+1.20930000E+00,+1.20980000E+00,+1.20930000E+00,+1.20980000E+00,+1.20980000E+00,+1.20980000E+00,+1.20980000E+00,+1.20980000E+00,+1.20930000E+00\u000a
p90
aV+1.20300000E+00,+1.20250000E+00,+1.20200000E+00,+1.20250000E+00,+1.20200000E+00,+1.20250000E+00,+1.20250000E+00,+1.20250000E+00,+1.20200000E+00,+1.20250000E+00\u000a
p91
aV+1.19620000E+00,+1.19620000E+00,+1.19620000E+00,+1.19570000E+00,+1.19570000E+00,+1.19620000E+00,+1.19620000E+00,+1.19570000E+00,+1.19620000E+00,+1.19620000E+00\u000a
p92
aV+1.19680000E+00,+1.19620000E+00,+1.19620000E+00,+1.19570000E+00,+1.19620000E+00,+1.19620000E+00,+1.19620000E+00,+1.19570000E+00,+1.19620000E+00,+1.19620000E+00\u000a
p93
aV+1.18160000E+00,+1.18110000E+00,+1.18160000E+00,+1.18160000E+00,+1.18110000E+00,+1.18160000E+00,+1.18160000E+00,+1.18210000E+00,+1.18210000E+00,+1.18160000E+00\u000a
p94
aV+1.17380000E+00,+1.17430000E+00,+1.17380000E+00,+1.17380000E+00,+1.17380000E+00,+1.17380000E+00,+1.17430000E+00,+1.17430000E+00,+1.17430000E+00,+1.17380000E+00\u000a
p95
aV+1.16750000E+00,+1.16750000E+00,+1.16750000E+00,+1.16750000E+00,+1.16750000E+00,+1.16800000E+00,+1.16800000E+00,+1.16750000E+00,+1.16800000E+00,+1.16750000E+00\u000a
p96
aV+1.15910000E+00,+1.15910000E+00,+1.15910000E+00,+1.15910000E+00,+1.15970000E+00,+1.15910000E+00,+1.15910000E+00,+1.15970000E+00,+1.15860000E+00,+1.15910000E+00\u000a
p97
aV+1.15240000E+00,+1.15290000E+00,+1.15290000E+00,+1.15290000E+00,+1.15290000E+00,+1.15290000E+00,+1.15340000E+00,+1.15290000E+00,+1.15290000E+00,+1.15290000E+00\u000a
p98
aV+1.14450000E+00,+1.14500000E+00,+1.14450000E+00,+1.14500000E+00,+1.14450000E+00,+1.14450000E+00,+1.14500000E+00,+1.14500000E+00,+1.14500000E+00,+1.14450000E+00\u000a
p99
aV+1.13770000E+00,+1.13770000E+00,+1.13820000E+00,+1.13820000E+00,+1.13820000E+00,+1.13820000E+00,+1.13770000E+00,+1.13820000E+00,+1.13770000E+00,+1.13820000E+00\u000a
p100
aV+1.12940000E+00,+1.12990000E+00,+1.12940000E+00,+1.12880000E+00,+1.12990000E+00,+1.12940000E+00,+1.12990000E+00,+1.12940000E+00,+1.12940000E+00,+1.12880000E+00\u000a
p101
aV+1.12260000E+00,+1.12210000E+00,+1.12260000E+00,+1.12210000E+00,+1.12260000E+00,+1.12210000E+00,+1.12260000E+00,+1.12260000E+00,+1.12210000E+00,+1.12260000E+00\u000a
p102
aV+1.11420000E+00,+1.11470000E+00,+1.11420000E+00,+1.11370000E+00,+1.11420000E+00,+1.11420000E+00,+1.11420000E+00,+1.11420000E+00,+1.11420000E+00,+1.11420000E+00\u000a
p103
aV+1.10480000E+00,+1.10530000E+00,+1.10530000E+00,+1.10530000E+00,+1.10530000E+00,+1.10480000E+00,+1.10530000E+00,+1.10530000E+00,+1.10480000E+00,+1.10530000E+00\u000a
p104
aV+1.09800000E+00,+1.09800000E+00,+1.09800000E+00,+1.09750000E+00,+1.09800000E+00,+1.09800000E+00,+1.09800000E+00,+1.09800000E+00,+1.09800000E+00,+1.09800000E+00\u000a
p105
aV+1.08970000E+00,+1.08970000E+00,+1.08970000E+00,+1.08910000E+00,+1.08970000E+00,+1.08910000E+00,+1.08910000E+00,+1.08970000E+00,+1.08970000E+00,+1.08910000E+00\u000a
p106
aV+1.08180000E+00,+1.08240000E+00,+1.08180000E+00,+1.08240000E+00,+1.08240000E+00,+1.08180000E+00,+1.08180000E+00,+1.08180000E+00,+1.08180000E+00,+1.08180000E+00\u000a
p107
aV+1.07300000E+00,+1.07300000E+00,+1.07300000E+00,+1.07300000E+00,+1.07300000E+00,+1.07300000E+00,+1.07300000E+00,+1.07300000E+00,+1.07300000E+00,+1.07300000E+00\u000a
p108
aV+1.06510000E+00,+1.06560000E+00,+1.06560000E+00,+1.06510000E+00,+1.06510000E+00,+1.06510000E+00,+1.06510000E+00,+1.06510000E+00,+1.06510000E+00,+1.06510000E+00\u000a
p109
aV+1.05570000E+00,+1.05570000E+00,+1.05570000E+00,+1.05620000E+00,+1.05570000E+00,+1.05570000E+00,+1.05570000E+00,+1.05570000E+00,+1.05570000E+00,+1.05570000E+00\u000a
p110
aV+1.04790000E+00,+1.04790000E+00,+1.04740000E+00,+1.04740000E+00,+1.04790000E+00,+1.04740000E+00,+1.04790000E+00,+1.04790000E+00,+1.04790000E+00,+1.04740000E+00\u000a
p111
aV+1.03640000E+00,+1.03690000E+00,+1.03690000E+00,+1.03640000E+00,+1.03640000E+00,+1.03640000E+00,+1.03640000E+00,+1.03690000E+00,+1.03690000E+00,+1.03690000E+00\u000a
p112
aV+1.02800000E+00,+1.02800000E+00,+1.02850000E+00,+1.02850000E+00,+1.02800000E+00,+1.02850000E+00,+1.02850000E+00,+1.02800000E+00,+1.02800000E+00,+1.02800000E+00\u000a
p113
aV+1.01810000E+00,+1.01760000E+00,+1.01810000E+00,+1.01760000E+00,+1.01760000E+00,+1.01760000E+00,+1.01760000E+00,+1.01810000E+00,+1.01760000E+00,+1.01810000E+00\u000a
p114
aV+1.00920000E+00,+1.00920000E+00,+1.00920000E+00,+1.00920000E+00,+1.00920000E+00,+1.00970000E+00,+1.00970000E+00,+1.00920000E+00,+1.00920000E+00,+1.00970000E+00\u000a
p115
aV+9.97200000E-01,+9.97700000E-01,+9.97200000E-01,+9.97700000E-01,+9.97200000E-01,+9.97200000E-01,+9.97200000E-01,+9.97700000E-01,+9.97200000E-01,+9.97700000E-01\u000a
p116
aV+9.88300000E-01,+9.88300000E-01,+9.88300000E-01,+9.88800000E-01,+9.88800000E-01,+9.88300000E-01,+9.88300000E-01,+9.88300000E-01,+9.88300000E-01,+9.88800000E-01\u000a
p117
aV+9.78400000E-01,+9.77900000E-01,+9.77400000E-01,+9.77400000E-01,+9.77400000E-01,+9.78400000E-01,+9.77900000E-01,+9.77900000E-01,+9.77900000E-01,+9.78400000E-01\u000a
p118
aV+9.66900000E-01,+9.66400000E-01,+9.66900000E-01,+9.65900000E-01,+9.66900000E-01,+9.66900000E-01,+9.66900000E-01,+9.66900000E-01,+9.66900000E-01,+9.66900000E-01\u000a
p119
aV+9.57500000E-01,+9.57500000E-01,+9.57500000E-01,+9.57500000E-01,+9.57500000E-01,+9.57500000E-01,+9.57500000E-01,+9.57500000E-01,+9.57500000E-01,+9.57500000E-01\u000a
p120
aV+9.47100000E-01,+9.47600000E-01,+9.47100000E-01,+9.47100000E-01,+9.46500000E-01,+9.47100000E-01,+9.47100000E-01,+9.47600000E-01,+9.47100000E-01,+9.47100000E-01\u000a
p121
aV+9.38700000E-01,+9.38700000E-01,+9.38700000E-01,+9.38700000E-01,+9.38700000E-01,+9.38200000E-01,+9.38700000E-01,+9.38200000E-01,+9.38200000E-01,+9.38700000E-01\u000a
p122
aV+9.26200000E-01,+9.26700000E-01,+9.26200000E-01,+9.26200000E-01,+9.26700000E-01,+9.27200000E-01,+9.26700000E-01,+9.26200000E-01,+9.26700000E-01,+9.26200000E-01\u000a
p123
aV+9.17800000E-01,+9.17800000E-01,+9.17300000E-01,+9.17300000E-01,+9.17300000E-01,+9.17800000E-01,+9.17300000E-01,+9.17800000E-01,+9.17800000E-01,+9.17800000E-01\u000a
p124
aV+9.07400000E-01,+9.07400000E-01,+9.06800000E-01,+9.06800000E-01,+9.07400000E-01,+9.07400000E-01,+9.07400000E-01,+9.07400000E-01,+9.07400000E-01,+9.06800000E-01\u000a
p125
aV+8.98500000E-01,+8.98000000E-01,+8.98000000E-01,+8.98000000E-01,+8.98000000E-01,+8.98000000E-01,+8.98500000E-01,+8.98500000E-01,+8.98000000E-01,+8.98500000E-01\u000a
p126
aV+8.86500000E-01,+8.87000000E-01,+8.87000000E-01,+8.87000000E-01,+8.87000000E-01,+8.86500000E-01,+8.86500000E-01,+8.87000000E-01,+8.86500000E-01,+8.86500000E-01\u000a
p127
aV+8.77600000E-01,+8.77600000E-01,+8.78100000E-01,+8.77600000E-01,+8.77600000E-01,+8.78100000E-01,+8.77600000E-01,+8.77600000E-01,+8.77600000E-01,+8.78100000E-01\u000a
p128
aV+8.67700000E-01,+8.67700000E-01,+8.67700000E-01,+8.67100000E-01,+8.67700000E-01,+8.67700000E-01,+8.67700000E-01,+8.67100000E-01,+8.67100000E-01,+8.67700000E-01\u000a
p129
aV+8.58800000E-01,+8.58800000E-01,+8.58800000E-01,+8.58800000E-01,+8.58800000E-01,+8.58300000E-01,+8.58800000E-01,+8.59300000E-01,+8.58300000E-01,+8.58800000E-01\u000a
p130
aV+8.58300000E-01,+8.58800000E-01,+8.58800000E-01,+8.58800000E-01,+8.58800000E-01,+8.58800000E-01,+8.58300000E-01,+8.58800000E-01,+8.58300000E-01,+8.58800000E-01\u000a
p131
aV+8.35800000E-01,+8.36300000E-01,+8.36300000E-01,+8.35800000E-01,+8.36300000E-01,+8.36300000E-01,+8.35800000E-01,+8.35800000E-01,+8.36300000E-01,+8.36300000E-01\u000a
p132
aV+8.27400000E-01,+8.27400000E-01,+8.26900000E-01,+8.26900000E-01,+8.27400000E-01,+8.27400000E-01,+8.27400000E-01,+8.27400000E-01,+8.27400000E-01,+8.28000000E-01\u000a
p133
aV+8.15900000E-01,+8.15900000E-01,+8.15900000E-01,+8.15400000E-01,+8.15900000E-01,+8.15400000E-01,+8.15900000E-01,+8.15900000E-01,+8.15900000E-01,+8.16500000E-01\u000a
p134
aV+8.07100000E-01,+8.07100000E-01,+8.07100000E-01,+8.07100000E-01,+8.07100000E-01,+8.07100000E-01,+8.07100000E-01,+8.07100000E-01,+8.07100000E-01,+8.06500000E-01\u000a
p135
aV+7.98200000E-01,+7.98700000E-01,+7.98200000E-01,+7.99200000E-01,+7.98200000E-01,+7.98200000E-01,+7.98700000E-01,+7.98700000E-01,+7.98700000E-01,+7.98200000E-01\u000a
p136
aV+7.89300000E-01,+7.89800000E-01,+7.89300000E-01,+7.89800000E-01,+7.89300000E-01,+7.89800000E-01,+7.89800000E-01,+7.89800000E-01,+7.89300000E-01,+7.89300000E-01\u000a
p137
aV+7.77300000E-01,+7.77800000E-01,+7.77800000E-01,+7.77300000E-01,+7.77300000E-01,+7.77300000E-01,+7.77300000E-01,+7.77800000E-01,+7.77800000E-01,+7.77800000E-01\u000a
p138
aV+7.68900000E-01,+7.68400000E-01,+7.68900000E-01,+7.68900000E-01,+7.68900000E-01,+7.68400000E-01,+7.68400000E-01,+7.68400000E-01,+7.68900000E-01,+7.68400000E-01\u000a
p139
aV+7.58500000E-01,+7.58500000E-01,+7.58500000E-01,+7.58000000E-01,+7.58500000E-01,+7.58500000E-01,+7.58500000E-01,+7.58500000E-01,+7.58500000E-01,+7.58000000E-01\u000a
p140
aV+7.49600000E-01,+7.49100000E-01,+7.49100000E-01,+7.49100000E-01,+7.49100000E-01,+7.49100000E-01,+7.49600000E-01,+7.49100000E-01,+7.49600000E-01,+7.49100000E-01\u000a
p141
aV+7.38100000E-01,+7.37600000E-01,+7.38100000E-01,+7.38100000E-01,+7.37600000E-01,+7.37600000E-01,+7.38100000E-01,+7.37600000E-01,+7.37600000E-01,+7.38100000E-01\u000a
p142
aV+7.29200000E-01,+7.29800000E-01,+7.29800000E-01,+7.28700000E-01,+7.29200000E-01,+7.29200000E-01,+7.29200000E-01,+7.29200000E-01,+7.29800000E-01,+7.29200000E-01\u000a
p143
aV+7.18800000E-01,+7.18800000E-01,+7.18800000E-01,+7.18800000E-01,+7.18800000E-01,+7.18800000E-01,+7.19300000E-01,+7.18800000E-01,+7.19300000E-01,+7.18800000E-01\u000a
p144
aV+7.09900000E-01,+7.09900000E-01,+7.09900000E-01,+7.09900000E-01,+7.10400000E-01,+7.09900000E-01,+7.09900000E-01,+7.09900000E-01,+7.09400000E-01,+7.09900000E-01\u000a
p145
aV+6.98400000E-01,+6.97900000E-01,+6.97900000E-01,+6.97900000E-01,+6.97900000E-01,+6.97400000E-01,+6.97900000E-01,+6.97900000E-01,+6.97900000E-01,+6.97400000E-01\u000a
p146
aV+6.87400000E-01,+6.87400000E-01,+6.86900000E-01,+6.87400000E-01,+6.87400000E-01,+6.86900000E-01,+6.87400000E-01,+6.87400000E-01,+6.87400000E-01,+6.87400000E-01\u000a
p147
aV+6.78000000E-01,+6.78600000E-01,+6.78600000E-01,+6.78600000E-01,+6.78600000E-01,+6.78600000E-01,+6.78000000E-01,+6.78000000E-01,+6.78600000E-01,+6.78600000E-01\u000a
p148
aV+6.67600000E-01,+6.67100000E-01,+6.67100000E-01,+6.67600000E-01,+6.67100000E-01,+6.67600000E-01,+6.67100000E-01,+6.67600000E-01,+6.67100000E-01,+6.67100000E-01\u000a
p149
aV+6.58700000E-01,+6.58700000E-01,+6.58700000E-01,+6.58700000E-01,+6.58700000E-01,+6.58700000E-01,+6.58700000E-01,+6.58200000E-01,+6.58200000E-01,+6.58200000E-01\u000a
p150
aV+6.48300000E-01,+6.48300000E-01,+6.47700000E-01,+6.48300000E-01,+6.47700000E-01,+6.48300000E-01,+6.47700000E-01,+6.48300000E-01,+6.47700000E-01,+6.47700000E-01\u000a
p151
aV+6.39400000E-01,+6.38900000E-01,+6.39400000E-01,+6.39400000E-01,+6.38900000E-01,+6.38900000E-01,+6.38900000E-01,+6.38900000E-01,+6.38900000E-01,+6.38900000E-01\u000a
p152
aV+6.26800000E-01,+6.27400000E-01,+6.26800000E-01,+6.27400000E-01,+6.26800000E-01,+6.26800000E-01,+6.27400000E-01,+6.26800000E-01,+6.26800000E-01,+6.26800000E-01\u000a
p153
aV+6.18500000E-01,+6.18500000E-01,+6.18500000E-01,+6.18000000E-01,+6.18000000E-01,+6.18000000E-01,+6.18000000E-01,+6.18000000E-01,+6.18000000E-01,+6.18500000E-01\u000a
p154
aV+6.07500000E-01,+6.07500000E-01,+6.07500000E-01,+6.07000000E-01,+6.07500000E-01,+6.07000000E-01,+6.08000000E-01,+6.07500000E-01,+6.07500000E-01,+6.07500000E-01\u000a
p155
aV+5.99200000E-01,+5.98600000E-01,+5.98600000E-01,+5.98600000E-01,+5.98100000E-01,+5.98600000E-01,+5.99200000E-01,+5.99200000E-01,+5.98600000E-01,+5.98600000E-01\u000a
p156
aV+5.87700000E-01,+5.87700000E-01,+5.87700000E-01,+5.88200000E-01,+5.87700000E-01,+5.87700000E-01,+5.87700000E-01,+5.87100000E-01,+5.87700000E-01,+5.87700000E-01\u000a
p157
aV+5.78800000E-01,+5.78800000E-01,+5.78800000E-01,+5.78800000E-01,+5.78800000E-01,+5.78800000E-01,+5.78800000E-01,+5.79300000E-01,+5.78800000E-01,+5.79300000E-01\u000a
p158
aV+5.68300000E-01,+5.68300000E-01,+5.68300000E-01,+5.68300000E-01,+5.68300000E-01,+5.67300000E-01,+5.68300000E-01,+5.68300000E-01,+5.67800000E-01,+5.68300000E-01\u000a
p159
aV+5.56300000E-01,+5.56300000E-01,+5.56300000E-01,+5.55800000E-01,+5.55800000E-01,+5.56300000E-01,+5.56300000E-01,+5.55800000E-01,+5.55800000E-01,+5.56300000E-01\u000a
p160
aV+5.47400000E-01,+5.48000000E-01,+5.47400000E-01,+5.47400000E-01,+5.47400000E-01,+5.48000000E-01,+5.48000000E-01,+5.47400000E-01,+5.47400000E-01,+5.47400000E-01\u000a
p161
aV+5.37500000E-01,+5.36500000E-01,+5.36500000E-01,+5.36500000E-01,+5.37000000E-01,+5.37000000E-01,+5.37000000E-01,+5.37000000E-01,+5.36500000E-01,+5.36500000E-01\u000a
p162
aV+5.27600000E-01,+5.27600000E-01,+5.27600000E-01,+5.28100000E-01,+5.27600000E-01,+5.27600000E-01,+5.27600000E-01,+5.28100000E-01,+5.27600000E-01,+5.28100000E-01\u000a
p163
aV+5.17700000E-01,+5.17700000E-01,+5.17100000E-01,+5.17100000E-01,+5.17700000E-01,+5.17700000E-01,+5.17100000E-01,+5.17700000E-01,+5.17700000E-01,+5.17100000E-01\u000a
p164
aV+5.08300000E-01,+5.08800000E-01,+5.08800000E-01,+5.08300000E-01,+5.08800000E-01,+5.08300000E-01,+5.08800000E-01,+5.08800000E-01,+5.09300000E-01,+5.09300000E-01\u000a
p165
aV+4.97800000E-01,+4.97800000E-01,+4.98300000E-01,+4.97800000E-01,+4.98300000E-01,+4.97800000E-01,+4.97800000E-01,+4.97800000E-01,+4.97800000E-01,+4.98300000E-01\u000a
p166
aV+4.88900000E-01,+4.88900000E-01,+4.89500000E-01,+4.88900000E-01,+4.88900000E-01,+4.89500000E-01,+4.89500000E-01,+4.89500000E-01,+4.88900000E-01,+4.89500000E-01\u000a
p167
aV+4.76900000E-01,+4.77400000E-01,+4.77400000E-01,+4.77400000E-01,+4.77400000E-01,+4.76900000E-01,+4.76900000E-01,+4.77400000E-01,+4.77400000E-01,+4.77400000E-01\u000a
p168
aV+4.68600000E-01,+4.68000000E-01,+4.68600000E-01,+4.69100000E-01,+4.68000000E-01,+4.68000000E-01,+4.68000000E-01,+4.68000000E-01,+4.68000000E-01,+4.68600000E-01\u000a
p169
aV+4.57600000E-01,+4.57600000E-01,+4.57600000E-01,+4.57600000E-01,+4.57600000E-01,+4.57600000E-01,+4.57600000E-01,+4.58100000E-01,+4.58100000E-01,+4.57600000E-01\u000a
p170
aV+4.49200000E-01,+4.49200000E-01,+4.49200000E-01,+4.49200000E-01,+4.49200000E-01,+4.49200000E-01,+4.49200000E-01,+4.49200000E-01,+4.48700000E-01,+4.48700000E-01\u000a
p171
aV+4.38300000E-01,+4.37700000E-01,+4.37700000E-01,+4.37700000E-01,+4.38300000E-01,+4.37700000E-01,+4.37700000E-01,+4.37700000E-01,+4.38300000E-01,+4.37200000E-01\u000a
p172
aV+4.29400000E-01,+4.28300000E-01,+4.28300000E-01,+4.28900000E-01,+4.28300000E-01,+4.29400000E-01,+4.28900000E-01,+4.29400000E-01,+4.28900000E-01,+4.28900000E-01\u000a
p173
aV+4.18900000E-01,+4.17900000E-01,+4.18400000E-01,+4.18900000E-01,+4.18400000E-01,+4.18400000E-01,+4.18400000E-01,+4.18400000E-01,+4.17900000E-01,+4.17900000E-01\u000a
p174
aV+4.06400000E-01,+4.06400000E-01,+4.06400000E-01,+4.05900000E-01,+4.06400000E-01,+4.05900000E-01,+4.06400000E-01,+4.06400000E-01,+4.06400000E-01,+4.06400000E-01\u000a
p175
aV+3.97500000E-01,+3.97000000E-01,+3.97000000E-01,+3.97000000E-01,+3.97500000E-01,+3.97000000E-01,+3.97000000E-01,+3.97500000E-01,+3.97500000E-01,+3.97500000E-01\u000a
p176
aV+3.87100000E-01,+3.86600000E-01,+3.87100000E-01,+3.86600000E-01,+3.86600000E-01,+3.87100000E-01,+3.86600000E-01,+3.87100000E-01,+3.87100000E-01,+3.86600000E-01\u000a
p177
aV+3.78200000E-01,+3.78200000E-01,+3.78200000E-01,+3.78200000E-01,+3.77700000E-01,+3.78200000E-01,+3.78200000E-01,+3.77700000E-01,+3.78200000E-01,+3.78700000E-01\u000a
p178
aV+3.66700000E-01,+3.67200000E-01,+3.66700000E-01,+3.66700000E-01,+3.67200000E-01,+3.67200000E-01,+3.67200000E-01,+3.67200000E-01,+3.67200000E-01,+3.66700000E-01\u000a
p179
aV+3.57800000E-01,+3.58300000E-01,+3.57800000E-01,+3.58300000E-01,+3.57800000E-01,+3.57800000E-01,+3.57800000E-01,+3.58300000E-01,+3.57800000E-01,+3.57300000E-01\u000a
p180
aV+3.47400000E-01,+3.47400000E-01,+3.47400000E-01,+3.47900000E-01,+3.47400000E-01,+3.47400000E-01,+3.47400000E-01,+3.47900000E-01,+3.47400000E-01,+3.47400000E-01\u000a
p181
aV+3.38500000E-01,+3.38500000E-01,+3.38500000E-01,+3.38500000E-01,+3.38500000E-01,+3.38500000E-01,+3.38500000E-01,+3.39000000E-01,+3.38500000E-01,+3.38500000E-01\u000a
p182
aV+3.26500000E-01,+3.26500000E-01,+3.26000000E-01,+3.26500000E-01,+3.26500000E-01,+3.26000000E-01,+3.26500000E-01,+3.26500000E-01,+3.26500000E-01,+3.26500000E-01\u000a
p183
aV+3.18100000E-01,+3.18100000E-01,+3.17600000E-01,+3.18100000E-01,+3.17600000E-01,+3.18100000E-01,+3.17600000E-01,+3.17600000E-01,+3.17600000E-01,+3.18100000E-01\u000a
p184
aV+3.07700000E-01,+3.07200000E-01,+3.07700000E-01,+3.07200000E-01,+3.07200000E-01,+3.07200000E-01,+3.07700000E-01,+3.07700000E-01,+3.07700000E-01,+3.07700000E-01\u000a
p185
aV+2.98300000E-01,+2.98800000E-01,+2.98800000E-01,+2.98800000E-01,+2.98800000E-01,+2.98800000E-01,+2.98800000E-01,+2.98800000E-01,+2.99300000E-01,+2.98800000E-01\u000a
p186
aV+2.87300000E-01,+2.86800000E-01,+2.87800000E-01,+2.87300000E-01,+2.87300000E-01,+2.87300000E-01,+2.87300000E-01,+2.87300000E-01,+2.87800000E-01,+2.87300000E-01\u000a
p187
aV+2.76900000E-01,+2.76900000E-01,+2.76300000E-01,+2.76300000E-01,+2.76900000E-01,+2.76900000E-01,+2.76900000E-01,+2.76900000E-01,+2.76900000E-01,+2.76900000E-01\u000a
p188
aV+2.67500000E-01,+2.68000000E-01,+2.68000000E-01,+2.68500000E-01,+2.67500000E-01,+2.67500000E-01,+2.67500000E-01,+2.68000000E-01,+2.68000000E-01,+2.67500000E-01\u000a
p189
aV+2.56000000E-01,+2.56000000E-01,+2.56000000E-01,+2.56000000E-01,+2.55400000E-01,+2.56000000E-01,+2.56000000E-01,+2.56000000E-01,+2.56000000E-01,+2.56000000E-01\u000a
p190
aV+2.46600000E-01,+2.47100000E-01,+2.47100000E-01,+2.47100000E-01,+2.47100000E-01,+2.47600000E-01,+2.47100000E-01,+2.46600000E-01,+2.47100000E-01,+2.46600000E-01\u000a
p191
aV+2.42900000E-01,+2.42400000E-01,+2.42900000E-01,+2.42400000E-01,+2.42900000E-01,+2.42900000E-01,+2.42900000E-01,+2.42900000E-01,+2.43400000E-01,+2.42900000E-01\u000a
p192
aV+2.33000000E-01,+2.32500000E-01,+2.32500000E-01,+2.31900000E-01,+2.32500000E-01,+2.32500000E-01,+2.32500000E-01,+2.32500000E-01,+2.32500000E-01,+2.32500000E-01\u000a
p193
aV+2.22000000E-01,+2.22000000E-01,+2.22000000E-01,+2.22000000E-01,+2.22000000E-01,+2.22000000E-01,+2.21500000E-01,+2.22000000E-01,+2.21500000E-01,+2.22000000E-01\u000a
p194
aV+2.13100000E-01,+2.13100000E-01,+2.13100000E-01,+2.12600000E-01,+2.13100000E-01,+2.12600000E-01,+2.13100000E-01,+2.13100000E-01,+2.13600000E-01,+2.12600000E-01\u000a
p195
aV+2.13100000E-01,+2.13100000E-01,+2.13100000E-01,+2.13100000E-01,+2.13100000E-01,+2.12600000E-01,+2.13100000E-01,+2.13100000E-01,+2.12600000E-01,+2.13100000E-01\u000a
p196
aV+1.92200000E-01,+1.92200000E-01,+1.91700000E-01,+1.92200000E-01,+1.92800000E-01,+1.92200000E-01,+1.92200000E-01,+1.92200000E-01,+1.92200000E-01,+1.92800000E-01\u000a
p197
aV+1.81800000E-01,+1.81300000E-01,+1.81300000E-01,+1.81800000E-01,+1.81300000E-01,+1.81800000E-01,+1.81300000E-01,+1.81800000E-01,+1.81300000E-01,+1.81800000E-01\u000a
p198
aV+1.72400000E-01,+1.72400000E-01,+1.72400000E-01,+1.72900000E-01,+1.72400000E-01,+1.72400000E-01,+1.72900000E-01,+1.72400000E-01,+1.72400000E-01,+1.72900000E-01\u000a
p199
aV+1.61900000E-01,+1.61400000E-01,+1.61900000E-01,+1.61900000E-01,+1.61400000E-01,+1.61400000E-01,+1.61900000E-01,+1.61400000E-01,+1.61900000E-01,+1.61900000E-01\u000a
p200
aV+1.52500000E-01,+1.52500000E-01,+1.53100000E-01,+1.52500000E-01,+1.52500000E-01,+1.52500000E-01,+1.53100000E-01,+1.53100000E-01,+1.53100000E-01,+1.53100000E-01\u000a
p201
aV+1.42100000E-01,+1.42600000E-01,+1.42600000E-01,+1.42100000E-01,+1.41600000E-01,+1.42100000E-01,+1.42100000E-01,+1.42100000E-01,+1.42600000E-01,+1.42100000E-01\u000a
p202
aV+1.30600000E-01,+1.30100000E-01,+1.30600000E-01,+1.30600000E-01,+1.30100000E-01,+1.30100000E-01,+1.30600000E-01,+1.30600000E-01,+1.30600000E-01,+1.30100000E-01\u000a
p203
aV+1.30600000E-01,+1.30100000E-01,+1.30100000E-01,+1.30100000E-01,+1.30100000E-01,+1.30100000E-01,+1.29500000E-01,+1.30100000E-01,+1.30600000E-01,+1.30600000E-01\u000a
p204
aV+1.10700000E-01,+1.10200000E-01,+1.10700000E-01,+1.10700000E-01,+1.10700000E-01,+1.10200000E-01,+1.10700000E-01,+1.11300000E-01,+1.10700000E-01,+1.10700000E-01\u000a
p205
aV+1.01900000E-01,+1.01900000E-01,+1.02400000E-01,+1.01300000E-01,+1.02400000E-01,+1.01900000E-01,+1.01300000E-01,+1.01900000E-01,+1.02400000E-01,+1.01900000E-01\u000a
p206
aV+9.04000000E-02,+9.09000000E-02,+9.09000000E-02,+9.09000000E-02,+8.98000000E-02,+9.09000000E-02,+9.09000000E-02,+9.04000000E-02,+9.09000000E-02,+9.04000000E-02\u000a
p207
aV+8.15000000E-02,+8.10000000E-02,+8.15000000E-02,+8.15000000E-02,+8.15000000E-02,+8.15000000E-02,+8.20000000E-02,+8.20000000E-02,+8.20000000E-02,+8.20000000E-02\u000a
p208
aV+7.05000000E-02,+7.05000000E-02,+7.05000000E-02,+7.16000000E-02,+7.16000000E-02,+7.16000000E-02,+7.16000000E-02,+7.10000000E-02,+7.10000000E-02,+7.16000000E-02\u000a
p209
aV+6.22000000E-02,+6.27000000E-02,+6.32000000E-02,+6.22000000E-02,+6.16000000E-02,+6.16000000E-02,+6.22000000E-02,+6.22000000E-02,+6.27000000E-02,+6.22000000E-02\u000a
p210
aV+5.01000000E-02,+5.07000000E-02,+5.07000000E-02,+5.01000000E-02,+5.01000000E-02,+5.07000000E-02,+5.07000000E-02,+5.01000000E-02,+5.07000000E-02,+5.01000000E-02\u000a
p211
aV+4.13000000E-02,+4.13000000E-02,+4.13000000E-02,+4.18000000E-02,+4.13000000E-02,+4.13000000E-02,+4.18000000E-02,+4.18000000E-02,+4.13000000E-02,+4.18000000E-02\u000a
p212
aV+3.08000000E-02,+3.08000000E-02,+3.08000000E-02,+3.08000000E-02,+3.03000000E-02,+3.08000000E-02,+3.08000000E-02,+3.08000000E-02,+3.13000000E-02,+3.08000000E-02\u000a
p213
aV+2.14000000E-02,+2.19000000E-02,+2.19000000E-02,+2.19000000E-02,+2.25000000E-02,+2.19000000E-02,+2.25000000E-02,+2.30000000E-02,+2.30000000E-02,+2.25000000E-02\u000a
p214
aV+9.90000000E-03,+1.04000000E-02,+1.04000000E-02,+1.04000000E-02,+1.10000000E-02,+1.10000000E-02,+1.04000000E-02,+1.04000000E-02,+1.15000000E-02,+1.10000000E-02\u000a
p215
a.