(lp0
V+0.00000000E-05,-5.00000000E-05,+0.00000000E-05,+5.00000000E-05,-5.00000000E-05,+1.00000000E-04,+5.00000000E-05,+0.00000000E-05,+1.00000000E-04,+5.00000000E-05\u000a
p1
aV+2.60000000E-04,+0.00000000E-05,+5.00000000E-05,-5.00000000E-05,+5.00000000E-05,+1.00000000E-04,+5.00000000E-05,+1.00000000E-04,+3.60000000E-04,+0.00000000E-05\u000a
p2
aV-5.00000000E-05,+1.00000000E-04,+5.00000000E-05,-5.00000000E-05,+5.00000000E-05,+0.00000000E-05,-5.00000000E-05,+1.00000000E-04,+5.00000000E-05,+0.00000000E-05\u000a
p3
aV+5.00000000E-05,+5.00000000E-05,+5.00000000E-05,+0.00000000E-05,+5.00000000E-05,+0.00000000E-05,+5.00000000E-05,+5.00000000E-05,-5.00000000E-05,-5.00000000E-05\u000a
p4
aV+0.00000000E-05,+5.00000000E-05,+0.00000000E-05,-5.00000000E-05,+0.00000000E-05,+0.00000000E-05,+5.00000000E-05,+0.00000000E-05,+5.00000000E-05,+1.00000000E-04\u000a
p5
aV+5.00000000E-05,-5.00000000E-05,+1.00000000E-04,+0.00000000E-05,+0.00000000E-05,+0.00000000E-05,+0.00000000E-05,+5.00000000E-05,+5.00000000E-05,+0.00000000E-05\u000a
p6
aV+5.00000000E-05,-5.00000000E-05,+0.00000000E-05,-5.00000000E-05,+0.00000000E-05,-5.00000000E-05,+0.00000000E-05,+0.00000000E-05,+5.00000000E-05,-5.00000000E-05\u000a
p7
aV+5.00000000E-05,-5.00000000E-05,-1.00000000E-04,-1.00000000E-04,+0.00000000E-05,-5.00000000E-05,+0.00000000E-05,+1.00000000E-04,-5.00000000E-05,+0.00000000E-05\u000a
p8
aV+5.00000000E-05,-5.00000000E-05,+0.00000000E-05,+0.00000000E-05,+0.00000000E-05,+0.00000000E-05,+5.00000000E-05,+0.00000000E-05,+0.00000000E-05,+0.00000000E-05\u000a
p9
aV+0.00000000E-05,+1.00000000E-04,+1.00000000E-04,+0.00000000E-05,-5.00000000E-05,+0.00000000E-05,+0.00000000E-05,+1.00000000E-04,+5.00000000E-05,+0.00000000E-05\u000a
p10
aV+0.00000000E-05,+0.00000000E-05,-5.00000000E-05,+0.00000000E-05,-5.00000000E-05,+0.00000000E-05,-5.00000000E-05,+0.00000000E-05,+5.00000000E-05,+5.00000000E-05\u000a
p11
aV+1.50000000E-04,+0.00000000E-05,+0.00000000E-05,-5.00000000E-05,+5.00000000E-05,-5.00000000E-05,+5.00000000E-05,+0.00000000E-05,-1.00000000E-04,-5.00000000E-05\u000a
p12
aV-5.00000000E-05,+5.00000000E-05,+0.00000000E-05,-1.00000000E-04,+5.00000000E-05,-5.00000000E-05,-1.00000000E-04,+0.00000000E-05,-5.00000000E-05,+0.00000000E-05\u000a
p13
aV+5.00000000E-05,+5.00000000E-05,+5.00000000E-05,+2.60000000E-04,-5.00000000E-05,+1.00000000E-04,+0.00000000E-05,+1.00000000E-04,-5.00000000E-05,+0.00000000E-05\u000a
p14
aV-5.00000000E-05,+0.00000000E-05,-5.00000000E-05,+1.00000000E-04,-5.00000000E-05,+0.00000000E-05,-5.00000000E-05,+0.00000000E-05,+0.00000000E-05,+0.00000000E-05\u000a
p15
aV-5.00000000E-05,+0.00000000E-05,+0.00000000E-05,-5.00000000E-05,-1.50000000E-04,-5.00000000E-05,-5.00000000E-05,-5.00000000E-05,+0.00000000E-05,+0.00000000E-05\u000a
p16
aV-5.00000000E-05,+0.00000000E-05,-5.00000000E-05,-5.00000000E-05,-5.00000000E-05,-5.00000000E-05,+0.00000000E-05,+5.00000000E-05,-5.00000000E-05,-1.00000000E-04\u000a
p17
aV-5.00000000E-05,-5.00000000E-05,-5.00000000E-05,+5.00000000E-05,+0.00000000E-05,+0.00000000E-05,-5.00000000E-05,-5.00000000E-05,+5.00000000E-05,+5.00000000E-05\u000a
p18
aV+0.00000000E-05,-5.00000000E-05,-5.00000000E-05,-5.00000000E-05,-5.00000000E-05,+0.00000000E-05,-1.00000000E-04,-5.00000000E-05,-5.00000000E-05,-5.00000000E-05\u000a
p19
aV-1.00000000E-04,-1.00000000E-04,-1.00000000E-04,+0.00000000E-05,+0.00000000E-05,-1.00000000E-04,-5.00000000E-05,-5.00000000E-05,+5.00000000E-05,+5.00000000E-05\u000a
p20
aV+0.00000000E-05,-5.00000000E-05,+0.00000000E-05,+5.00000000E-05,+0.00000000E-05,-5.00000000E-05,+0.00000000E-05,-1.00000000E-04,+0.00000000E-05,+0.00000000E-05\u000a
p21
aV+0.00000000E-05,-1.00000000E-04,+5.00000000E-05,+0.00000000E-05,-1.00000000E-04,+0.00000000E-05,-1.00000000E-04,-5.00000000E-05,+0.00000000E-05,+0.00000000E-05\u000a
p22
aV+5.00000000E-05,+0.00000000E-05,-1.00000000E-04,+1.00000000E-04,+0.00000000E-05,-1.00000000E-04,+5.00000000E-05,+0.00000000E-05,+0.00000000E-05,+0.00000000E-05\u000a
p23
aV-5.00000000E-05,+0.00000000E-05,+5.00000000E-05,-5.00000000E-05,+0.00000000E-05,+0.00000000E-05,-1.00000000E-04,-1.00000000E-04,-5.00000000E-05,-5.00000000E-05\u000a
p24
aV+0.00000000E-05,+0.00000000E-05,+1.00000000E-04,+5.00000000E-05,+0.00000000E-05,-5.00000000E-05,-3.10000000E-04,+0.00000000E-05,+0.00000000E-05,+5.00000000E-05\u000a
p25
aV+0.00000000E-05,+5.00000000E-05,+5.00000000E-05,-5.00000000E-05,+5.00000000E-05,+0.00000000E-05,+0.00000000E-05,+0.00000000E-05,-1.00000000E-04,-5.00000000E-05\u000a
p26
aV+0.00000000E-05,+0.00000000E-05,+0.00000000E-05,+0.00000000E-05,+5.00000000E-05,+0.00000000E-05,-5.00000000E-05,-5.00000000E-05,+0.00000000E-05,+0.00000000E-05\u000a
p27
aV+5.00000000E-05,+0.00000000E-05,-1.00000000E-04,+0.00000000E-05,-5.00000000E-05,-5.00000000E-05,-5.00000000E-05,-1.00000000E-04,+0.00000000E-05,+0.00000000E-05\u000a
p28
aV-1.00000000E-04,+0.00000000E-05,+0.00000000E-05,-5.00000000E-05,+0.00000000E-05,+0.00000000E-05,-5.00000000E-05,-5.00000000E-05,-5.00000000E-05,+0.00000000E-05\u000a
p29
aV+0.00000000E-05,+1.00000000E-04,-5.00000000E-05,+5.00000000E-05,+0.00000000E-05,+0.00000000E-05,-5.00000000E-05,-1.00000000E-04,-1.00000000E-04,-5.00000000E-05\u000a
p30
aV+0.00000000E-05,+5.00000000E-05,-5.00000000E-05,+0.00000000E-05,-5.00000000E-05,-1.00000000E-04,+5.00000000E-05,+5.00000000E-05,-5.00000000E-05,+0.00000000E-05\u000a
p31
aV+0.00000000E-05,+1.00000000E-04,+1.00000000E-04,+0.00000000E-05,-5.00000000E-05,-5.00000000E-05,+5.00000000E-05,+5.00000000E-05,-1.00000000E-04,+0.00000000E-05\u000a
p32
aV+5.00000000E-05,+1.00000000E-04,-5.00000000E-05,+0.00000000E-05,-5.00000000E-05,+1.00000000E-04,+5.00000000E-05,+5.00000000E-05,+0.00000000E-05,-5.00000000E-05\u000a
p33
aV+1.00000000E-04,-5.00000000E-05,-1.00000000E-04,+5.00000000E-05,-1.00000000E-04,+5.00000000E-05,+0.00000000E-05,-5.00000000E-05,+0.00000000E-05,-5.00000000E-05\u000a
p34
aV+0.00000000E-05,-1.50000000E-04,-5.00000000E-05,+5.00000000E-05,-1.00000000E-04,+2.10000000E-04,+0.00000000E-05,+5.00000000E-05,+0.00000000E-05,+0.00000000E-05\u000a
p35
aV+1.00000000E-04,+5.00000000E-05,+0.00000000E-05,+0.00000000E-05,+5.00000000E-05,-5.00000000E-05,+0.00000000E-05,+0.00000000E-05,+5.00000000E-05,+1.00000000E-04\u000a
p36
aV+0.00000000E-05,-1.00000000E-04,+0.00000000E-05,-5.00000000E-05,-5.00000000E-05,+0.00000000E-05,-1.00000000E-04,-1.00000000E-04,+5.00000000E-05,-5.00000000E-05\u000a
p37
aV+0.00000000E-05,+0.00000000E-05,-5.00000000E-05,+0.00000000E-05,-5.00000000E-05,+5.00000000E-05,+0.00000000E-05,+5.00000000E-05,+1.00000000E-04,+5.00000000E-05\u000a
p38
aV-5.00000000E-05,+5.00000000E-05,+5.00000000E-05,+0.00000000E-05,+5.00000000E-05,-5.00000000E-05,-5.00000000E-05,+0.00000000E-05,+5.00000000E-05,-1.00000000E-04\u000a
p39
aV-5.00000000E-05,-1.00000000E-04,+0.00000000E-05,+5.00000000E-05,-1.50000000E-04,-1.00000000E-04,-5.00000000E-05,-5.00000000E-05,+0.00000000E-05,+1.00000000E-04\u000a
p40
aV-1.00000000E-04,+0.00000000E-05,-5.00000000E-05,-5.00000000E-05,+0.00000000E-05,+5.00000000E-05,-5.00000000E-05,-1.00000000E-04,+5.00000000E-05,+0.00000000E-05\u000a
p41
aV+0.00000000E-05,+0.00000000E-05,-1.00000000E-04,+0.00000000E-05,+0.00000000E-05,-5.00000000E-05,+5.00000000E-05,+0.00000000E-05,+5.00000000E-05,+5.00000000E-05\u000a
p42
aV+5.00000000E-05,-5.00000000E-05,+0.00000000E-05,-5.00000000E-05,-5.00000000E-05,+1.00000000E-04,+5.00000000E-05,-5.00000000E-05,-1.00000000E-04,+5.00000000E-05\u000a
p43
aV-5.00000000E-05,+0.00000000E-05,+5.00000000E-05,+0.00000000E-05,+5.00000000E-05,-5.00000000E-05,+0.00000000E-05,+0.00000000E-05,+0.00000000E-05,-1.00000000E-04\u000a
p44
aV+0.00000000E-05,+0.00000000E-05,+0.00000000E-05,+0.00000000E-05,+0.00000000E-05,-5.00000000E-05,+0.00000000E-05,+5.00000000E-05,+0.00000000E-05,+0.00000000E-05\u000a
p45
aV-5.00000000E-05,+0.00000000E-05,+1.00000000E-04,-1.00000000E-04,+1.00000000E-04,+5.00000000E-05,+0.00000000E-05,+5.00000000E-05,+5.00000000E-05,+5.00000000E-05\u000a
p46
aV+5.00000000E-05,+0.00000000E-05,+1.00000000E-04,-1.00000000E-04,+5.00000000E-05,+5.00000000E-05,-5.00000000E-05,+0.00000000E-05,+5.00000000E-05,+0.00000000E-05\u000a
p47
aV+0.00000000E-05,+5.00000000E-05,-1.00000000E-04,+1.00000000E-04,+0.00000000E-05,-1.00000000E-04,+1.00000000E-04,+0.00000000E-05,-5.00000000E-05,-5.00000000E-05\u000a
p48
aV+5.00000000E-05,-1.00000000E-04,-5.00000000E-05,+5.00000000E-05,-1.00000000E-04,+5.00000000E-05,-5.00000000E-05,+0.00000000E-05,-1.00000000E-04,+0.00000000E-05\u000a
p49
aV-5.00000000E-05,+5.00000000E-05,+5.00000000E-05,+5.00000000E-05,-5.00000000E-05,+5.00000000E-05,+1.00000000E-04,+0.00000000E-05,-5.00000000E-05,+0.00000000E-05\u000a
p50
aV-5.00000000E-05,+5.00000000E-05,+0.00000000E-05,+5.00000000E-05,-5.00000000E-05,+1.00000000E-04,+5.00000000E-05,+0.00000000E-05,+5.00000000E-05,+0.00000000E-05\u000a
p51
aV+5.00000000E-05,+0.00000000E-05,+5.00000000E-05,+0.00000000E-05,-1.00000000E-04,-5.00000000E-05,+0.00000000E-05,+0.00000000E-05,+1.50000000E-04,+0.00000000E-05\u000a
p52
aV+1.00000000E-04,-5.00000000E-05,+5.00000000E-05,+5.00000000E-05,-5.00000000E-05,-1.00000000E-04,+0.00000000E-05,+5.00000000E-05,-2.10000000E-04,+1.00000000E-04\u000a
p53
aV-1.00000000E-04,+1.00000000E-04,+5.00000000E-05,-1.00000000E-04,+0.00000000E-05,+0.00000000E-05,+0.00000000E-05,-5.00000000E-05,-5.00000000E-05,+0.00000000E-05\u000a
p54
aV-1.00000000E-04,+0.00000000E-05,+0.00000000E-05,+0.00000000E-05,+0.00000000E-05,-5.00000000E-05,-5.00000000E-05,+0.00000000E-05,-5.00000000E-05,+0.00000000E-05\u000a
p55
aV-5.00000000E-05,-5.00000000E-05,+1.00000000E-04,+0.00000000E-05,+0.00000000E-05,+0.00000000E-05,-5.00000000E-05,-5.00000000E-05,-1.00000000E-04,+0.00000000E-05\u000a
p56
aV+0.00000000E-05,+1.00000000E-04,+5.00000000E-05,+0.00000000E-05,+0.00000000E-05,+1.00000000E-04,+0.00000000E-05,+0.00000000E-05,+5.00000000E-05,+5.00000000E-05\u000a
p57
aV+0.00000000E-05,+1.00000000E-04,+0.00000000E-05,+0.00000000E-05,+5.00000000E-05,+1.00000000E-04,+0.00000000E-05,+0.00000000E-05,-5.00000000E-05,+5.00000000E-05\u000a
p58
aV+5.00000000E-05,+0.00000000E-05,-5.00000000E-05,+5.00000000E-05,-5.00000000E-05,+0.00000000E-05,+5.00000000E-05,+0.00000000E-05,-1.00000000E-04,-1.00000000E-04\u000a
p59
aV+5.00000000E-05,-5.00000000E-05,-5.00000000E-05,+0.00000000E-05,+0.00000000E-05,-5.00000000E-05,+1.00000000E-04,+0.00000000E-05,+0.00000000E-05,+0.00000000E-05\u000a
p60
aV+5.00000000E-05,-5.00000000E-05,-1.50000000E-04,-5.00000000E-05,+5.00000000E-05,-5.00000000E-05,+0.00000000E-05,+5.00000000E-05,-5.00000000E-05,+0.00000000E-05\u000a
p61
aV+5.00000000E-05,+0.00000000E-05,-5.00000000E-05,+5.00000000E-05,+1.00000000E-04,-1.50000000E-04,+0.00000000E-05,-5.00000000E-05,+0.00000000E-05,+1.00000000E-04\u000a
p62
aV+5.00000000E-05,+1.50000000E-04,-5.00000000E-05,+5.00000000E-05,-5.00000000E-05,-1.00000000E-04,+5.00000000E-05,+0.00000000E-05,+0.00000000E-05,+5.00000000E-05\u000a
p63
aV-5.00000000E-05,+5.00000000E-05,+0.00000000E-05,+0.00000000E-05,-5.00000000E-05,-5.00000000E-05,+5.00000000E-05,-5.00000000E-05,+0.00000000E-05,+5.00000000E-05\u000a
p64
aV+5.00000000E-05,-5.00000000E-05,+5.00000000E-05,-5.00000000E-05,-5.00000000E-05,+0.00000000E-05,+0.00000000E-05,+5.00000000E-05,-5.00000000E-05,-5.00000000E-05\u000a
p65
aV+0.00000000E-05,+5.00000000E-05,+0.00000000E-05,+0.00000000E-05,+0.00000000E-05,+5.00000000E-05,+0.00000000E-05,+0.00000000E-05,-1.00000000E-04,-1.00000000E-04\u000a
p66
aV-5.00000000E-05,-5.00000000E-05,+5.00000000E-05,+0.00000000E-05,+0.00000000E-05,+0.00000000E-05,+1.00000000E-04,+5.00000000E-05,-1.00000000E-04,+5.00000000E-05\u000a
p67
aV-1.00000000E-04,-5.00000000E-05,+0.00000000E-05,+5.00000000E-05,+5.00000000E-05,-5.00000000E-05,+5.00000000E-05,+0.00000000E-05,+0.00000000E-05,+5.00000000E-05\u000a
p68
aV+5.00000000E-05,-1.00000000E-04,+0.00000000E-05,+5.00000000E-05,-5.00000000E-05,-5.00000000E-05,+1.50000000E-04,-5.00000000E-05,+0.00000000E-05,-1.50000000E-04\u000a
p69
aV-5.00000000E-05,+5.00000000E-05,+0.00000000E-05,+5.00000000E-05,+0.00000000E-05,+5.00000000E-05,+5.00000000E-05,+0.00000000E-05,+5.00000000E-05,+0.00000000E-05\u000a
p70
aV+5.00000000E-05,-1.00000000E-04,-5.00000000E-05,+0.00000000E-05,-1.00000000E-04,+5.00000000E-05,+1.50000000E-04,-1.00000000E-04,+0.00000000E-05,+5.00000000E-05\u000a
p71
aV+5.00000000E-05,+5.00000000E-05,+0.00000000E-05,+5.00000000E-05,-5.00000000E-05,+5.00000000E-05,-5.00000000E-05,+5.00000000E-05,+5.00000000E-05,+5.00000000E-05\u000a
p72
aV-5.00000000E-05,+0.00000000E-05,+0.00000000E-05,+5.00000000E-05,-5.00000000E-05,+5.00000000E-05,+5.00000000E-05,+0.00000000E-05,-5.00000000E-05,+0.00000000E-05\u000a
p73
aV+1.00000000E-04,+5.00000000E-05,+0.00000000E-05,+1.00000000E-04,-5.00000000E-05,+1.00000000E-04,+1.00000000E-04,+0.00000000E-05,-1.00000000E-04,+1.00000000E-04\u000a
p74
aV-1.00000000E-04,+0.00000000E-05,-5.00000000E-05,-5.00000000E-05,-1.00000000E-04,+1.00000000E-04,-5.00000000E-05,+5.00000000E-05,-5.00000000E-05,+0.00000000E-05\u000a
p75
aV+1.00000000E-04,+0.00000000E-05,-5.00000000E-05,+0.00000000E-05,+0.00000000E-05,+0.00000000E-05,+0.00000000E-05,+5.00000000E-05,+5.00000000E-05,+0.00000000E-05\u000a
p76
aV+5.00000000E-05,+0.00000000E-05,-5.00000000E-05,+5.00000000E-05,+0.00000000E-05,-5.00000000E-05,+5.00000000E-05,-5.00000000E-05,+5.00000000E-05,+0.00000000E-05\u000a
p77
aV+0.00000000E-05,+0.00000000E-05,+0.00000000E-05,+1.00000000E-04,+5.00000000E-05,-5.00000000E-05,+5.00000000E-05,+5.00000000E-05,+0.00000000E-05,-5.00000000E-05\u000a
p78
aV+5.00000000E-05,+1.00000000E-04,+5.00000000E-05,+5.00000000E-05,+5.00000000E-05,-5.00000000E-05,+5.00000000E-05,+0.00000000E-05,+0.00000000E-05,+5.00000000E-05\u000a
p79
aV+0.00000000E-05,+5.00000000E-05,-1.00000000E-04,+0.00000000E-05,-5.00000000E-05,-5.00000000E-05,+0.00000000E-05,-5.00000000E-05,-5.00000000E-05,+5.00000000E-05\u000a
p80
aV-5.00000000E-05,+5.00000000E-05,+0.00000000E-05,+0.00000000E-05,+0.00000000E-05,+5.00000000E-05,-5.00000000E-05,-5.00000000E-05,+0.00000000E-05,+0.00000000E-05\u000a
p81
aV+0.00000000E-05,+0.00000000E-05,+0.00000000E-05,+0.00000000E-05,+5.00000000E-05,-5.00000000E-05,-5.00000000E-05,-5.00000000E-05,-5.00000000E-05,+0.00000000E-05\u000a
p82
aV+0.00000000E-05,+1.00000000E-04,+0.00000000E-05,-1.00000000E-04,-5.00000000E-05,+0.00000000E-05,+0.00000000E-05,+5.00000000E-05,+0.00000000E-05,-1.00000000E-04\u000a
p83
aV+0.00000000E-05,+5.00000000E-05,-5.00000000E-05,+0.00000000E-05,+0.00000000E-05,+0.00000000E-05,-5.00000000E-05,+5.00000000E-05,+5.00000000E-05,+0.00000000E-05\u000a
p84
aV-5.00000000E-05,+0.00000000E-05,+1.00000000E-04,+5.00000000E-05,+1.00000000E-04,+0.00000000E-05,+5.00000000E-05,+5.00000000E-05,+5.00000000E-05,+0.00000000E-05\u000a
p85
aV-5.00000000E-05,+5.00000000E-05,+1.00000000E-04,-5.00000000E-05,+1.50000000E-04,-5.00000000E-05,+5.00000000E-05,-5.00000000E-05,+5.00000000E-05,+0.00000000E-05\u000a
p86
aV-5.00000000E-05,+1.50000000E-04,+0.00000000E-05,+0.00000000E-05,+0.00000000E-05,+5.00000000E-05,+0.00000000E-05,+0.00000000E-05,+5.00000000E-05,+0.00000000E-05\u000a
p87
aV+5.00000000E-05,-5.00000000E-05,+5.00000000E-05,+5.00000000E-05,+0.00000000E-05,+0.00000000E-05,+5.00000000E-05,-2.10000000E-04,-1.00000000E-04,+5.00000000E-05\u000a
p88
aV+1.00000000E-04,-5.00000000E-05,-2.10000000E-04,+0.00000000E-05,-5.00000000E-05,+0.00000000E-05,+1.00000000E-04,-5.00000000E-05,-5.00000000E-05,-5.00000000E-05\u000a
p89
aV+0.00000000E-05,+5.00000000E-05,-1.00000000E-04,+5.00000000E-05,-1.00000000E-04,-5.00000000E-05,+5.00000000E-05,+0.00000000E-05,+0.00000000E-05,-5.00000000E-05\u000a
p90
aV+0.00000000E-05,+0.00000000E-05,+5.00000000E-05,+5.00000000E-05,+1.50000000E-04,-5.00000000E-05,-5.00000000E-05,+0.00000000E-05,+5.00000000E-05,-5.00000000E-05\u000a
p91
aV+5.00000000E-05,+5.00000000E-05,+0.00000000E-05,+0.00000000E-05,-5.00000000E-05,+1.00000000E-04,+0.00000000E-05,+0.00000000E-05,+5.00000000E-05,+5.00000000E-05\u000a
p92
aV+5.00000000E-05,+5.00000000E-05,-5.00000000E-05,+1.00000000E-04,+5.00000000E-05,+5.00000000E-05,+0.00000000E-05,+0.00000000E-05,+0.00000000E-05,+1.00000000E-04\u000a
p93
aV+5.00000000E-05,+0.00000000E-05,-1.00000000E-04,+5.00000000E-05,-5.00000000E-05,-5.00000000E-05,+0.00000000E-05,+5.00000000E-05,+5.00000000E-05,+0.00000000E-05\u000a
p94
aV+0.00000000E-05,+1.00000000E-04,+1.00000000E-04,-5.00000000E-05,-5.00000000E-05,+0.00000000E-05,+0.00000000E-05,+0.00000000E-05,+2.10000000E-04,+0.00000000E-05\u000a
p95
aV-5.00000000E-05,+1.00000000E-04,-5.00000000E-05,+0.00000000E-05,+5.00000000E-05,+0.00000000E-05,+5.00000000E-05,+0.00000000E-05,+5.00000000E-05,-1.00000000E-04\u000a
p96
aV+0.00000000E-05,+0.00000000E-05,+0.00000000E-05,+5.00000000E-05,-5.00000000E-05,+0.00000000E-05,+0.00000000E-05,+0.00000000E-05,+1.00000000E-04,+0.00000000E-05\u000a
p97
aV+0.00000000E-05,+5.00000000E-05,+0.00000000E-05,+0.00000000E-05,-5.00000000E-05,+0.00000000E-05,+0.00000000E-05,+0.00000000E-05,+5.00000000E-05,+5.00000000E-05\u000a
p98
aV+5.00000000E-05,+1.50000000E-04,+0.00000000E-05,+0.00000000E-05,+0.00000000E-05,+0.00000000E-05,+0.00000000E-05,+1.00000000E-04,+5.00000000E-05,-5.00000000E-05\u000a
p99
aV-5.00000000E-05,+0.00000000E-05,+5.00000000E-05,-5.00000000E-05,+5.00000000E-05,+5.00000000E-05,+0.00000000E-05,-5.00000000E-05,+5.00000000E-05,+0.00000000E-05\u000a
p100
aV+5.00000000E-05,+1.00000000E-04,-1.00000000E-04,+5.00000000E-05,+5.00000000E-05,+0.00000000E-05,+1.00000000E-04,+5.00000000E-05,+5.00000000E-05,+0.00000000E-05\u000a
p101
aV+0.00000000E-05,+5.00000000E-05,-3.10000000E-04,+0.00000000E-05,+5.00000000E-05,+1.50000000E-04,+0.00000000E-05,+0.00000000E-05,+1.00000000E-04,+1.00000000E-04\u000a
p102
aV+5.00000000E-05,+1.50000000E-04,+1.50000000E-04,+5.00000000E-05,+1.50000000E-04,+0.00000000E-05,+1.50000000E-04,+1.00000000E-04,+1.50000000E-04,+5.00000000E-05\u000a
p103
aV+2.10000000E-04,+2.60000000E-04,+3.60000000E-04,+2.60000000E-04,+2.10000000E-04,+3.10000000E-04,+2.60000000E-04,+1.50000000E-04,+1.50000000E-04,+2.10000000E-04\u000a
p104
aV+5.10000000E-04,+4.60000000E-04,+3.60000000E-04,+4.60000000E-04,+4.10000000E-04,+4.10000000E-04,+4.60000000E-04,+4.10000000E-04,+4.60000000E-04,+4.60000000E-04\u000a
p105
aV+8.70000000E-04,+8.20000000E-04,+7.70000000E-04,+8.70000000E-04,+8.70000000E-04,+8.70000000E-04,+9.30000000E-04,+9.30000000E-04,+8.20000000E-04,+8.70000000E-04\u000a
p106
aV+1.39000000E-03,+1.39000000E-03,+1.39000000E-03,+1.39000000E-03,+1.49000000E-03,+1.34000000E-03,+1.44000000E-03,+1.39000000E-03,+1.34000000E-03,+1.34000000E-03\u000a
p107
aV+2.16000000E-03,+2.26000000E-03,+2.21000000E-03,+2.26000000E-03,+2.21000000E-03,+2.21000000E-03,+2.21000000E-03,+2.26000000E-03,+2.26000000E-03,+2.21000000E-03\u000a
p108
aV+3.09000000E-03,+3.09000000E-03,+3.04000000E-03,+3.04000000E-03,+3.09000000E-03,+3.04000000E-03,+3.09000000E-03,+2.98000000E-03,+2.98000000E-03,+2.98000000E-03\u000a
p109
aV+4.22000000E-03,+4.22000000E-03,+4.22000000E-03,+4.22000000E-03,+4.17000000E-03,+4.17000000E-03,+4.27000000E-03,+4.17000000E-03,+4.12000000E-03,+4.12000000E-03\u000a
p110
aV+5.25000000E-03,+5.20000000E-03,+5.20000000E-03,+5.30000000E-03,+5.20000000E-03,+5.25000000E-03,+5.30000000E-03,+5.25000000E-03,+5.20000000E-03,+5.30000000E-03\u000a
p111
aV+6.59000000E-03,+6.69000000E-03,+6.64000000E-03,+6.54000000E-03,+6.69000000E-03,+6.64000000E-03,+6.54000000E-03,+6.48000000E-03,+6.74000000E-03,+6.69000000E-03\u000a
p112
aV+7.82000000E-03,+7.82000000E-03,+7.87000000E-03,+7.77000000E-03,+7.93000000E-03,+7.82000000E-03,+7.82000000E-03,+7.87000000E-03,+7.87000000E-03,+7.77000000E-03\u000a
p113
aV+9.52000000E-03,+9.42000000E-03,+9.57000000E-03,+9.42000000E-03,+9.57000000E-03,+9.47000000E-03,+9.47000000E-03,+9.52000000E-03,+9.42000000E-03,+9.47000000E-03\u000a
p114
aV+1.10700000E-02,+1.11200000E-02,+1.10100000E-02,+1.10700000E-02,+1.10100000E-02,+1.11200000E-02,+1.11700000E-02,+1.12200000E-02,+1.12200000E-02,+1.11700000E-02\u000a
p115
aV+1.24500000E-02,+1.24000000E-02,+1.25100000E-02,+1.24500000E-02,+1.25600000E-02,+1.25100000E-02,+1.25600000E-02,+1.24500000E-02,+1.25100000E-02,+1.25600000E-02\u000a
p116
aV+1.43600000E-02,+1.43600000E-02,+1.44100000E-02,+1.44100000E-02,+1.44600000E-02,+1.43600000E-02,+1.44600000E-02,+1.43600000E-02,+1.44600000E-02,+1.44600000E-02\u000a
p117
aV+1.58500000E-02,+1.58000000E-02,+1.59000000E-02,+1.59000000E-02,+1.59000000E-02,+1.59000000E-02,+1.59000000E-02,+1.59000000E-02,+1.59500000E-02,+1.58000000E-02\u000a
p118
aV+1.76500000E-02,+1.78100000E-02,+1.73400000E-02,+1.77000000E-02,+1.77600000E-02,+1.78600000E-02,+1.77600000E-02,+1.77600000E-02,+1.77600000E-02,+1.77000000E-02\u000a
p119
aV+1.94000000E-02,+1.93500000E-02,+1.93500000E-02,+1.93500000E-02,+1.93000000E-02,+1.93500000E-02,+1.92500000E-02,+1.94000000E-02,+1.93500000E-02,+1.94000000E-02\u000a
p120
aV+2.15600000E-02,+2.14100000E-02,+2.14600000E-02,+2.15600000E-02,+2.13600000E-02,+2.17200000E-02,+2.15600000E-02,+2.14600000E-02,+2.15100000E-02,+2.14600000E-02\u000a
p121
aV+2.32100000E-02,+2.31600000E-02,+2.31600000E-02,+2.31600000E-02,+2.32100000E-02,+2.31100000E-02,+2.31600000E-02,+2.32600000E-02,+2.31600000E-02,+2.31100000E-02\u000a
p122
aV+2.52700000E-02,+2.52200000E-02,+2.52700000E-02,+2.53200000E-02,+2.52700000E-02,+2.52700000E-02,+2.53200000E-02,+2.52200000E-02,+2.52200000E-02,+2.53700000E-02\u000a
p123
aV+2.69200000E-02,+2.71200000E-02,+2.69700000E-02,+2.70200000E-02,+2.71200000E-02,+2.69200000E-02,+2.69700000E-02,+2.70700000E-02,+2.69200000E-02,+2.69200000E-02\u000a
p124
aV+2.95400000E-02,+2.94400000E-02,+2.94400000E-02,+2.94400000E-02,+2.94900000E-02,+2.93400000E-02,+2.93400000E-02,+2.93900000E-02,+2.93900000E-02,+2.94400000E-02\u000a
p125
aV+3.12900000E-02,+3.12400000E-02,+3.12900000E-02,+3.12900000E-02,+3.13400000E-02,+3.11900000E-02,+3.12900000E-02,+3.12900000E-02,+3.12400000E-02,+3.12400000E-02\u000a
p126
aV+3.35000000E-02,+3.34500000E-02,+3.35000000E-02,+3.35600000E-02,+3.34500000E-02,+3.35600000E-02,+3.35000000E-02,+3.35600000E-02,+3.35000000E-02,+3.35600000E-02\u000a
p127
aV+3.60800000E-02,+3.59700000E-02,+3.60800000E-02,+3.60300000E-02,+3.60300000E-02,+3.61800000E-02,+3.61300000E-02,+3.60300000E-02,+3.60300000E-02,+3.60300000E-02\u000a
p128
aV+3.79800000E-02,+3.80800000E-02,+3.79800000E-02,+3.79800000E-02,+3.80300000E-02,+3.80300000E-02,+3.80300000E-02,+3.79800000E-02,+3.80300000E-02,+3.80300000E-02\u000a
p129
aV+4.03500000E-02,+4.04000000E-02,+4.04500000E-02,+4.05000000E-02,+4.04500000E-02,+4.05000000E-02,+4.05500000E-02,+4.03500000E-02,+4.04500000E-02,+4.04500000E-02\u000a
p130
aV+4.26100000E-02,+4.26100000E-02,+4.25600000E-02,+4.24600000E-02,+4.25600000E-02,+4.25100000E-02,+4.26100000E-02,+4.25100000E-02,+4.24600000E-02,+4.25100000E-02\u000a
p131
aV+4.52400000E-02,+4.53400000E-02,+4.52900000E-02,+4.51900000E-02,+4.52900000E-02,+4.52900000E-02,+4.52400000E-02,+4.53900000E-02,+4.52900000E-02,+4.51900000E-02\u000a
p132
aV+4.73500000E-02,+4.75000000E-02,+4.75000000E-02,+4.74500000E-02,+4.74500000E-02,+4.75000000E-02,+4.74000000E-02,+4.75000000E-02,+4.74500000E-02,+4.74000000E-02\u000a
p133
aV+5.00800000E-02,+5.01800000E-02,+5.00800000E-02,+5.01300000E-02,+5.00200000E-02,+5.01300000E-02,+5.01800000E-02,+5.01300000E-02,+5.00800000E-02,+5.00200000E-02\u000a
p134
aV+5.23900000E-02,+5.23900000E-02,+5.23400000E-02,+5.23400000E-02,+5.24400000E-02,+5.23900000E-02,+5.22900000E-02,+5.23400000E-02,+5.23400000E-02,+5.22900000E-02\u000a
p135
aV+5.52200000E-02,+5.52200000E-02,+5.53300000E-02,+5.52700000E-02,+5.52700000E-02,+5.52700000E-02,+5.52700000E-02,+5.52200000E-02,+5.52700000E-02,+5.53800000E-02\u000a
p136
aV+5.75900000E-02,+5.76400000E-02,+5.76400000E-02,+5.76400000E-02,+5.76400000E-02,+5.76400000E-02,+5.75900000E-02,+5.75400000E-02,+5.76400000E-02,+5.75900000E-02\u000a
p137
aV+6.04200000E-02,+6.03700000E-02,+6.03200000E-02,+6.03700000E-02,+6.04200000E-02,+6.03700000E-02,+6.04700000E-02,+6.04200000E-02,+6.03700000E-02,+6.02700000E-02\u000a
p138
aV+6.17100000E-02,+6.17100000E-02,+6.16000000E-02,+6.17100000E-02,+6.17600000E-02,+6.16000000E-02,+6.17600000E-02,+6.17100000E-02,+6.16600000E-02,+6.16000000E-02\u000a
p139
aV+6.45400000E-02,+6.45900000E-02,+6.44900000E-02,+6.45400000E-02,+6.44300000E-02,+6.43800000E-02,+6.46400000E-02,+6.45900000E-02,+6.44300000E-02,+6.44900000E-02\u000a
p140
aV+6.70600000E-02,+6.70100000E-02,+6.70100000E-02,+6.70600000E-02,+6.71100000E-02,+6.69600000E-02,+6.71100000E-02,+6.70600000E-02,+6.70100000E-02,+6.70100000E-02\u000a
p141
aV+7.01000000E-02,+7.03000000E-02,+7.02500000E-02,+7.02000000E-02,+7.02000000E-02,+7.02500000E-02,+7.02000000E-02,+7.01000000E-02,+7.01000000E-02,+7.01500000E-02\u000a
p142
aV+7.32400000E-02,+7.33400000E-02,+7.32900000E-02,+7.32400000E-02,+7.33400000E-02,+7.31800000E-02,+7.32900000E-02,+7.32900000E-02,+7.32900000E-02,+7.32900000E-02\u000a
p143
aV+7.57600000E-02,+7.58600000E-02,+7.58100000E-02,+7.58100000E-02,+7.57100000E-02,+7.59100000E-02,+7.57600000E-02,+7.57600000E-02,+7.57600000E-02,+7.58600000E-02\u000a
p144
aV+7.91500000E-02,+7.92600000E-02,+7.93100000E-02,+7.92600000E-02,+7.93100000E-02,+7.93100000E-02,+7.92600000E-02,+7.93100000E-02,+7.93100000E-02,+7.92600000E-02\u000a
p145
aV+8.18800000E-02,+8.19300000E-02,+8.18300000E-02,+8.18800000E-02,+8.19300000E-02,+8.18800000E-02,+8.18800000E-02,+8.19800000E-02,+8.18800000E-02,+8.18800000E-02\u000a
p146
aV+8.50200000E-02,+8.51200000E-02,+8.49700000E-02,+8.50200000E-02,+8.50200000E-02,+8.50700000E-02,+8.50200000E-02,+8.51200000E-02,+8.50200000E-02,+8.49200000E-02\u000a
p147
aV+8.79000000E-02,+8.77500000E-02,+8.77000000E-02,+8.78000000E-02,+8.78000000E-02,+8.78500000E-02,+8.78000000E-02,+8.78500000E-02,+8.78000000E-02,+8.79500000E-02\u000a
p148
aV+9.12500000E-02,+9.12500000E-02,+9.13500000E-02,+9.13500000E-02,+9.13000000E-02,+9.13000000E-02,+9.12500000E-02,+9.13500000E-02,+9.14000000E-02,+9.13000000E-02\u000a
p149
aV+9.42800000E-02,+9.41300000E-02,+9.41300000E-02,+9.41800000E-02,+9.42300000E-02,+9.41800000E-02,+9.41800000E-02,+9.42300000E-02,+9.42300000E-02,+9.41300000E-02\u000a
p150
aV+9.75800000E-02,+9.74800000E-02,+9.75800000E-02,+9.75800000E-02,+9.77300000E-02,+9.75300000E-02,+9.74800000E-02,+9.73700000E-02,+9.75800000E-02,+9.76300000E-02\u000a
p151
aV+1.00460000E-01,+1.00460000E-01,+1.00560000E-01,+1.00410000E-01,+1.00560000E-01,+1.00510000E-01,+1.00360000E-01,+1.00560000E-01,+1.00610000E-01,+1.00510000E-01\u000a
p152
aV+1.04220000E-01,+1.04370000E-01,+1.04270000E-01,+1.04010000E-01,+1.04370000E-01,+1.04270000E-01,+1.04270000E-01,+1.04370000E-01,+1.04270000E-01,+1.04270000E-01\u000a
p153
aV+1.07250000E-01,+1.07250000E-01,+1.07200000E-01,+1.07100000E-01,+1.07300000E-01,+1.07200000E-01,+1.07360000E-01,+1.07150000E-01,+1.07250000E-01,+1.07150000E-01\u000a
p154
aV+1.10860000E-01,+1.10750000E-01,+1.10860000E-01,+1.10960000E-01,+1.10800000E-01,+1.10910000E-01,+1.10910000E-01,+1.10750000E-01,+1.10910000E-01,+1.10800000E-01\u000a
p155
aV+1.14660000E-01,+1.14720000E-01,+1.14660000E-01,+1.14770000E-01,+1.14610000E-01,+1.14660000E-01,+1.14660000E-01,+1.14660000E-01,+1.14770000E-01,+1.14720000E-01\u000a
p156
aV+1.17750000E-01,+1.17700000E-01,+1.17800000E-01,+1.17860000E-01,+1.17800000E-01,+1.17860000E-01,+1.17750000E-01,+1.17750000E-01,+1.17960000E-01,+1.17860000E-01\u000a
p157
aV+1.21460000E-01,+1.21510000E-01,+1.21250000E-01,+1.21510000E-01,+1.21350000E-01,+1.21460000E-01,+1.21460000E-01,+1.21410000E-01,+1.21460000E-01,+1.21350000E-01\u000a
p158
aV+1.24600000E-01,+1.24600000E-01,+1.24550000E-01,+1.24650000E-01,+1.24650000E-01,+1.24650000E-01,+1.24600000E-01,+1.24650000E-01,+1.24600000E-01,+1.24650000E-01\u000a
p159
aV+1.28660000E-01,+1.28560000E-01,+1.28710000E-01,+1.28660000E-01,+1.28660000E-01,+1.28660000E-01,+1.28660000E-01,+1.28610000E-01,+1.28770000E-01,+1.28710000E-01\u000a
p160
aV+1.31850000E-01,+1.31850000E-01,+1.31850000E-01,+1.31960000E-01,+1.31750000E-01,+1.31800000E-01,+1.31910000E-01,+1.31850000E-01,+1.31800000E-01,+1.31750000E-01\u000a
p161
aV+1.35660000E-01,+1.35770000E-01,+1.35610000E-01,+1.35710000E-01,+1.35660000E-01,+1.35710000E-01,+1.35660000E-01,+1.35660000E-01,+1.35610000E-01,+1.35770000E-01\u000a
p162
aV+1.38900000E-01,+1.39060000E-01,+1.38900000E-01,+1.38900000E-01,+1.39010000E-01,+1.38960000E-01,+1.38850000E-01,+1.39010000E-01,+1.39010000E-01,+1.38900000E-01\u000a
p163
aV+1.43230000E-01,+1.43120000E-01,+1.43120000E-01,+1.43070000E-01,+1.43180000E-01,+1.43120000E-01,+1.43230000E-01,+1.43120000E-01,+1.43120000E-01,+1.43120000E-01\u000a
p164
aV+1.46420000E-01,+1.46420000E-01,+1.46420000E-01,+1.46370000E-01,+1.46520000E-01,+1.46420000E-01,+1.46420000E-01,+1.46520000E-01,+1.46420000E-01,+1.46520000E-01\u000a
p165
aV+1.50380000E-01,+1.50480000E-01,+1.50330000E-01,+1.50480000E-01,+1.50430000E-01,+1.50430000E-01,+1.50480000E-01,+1.50480000E-01,+1.50430000E-01,+1.50540000E-01\u000a
p166
aV+1.53730000E-01,+1.53780000E-01,+1.53830000E-01,+1.53780000E-01,+1.53830000E-01,+1.53880000E-01,+1.53780000E-01,+1.53680000E-01,+1.53830000E-01,+1.53780000E-01\u000a
p167
aV+1.57900000E-01,+1.57840000E-01,+1.57840000E-01,+1.57900000E-01,+1.57840000E-01,+1.57840000E-01,+1.57790000E-01,+1.57840000E-01,+1.57900000E-01,+1.57790000E-01\u000a
p168
aV+1.61290000E-01,+1.61290000E-01,+1.61290000E-01,+1.61340000E-01,+1.61340000E-01,+1.61390000E-01,+1.61340000E-01,+1.61390000E-01,+1.61340000E-01,+1.61390000E-01\u000a
p169
aV+1.65410000E-01,+1.65360000E-01,+1.65460000E-01,+1.65460000E-01,+1.65310000E-01,+1.65360000E-01,+1.65360000E-01,+1.65360000E-01,+1.65360000E-01,+1.65360000E-01\u000a
p170
aV+1.69890000E-01,+1.69840000E-01,+1.69890000E-01,+1.69780000E-01,+1.69890000E-01,+1.69780000E-01,+1.69890000E-01,+1.69940000E-01,+1.69890000E-01,+1.69890000E-01\u000a
p171
aV+1.73280000E-01,+1.73280000E-01,+1.73330000E-01,+1.73280000E-01,+1.73330000E-01,+1.73330000E-01,+1.73330000E-01,+1.73440000E-01,+1.73230000E-01,+1.73440000E-01\u000a
p172
aV+1.77500000E-01,+1.77560000E-01,+1.77500000E-01,+1.77500000E-01,+1.77560000E-01,+1.77560000E-01,+1.77660000E-01,+1.77560000E-01,+1.77610000E-01,+1.77610000E-01\u000a
p173
aV+1.81110000E-01,+1.81000000E-01,+1.81160000E-01,+1.81050000E-01,+1.81050000E-01,+1.81000000E-01,+1.81000000E-01,+1.81000000E-01,+1.81110000E-01,+1.81160000E-01\u000a
p174
aV+1.81260000E-01,+1.81310000E-01,+1.81210000E-01,+1.81360000E-01,+1.81210000E-01,+1.81210000E-01,+1.81260000E-01,+1.81210000E-01,+1.81260000E-01,+1.81210000E-01\u000a
p175
aV+1.89080000E-01,+1.89130000E-01,+1.89240000E-01,+1.89130000E-01,+1.89130000E-01,+1.89290000E-01,+1.89030000E-01,+1.89130000E-01,+1.89290000E-01,+1.89240000E-01\u000a
p176
aV+1.93560000E-01,+1.93610000E-01,+1.93660000E-01,+1.93460000E-01,+1.93660000E-01,+1.93770000E-01,+1.93560000E-01,+1.93610000E-01,+1.93720000E-01,+1.93610000E-01\u000a
p177
aV+1.97270000E-01,+1.97320000E-01,+1.97110000E-01,+1.97210000E-01,+1.97370000E-01,+1.97320000E-01,+1.97370000E-01,+1.97370000E-01,+1.97370000E-01,+1.97320000E-01\u000a
p178
aV+2.02050000E-01,+2.01900000E-01,+2.01900000E-01,+2.02000000E-01,+2.01950000E-01,+2.01900000E-01,+2.02000000E-01,+2.02000000E-01,+2.01900000E-01,+2.02000000E-01\u000a
p179
aV+2.05710000E-01,+2.05710000E-01,+2.05760000E-01,+2.05660000E-01,+2.05760000E-01,+2.05810000E-01,+2.05760000E-01,+2.05760000E-01,+2.05760000E-01,+2.05760000E-01\u000a
p180
aV+2.10130000E-01,+2.10080000E-01,+2.10180000E-01,+2.10080000E-01,+2.10130000E-01,+2.09980000E-01,+2.10080000E-01,+2.10080000E-01,+2.10130000E-01,+2.10030000E-01\u000a
p181
aV+2.13680000E-01,+2.13680000E-01,+2.13790000E-01,+2.13840000E-01,+2.13790000E-01,+2.13790000E-01,+2.13790000E-01,+2.13840000E-01,+2.13890000E-01,+2.13890000E-01\u000a
p182
aV+2.18730000E-01,+2.18730000E-01,+2.18780000E-01,+2.18730000E-01,+2.18680000E-01,+2.18680000E-01,+2.18680000E-01,+2.18730000E-01,+2.18620000E-01,+2.18780000E-01\u000a
p183
aV+2.23150000E-01,+2.23150000E-01,+2.23150000E-01,+2.23150000E-01,+2.23260000E-01,+2.23150000E-01,+2.23150000E-01,+2.23150000E-01,+2.23150000E-01,+2.23150000E-01\u000a
p184
aV+2.27170000E-01,+2.26960000E-01,+2.27010000E-01,+2.27060000E-01,+2.27120000E-01,+2.27060000E-01,+2.27120000E-01,+2.27010000E-01,+2.27120000E-01,+2.27120000E-01\u000a
p185
aV+2.31750000E-01,+2.31950000E-01,+2.31800000E-01,+2.31850000E-01,+2.31850000E-01,+2.31850000E-01,+2.31900000E-01,+2.31850000E-01,+2.32060000E-01,+2.31850000E-01\u000a
p186
aV+2.35760000E-01,+2.35870000E-01,+2.35810000E-01,+2.35710000E-01,+2.35760000E-01,+2.35810000E-01,+2.35810000E-01,+2.35810000E-01,+2.35810000E-01,+2.35660000E-01\u000a
p187
aV+2.40240000E-01,+2.40240000E-01,+2.40340000E-01,+2.40190000E-01,+2.40340000E-01,+2.40340000E-01,+2.40290000E-01,+2.40290000E-01,+2.40290000E-01,+2.40340000E-01\u000a
p188
aV+2.44100000E-01,+2.44000000E-01,+2.44000000E-01,+2.44050000E-01,+2.44000000E-01,+2.44050000E-01,+2.44050000E-01,+2.44050000E-01,+2.44100000E-01,+2.44000000E-01\u000a
p189
aV+2.49090000E-01,+2.49090000E-01,+2.49250000E-01,+2.49140000E-01,+2.49250000E-01,+2.49190000E-01,+2.49140000E-01,+2.49190000E-01,+2.49190000E-01,+2.49190000E-01\u000a
p190
aV+2.53110000E-01,+2.53160000E-01,+2.53110000E-01,+2.53000000E-01,+2.53110000E-01,+2.53050000E-01,+2.53110000E-01,+2.53210000E-01,+2.53050000E-01,+2.53110000E-01\u000a
p191
aV+2.57690000E-01,+2.57790000E-01,+2.57740000E-01,+2.57790000E-01,+2.57740000E-01,+2.57840000E-01,+2.57840000E-01,+2.57790000E-01,+2.57790000E-01,+2.57890000E-01\u000a
p192
aV+2.61700000E-01,+2.61650000E-01,+2.61750000E-01,+2.61700000E-01,+2.61650000E-01,+2.61750000E-01,+2.61600000E-01,+2.61650000E-01,+2.61650000E-01,+2.61700000E-01\u000a
p193
aV+2.66490000E-01,+2.66850000E-01,+2.66850000E-01,+2.66800000E-01,+2.66690000E-01,+2.66740000E-01,+2.66800000E-01,+2.66850000E-01,+2.66800000E-01,+2.66850000E-01\u000a
p194
aV+2.72410000E-01,+2.72410000E-01,+2.72350000E-01,+2.72510000E-01,+2.72350000E-01,+2.72510000E-01,+2.72410000E-01,+2.72610000E-01,+2.72510000E-01,+2.72460000E-01\u000a
p195
aV+2.77140000E-01,+2.77140000E-01,+2.77040000E-01,+2.77090000E-01,+2.77090000E-01,+2.77190000E-01,+2.77090000E-01,+2.77090000E-01,+2.76990000E-01,+2.77190000E-01\u000a
p196
aV+2.81260000E-01,+2.81210000E-01,+2.81260000E-01,+2.81310000E-01,+2.81260000E-01,+2.81210000E-01,+2.81210000E-01,+2.81210000E-01,+2.81260000E-01,+2.81360000E-01\u000a
p197
aV+2.86250000E-01,+2.86200000E-01,+2.86300000E-01,+2.86250000E-01,+2.86300000E-01,+2.86200000E-01,+2.86350000E-01,+2.86250000E-01,+2.86150000E-01,+2.86400000E-01\u000a
p198
aV+2.90980000E-01,+2.91190000E-01,+2.91140000E-01,+2.90980000E-01,+2.91190000E-01,+2.91140000E-01,+2.91090000E-01,+2.91090000E-01,+2.91090000E-01,+2.91090000E-01\u000a
p199
aV+2.95260000E-01,+2.95100000E-01,+2.95150000E-01,+2.95100000E-01,+2.95200000E-01,+2.95150000E-01,+2.95150000E-01,+2.95260000E-01,+2.95200000E-01,+2.95260000E-01\u000a
p200
aV+3.00560000E-01,+3.00560000E-01,+3.00560000E-01,+3.00510000E-01,+3.00610000E-01,+3.00510000E-01,+3.00560000E-01,+3.00660000E-01,+3.00510000E-01,+3.00560000E-01\u000a
p201
aV+3.04570000E-01,+3.04570000E-01,+3.04420000E-01,+3.04570000E-01,+3.04420000E-01,+3.04420000E-01,+3.04570000E-01,+3.04470000E-01,+3.04520000E-01,+3.04520000E-01\u000a
p202
aV+3.09360000E-01,+3.09310000E-01,+3.09250000E-01,+3.09250000E-01,+3.09360000E-01,+3.09200000E-01,+3.09410000E-01,+3.09360000E-01,+3.09250000E-01,+3.09360000E-01\u000a
p203
aV+3.13470000E-01,+3.13420000E-01,+3.13320000E-01,+3.13530000E-01,+3.13420000E-01,+3.13420000E-01,+3.13530000E-01,+3.13370000E-01,+3.13420000E-01,+3.13420000E-01\u000a
p204
aV+3.18670000E-01,+3.18520000E-01,+3.18470000E-01,+3.18670000E-01,+3.18620000E-01,+3.18570000E-01,+3.18670000E-01,+3.18620000E-01,+3.18620000E-01,+3.18670000E-01\u000a
p205
aV+3.22890000E-01,+3.22840000E-01,+3.22740000E-01,+3.22890000E-01,+3.22890000E-01,+3.22740000E-01,+3.23000000E-01,+3.22890000E-01,+3.22840000E-01,+3.22840000E-01\u000a
p206
aV+3.27730000E-01,+3.27730000E-01,+3.27680000E-01,+3.27830000E-01,+3.27680000E-01,+3.27680000E-01,+3.27730000E-01,+3.27730000E-01,+3.27730000E-01,+3.27630000E-01\u000a
p207
aV+3.31850000E-01,+3.31850000E-01,+3.31850000E-01,+3.31850000E-01,+3.32000000E-01,+3.31850000E-01,+3.31900000E-01,+3.31900000E-01,+3.31950000E-01,+3.31900000E-01\u000a
p208
aV+3.34580000E-01,+3.34630000E-01,+3.34630000E-01,+3.34580000E-01,+3.34580000E-01,+3.34580000E-01,+3.34520000E-01,+3.34580000E-01,+3.34420000E-01,+3.34520000E-01\u000a
p209
aV+3.34580000E-01,+3.34470000E-01,+3.34580000E-01,+3.34630000E-01,+3.34520000E-01,+3.34680000E-01,+3.34680000E-01,+3.34630000E-01,+3.34680000E-01,+3.34730000E-01\u000a
p210
aV+3.34680000E-01,+3.34630000E-01,+3.34630000E-01,+3.34680000E-01,+3.34630000E-01,+3.34420000E-01,+3.34630000E-01,+3.34520000E-01,+3.34520000E-01,+3.34470000E-01\u000a
p211
aV+3.34520000E-01,+3.34730000E-01,+3.34680000E-01,+3.34520000E-01,+3.34730000E-01,+3.34680000E-01,+3.34580000E-01,+3.34730000E-01,+3.34630000E-01,+3.34520000E-01\u000a
p212
aV+3.34780000E-01,+3.34680000E-01,+3.34580000E-01,+3.34580000E-01,+3.34630000E-01,+3.34470000E-01,+3.34780000E-01,+3.34730000E-01,+3.34730000E-01,+3.34680000E-01\u000a
p213
aV+3.34520000E-01,+3.34630000E-01,+3.34730000E-01,+3.34730000E-01,+3.34630000E-01,+3.34630000E-01,+3.34630000E-01,+3.34630000E-01,+3.34520000E-01,+3.34580000E-01\u000a
p214
aV+3.34520000E-01,+3.34520000E-01,+3.34730000E-01,+3.34680000E-01,+3.34470000E-01,+3.34780000E-01,+3.34470000E-01,+3.34630000E-01,+3.34580000E-01,+3.34680000E-01\u000a
p215
aV+3.34520000E-01,+3.34680000E-01,+3.34680000E-01,+3.34580000E-01,+3.34680000E-01,+3.34630000E-01,+3.34680000E-01,+3.34730000E-01,+3.34580000E-01,+3.34730000E-01\u000a
p216
aV+3.34520000E-01,+3.34630000E-01,+3.34580000E-01,+3.34630000E-01,+3.34630000E-01,+3.34680000E-01,+3.34630000E-01,+3.34680000E-01,+3.34680000E-01,+3.34580000E-01\u000a
p217
aV+3.34630000E-01,+3.34580000E-01,+3.34630000E-01,+3.34680000E-01,+3.34630000E-01,+3.34630000E-01,+3.34680000E-01,+3.34520000E-01,+3.34780000E-01,+3.34630000E-01\u000a
p218
aV+3.34580000E-01,+3.34470000E-01,+3.34630000E-01,+3.34680000E-01,+3.34730000E-01,+3.34630000E-01,+3.34680000E-01,+3.34470000E-01,+3.34520000E-01,+3.34630000E-01\u000a
p219
aV+3.34630000E-01,+3.34580000E-01,+3.34680000E-01,+3.34680000E-01,+3.34580000E-01,+3.34730000E-01,+3.34420000E-01,+3.34580000E-01,+3.34520000E-01,+3.34630000E-01\u000a
p220
aV+3.34580000E-01,+3.34520000E-01,+3.34580000E-01,+3.34580000E-01,+3.34630000E-01,+3.34680000E-01,+3.34520000E-01,+3.34580000E-01,+3.34630000E-01,+3.34630000E-01\u000a
p221
aV+3.34680000E-01,+3.34580000E-01,+3.34520000E-01,+3.34520000E-01,+3.34680000E-01,+3.34580000E-01,+3.34630000E-01,+3.34630000E-01,+3.34680000E-01,+3.34630000E-01\u000a
p222
aV+3.34520000E-01,+3.34580000E-01,+3.34630000E-01,+3.34580000E-01,+3.34680000E-01,+3.34520000E-01,+3.34520000E-01,+3.34580000E-01,+3.34630000E-01,+3.34680000E-01\u000a
p223
aV+3.34630000E-01,+3.34630000E-01,+3.34520000E-01,+3.34580000E-01,+3.34520000E-01,+3.34520000E-01,+3.34580000E-01,+3.34630000E-01,+3.34630000E-01,+3.34630000E-01\u000a
p224
aV+3.34630000E-01,+3.34630000E-01,+3.34680000E-01,+3.34520000E-01,+3.34580000E-01,+3.34630000E-01,+3.34580000E-01,+3.34630000E-01,+3.34470000E-01,+3.34520000E-01\u000a
p225
aV+3.34680000E-01,+3.34520000E-01,+3.34630000E-01,+3.34630000E-01,+3.34680000E-01,+3.34580000E-01,+3.34580000E-01,+3.34520000E-01,+3.34680000E-01,+3.34470000E-01\u000a
p226
aV+3.34580000E-01,+3.34680000E-01,+3.34520000E-01,+3.34580000E-01,+3.34580000E-01,+3.34580000E-01,+3.34520000E-01,+3.34630000E-01,+3.34630000E-01,+3.34520000E-01\u000a
p227
aV+3.34630000E-01,+3.34580000E-01,+3.34470000E-01,+3.34630000E-01,+3.34580000E-01,+3.34580000E-01,+3.34580000E-01,+3.34470000E-01,+3.34680000E-01,+3.34630000E-01\u000a
p228
aV+3.34780000E-01,+3.34630000E-01,+3.34580000E-01,+3.34520000E-01,+3.34580000E-01,+3.34420000E-01,+3.34630000E-01,+3.34630000E-01,+3.34680000E-01,+3.34580000E-01\u000a
p229
aV+3.34630000E-01,+3.34580000E-01,+3.34520000E-01,+3.34680000E-01,+3.34580000E-01,+3.34680000E-01,+3.34520000E-01,+3.34470000E-01,+3.34580000E-01,+3.34580000E-01\u000a
p230
aV+3.34520000E-01,+3.34630000E-01,+3.34580000E-01,+3.34470000E-01,+3.34520000E-01,+3.34520000E-01,+3.34520000E-01,+3.34680000E-01,+3.34420000E-01,+3.34630000E-01\u000a
p231
aV+3.34630000E-01,+3.34470000E-01,+3.34520000E-01,+3.34630000E-01,+3.34520000E-01,+3.34630000E-01,+3.34580000E-01,+3.34580000E-01,+3.34680000E-01,+3.34420000E-01\u000a
p232
aV+3.34580000E-01,+3.34630000E-01,+3.34680000E-01,+3.34470000E-01,+3.34580000E-01,+3.34630000E-01,+3.34630000E-01,+3.34630000E-01,+3.34470000E-01,+3.34520000E-01\u000a
p233
aV+3.34580000E-01,+3.34520000E-01,+3.34520000E-01,+3.34630000E-01,+3.34520000E-01,+3.34580000E-01,+3.34580000E-01,+3.34580000E-01,+3.34580000E-01,+3.34680000E-01\u000a
p234
aV+3.34470000E-01,+3.34520000E-01,+3.34630000E-01,+3.34520000E-01,+3.34580000E-01,+3.34370000E-01,+3.34520000E-01,+3.34520000E-01,+3.34680000E-01,+3.34520000E-01\u000a
p235
aV+3.34370000E-01,+3.34580000E-01,+3.34580000E-01,+3.34470000E-01,+3.34580000E-01,+3.34520000E-01,+3.34520000E-01,+3.34580000E-01,+3.34520000E-01,+3.34520000E-01\u000a
p236
aV+3.34520000E-01,+3.34580000E-01,+3.34520000E-01,+3.34680000E-01,+3.34520000E-01,+3.34580000E-01,+3.34630000E-01,+3.34520000E-01,+3.34520000E-01,+3.34520000E-01\u000a
p237
aV+3.34520000E-01,+3.34580000E-01,+3.34220000E-01,+3.34680000E-01,+3.34630000E-01,+3.34580000E-01,+3.34520000E-01,+3.34520000E-01,+3.34370000E-01,+3.34520000E-01\u000a
p238
aV+3.34580000E-01,+3.34630000E-01,+3.34580000E-01,+3.34110000E-01,+3.34630000E-01,+3.34680000E-01,+3.34580000E-01,+3.34580000E-01,+3.34680000E-01,+3.34680000E-01\u000a
p239
aV+3.34370000E-01,+3.34520000E-01,+3.34680000E-01,+3.34630000E-01,+3.34470000E-01,+3.34630000E-01,+3.34370000E-01,+3.34520000E-01,+3.34580000E-01,+3.34630000E-01\u000a
p240
aV+3.34520000E-01,+3.34520000E-01,+3.34420000E-01,+3.34580000E-01,+3.34630000E-01,+3.34520000E-01,+3.34580000E-01,+3.34580000E-01,+3.34630000E-01,+3.34420000E-01\u000a
p241
aV+3.34580000E-01,+3.34580000E-01,+3.34470000E-01,+3.34680000E-01,+3.34370000E-01,+3.34630000E-01,+3.34520000E-01,+3.34580000E-01,+3.34470000E-01,+3.34580000E-01\u000a
p242
aV+3.34630000E-01,+3.34630000E-01,+3.34520000E-01,+3.34680000E-01,+3.34520000E-01,+3.34520000E-01,+3.34580000E-01,+3.34520000E-01,+3.34630000E-01,+3.34520000E-01\u000a
p243
aV+3.34470000E-01,+3.34580000E-01,+3.34580000E-01,+3.34630000E-01,+3.34520000E-01,+3.34730000E-01,+3.34580000E-01,+3.34580000E-01,+3.34630000E-01,+3.34420000E-01\u000a
p244
aV+3.34630000E-01,+3.34470000E-01,+3.34470000E-01,+3.34680000E-01,+3.34580000E-01,+3.34630000E-01,+3.34630000E-01,+3.34470000E-01,+3.34680000E-01,+3.34630000E-01\u000a
p245
aV+3.34580000E-01,+3.34520000E-01,+3.34630000E-01,+3.34580000E-01,+3.34630000E-01,+3.34580000E-01,+3.34580000E-01,+3.34520000E-01,+3.34580000E-01,+3.34630000E-01\u000a
p246
aV+3.34680000E-01,+3.34680000E-01,+3.34630000E-01,+3.34630000E-01,+3.34580000E-01,+3.34630000E-01,+3.34630000E-01,+3.34630000E-01,+3.34370000E-01,+3.34520000E-01\u000a
p247
aV+3.34580000E-01,+3.34680000E-01,+3.34730000E-01,+3.34370000E-01,+3.34630000E-01,+3.34470000E-01,+3.34520000E-01,+3.34680000E-01,+3.34730000E-01,+3.34680000E-01\u000a
p248
aV+3.34420000E-01,+3.34630000E-01,+3.34580000E-01,+3.34470000E-01,+3.34630000E-01,+3.34580000E-01,+3.34420000E-01,+3.34580000E-01,+3.34520000E-01,+3.34520000E-01\u000a
p249
aV+3.34680000E-01,+3.34630000E-01,+3.34470000E-01,+3.34780000E-01,+3.34470000E-01,+3.34580000E-01,+3.34680000E-01,+3.34630000E-01,+3.34630000E-01,+3.34520000E-01\u000a
p250
aV+3.34520000E-01,+3.34730000E-01,+3.34680000E-01,+3.34420000E-01,+3.34580000E-01,+3.34680000E-01,+3.34630000E-01,+3.34630000E-01,+3.34470000E-01,+3.34630000E-01\u000a
p251
aV+3.34630000E-01,+3.34520000E-01,+3.34580000E-01,+3.34580000E-01,+3.34420000E-01,+3.34580000E-01,+3.34580000E-01,+3.34520000E-01,+3.34580000E-01,+3.34680000E-01\u000a
p252
aV+3.34680000E-01,+3.34420000E-01,+3.34470000E-01,+3.34630000E-01,+3.34580000E-01,+3.34470000E-01,+3.34580000E-01,+3.34420000E-01,+3.34580000E-01,+3.34630000E-01\u000a
p253
aV+3.34730000E-01,+3.34730000E-01,+3.34630000E-01,+3.34680000E-01,+3.34470000E-01,+3.34580000E-01,+3.34580000E-01,+3.34630000E-01,+3.34580000E-01,+3.34580000E-01\u000a
p254
aV+3.34420000E-01,+3.34580000E-01,+3.34730000E-01,+3.34520000E-01,+3.34520000E-01,+3.34730000E-01,+3.34420000E-01,+3.34520000E-01,+3.34580000E-01,+3.34580000E-01\u000a
p255
aV+3.34580000E-01,+3.34630000E-01,+3.34730000E-01,+3.34630000E-01,+3.34520000E-01,+3.34630000E-01,+3.34470000E-01,+3.34520000E-01,+3.34470000E-01,+3.34630000E-01\u000a
p256
aV+3.34730000E-01,+3.34680000E-01,+3.34580000E-01,+3.34580000E-01,+3.34520000E-01,+3.34680000E-01,+3.34580000E-01,+3.34580000E-01,+3.34630000E-01,+3.34470000E-01\u000a
p257
aV+3.34580000E-01,+3.34680000E-01,+3.34420000E-01,+3.34580000E-01,+3.34630000E-01,+3.34520000E-01,+3.34680000E-01,+3.34630000E-01,+3.34630000E-01,+3.34520000E-01\u000a
p258
aV+3.34580000E-01,+3.34470000E-01,+3.34630000E-01,+3.34580000E-01,+3.34630000E-01,+3.34580000E-01,+3.34580000E-01,+3.34630000E-01,+3.34680000E-01,+3.34580000E-01\u000a
p259
aV+3.34520000E-01,+3.34580000E-01,+3.34580000E-01,+3.34580000E-01,+3.34630000E-01,+3.34630000E-01,+3.34580000E-01,+3.34680000E-01,+3.34630000E-01,+3.34420000E-01\u000a
p260
aV+3.34520000E-01,+3.34630000E-01,+3.34630000E-01,+3.34520000E-01,+3.34580000E-01,+3.34520000E-01,+3.34520000E-01,+3.34630000E-01,+3.34420000E-01,+3.34580000E-01\u000a
p261
aV+3.34520000E-01,+3.34520000E-01,+3.34680000E-01,+3.34630000E-01,+3.34580000E-01,+3.34630000E-01,+3.34630000E-01,+3.34470000E-01,+3.34630000E-01,+3.34680000E-01\u000a
p262
aV+3.34580000E-01,+3.34630000E-01,+3.34580000E-01,+3.34520000E-01,+3.34630000E-01,+3.34580000E-01,+3.34520000E-01,+3.34630000E-01,+3.34520000E-01,+3.34520000E-01\u000a
p263
aV+3.34370000E-01,+3.34520000E-01,+3.34630000E-01,+3.34520000E-01,+3.34730000E-01,+3.34680000E-01,+3.34520000E-01,+3.34470000E-01,+3.34630000E-01,+3.34630000E-01\u000a
p264
aV+3.34730000E-01,+3.34580000E-01,+3.34370000E-01,+3.34520000E-01,+3.34680000E-01,+3.34580000E-01,+3.34630000E-01,+3.34630000E-01,+3.34630000E-01,+3.34630000E-01\u000a
p265
aV+3.34520000E-01,+3.34630000E-01,+3.34880000E-01,+3.34580000E-01,+3.34680000E-01,+3.34630000E-01,+3.34470000E-01,+3.34520000E-01,+3.34680000E-01,+3.34520000E-01\u000a
p266
aV+3.34630000E-01,+3.34580000E-01,+3.34520000E-01,+3.34680000E-01,+3.34520000E-01,+3.34420000E-01,+3.34630000E-01,+3.34580000E-01,+3.34470000E-01,+3.34630000E-01\u000a
p267
aV+3.34580000E-01,+3.34580000E-01,+3.34520000E-01,+3.34680000E-01,+3.34580000E-01,+3.34630000E-01,+3.34630000E-01,+3.34630000E-01,+3.34580000E-01,+3.34580000E-01\u000a
p268
aV+3.34580000E-01,+3.34730000E-01,+3.34630000E-01,+3.34680000E-01,+3.34630000E-01,+3.34580000E-01,+3.34580000E-01,+3.34680000E-01,+3.34580000E-01,+3.34520000E-01\u000a
p269
aV+3.34580000E-01,+3.34630000E-01,+3.34630000E-01,+3.34420000E-01,+3.34580000E-01,+3.34470000E-01,+3.34470000E-01,+3.34630000E-01,+3.34730000E-01,+3.34630000E-01\u000a
p270
aV+3.34630000E-01,+3.34580000E-01,+3.34580000E-01,+3.34580000E-01,+3.34630000E-01,+3.34680000E-01,+3.34580000E-01,+3.34630000E-01,+3.34580000E-01,+3.34520000E-01\u000a
p271
aV+3.34680000E-01,+3.34630000E-01,+3.34420000E-01,+3.34730000E-01,+3.34470000E-01,+3.34580000E-01,+3.34630000E-01,+3.34580000E-01,+3.34680000E-01,+3.34580000E-01\u000a
p272
aV+3.34580000E-01,+3.34580000E-01,+3.34730000E-01,+3.34370000E-01,+3.34730000E-01,+3.34270000E-01,+3.34520000E-01,+3.34520000E-01,+3.34580000E-01,+3.34630000E-01\u000a
p273
aV+3.34630000E-01,+3.34780000E-01,+3.34630000E-01,+3.34580000E-01,+3.34680000E-01,+3.34630000E-01,+3.34520000E-01,+3.34680000E-01,+3.34580000E-01,+3.34630000E-01\u000a
p274
aV+3.34680000E-01,+3.34730000E-01,+3.34630000E-01,+3.34580000E-01,+3.34470000E-01,+3.34520000E-01,+3.34730000E-01,+3.34580000E-01,+3.34580000E-01,+3.34630000E-01\u000a
p275
aV+3.34520000E-01,+3.34680000E-01,+3.34680000E-01,+3.34520000E-01,+3.34580000E-01,+3.34470000E-01,+3.34630000E-01,+3.34520000E-01,+3.34630000E-01,+3.34520000E-01\u000a
p276
aV+3.34520000E-01,+3.34580000E-01,+3.34520000E-01,+3.34580000E-01,+3.34520000E-01,+3.34520000E-01,+3.34580000E-01,+3.34470000E-01,+3.34680000E-01,+3.34580000E-01\u000a
p277
aV+3.34630000E-01,+3.34630000E-01,+3.34580000E-01,+3.34520000E-01,+3.34630000E-01,+3.34580000E-01,+3.34580000E-01,+3.34520000E-01,+3.34520000E-01,+3.34520000E-01\u000a
p278
aV+3.34580000E-01,+3.34580000E-01,+3.34520000E-01,+3.34580000E-01,+3.34470000E-01,+3.34580000E-01,+3.34630000E-01,+3.34420000E-01,+3.34520000E-01,+3.34630000E-01\u000a
p279
aV+3.34420000E-01,+3.34680000E-01,+3.34580000E-01,+3.34470000E-01,+3.34580000E-01,+3.34520000E-01,+3.34780000E-01,+3.34630000E-01,+3.34630000E-01,+3.34580000E-01\u000a
p280
aV+3.34580000E-01,+3.34580000E-01,+3.34520000E-01,+3.34730000E-01,+3.34520000E-01,+3.34580000E-01,+3.34520000E-01,+3.34630000E-01,+3.34580000E-01,+3.34470000E-01\u000a
p281
aV+3.34520000E-01,+3.34520000E-01,+3.34630000E-01,+3.34370000E-01,+3.34680000E-01,+3.34630000E-01,+3.34520000E-01,+3.34630000E-01,+3.34680000E-01,+3.34520000E-01\u000a
p282
aV+3.34680000E-01,+3.34520000E-01,+3.34520000E-01,+3.34630000E-01,+3.34520000E-01,+3.34680000E-01,+3.34630000E-01,+3.34520000E-01,+3.34680000E-01,+3.34680000E-01\u000a
p283
aV+3.34630000E-01,+3.34520000E-01,+3.34520000E-01,+3.34520000E-01,+3.34630000E-01,+3.34580000E-01,+3.34470000E-01,+3.34520000E-01,+3.34630000E-01,+3.34680000E-01\u000a
p284
aV+3.34580000E-01,+3.34580000E-01,+3.34680000E-01,+3.34580000E-01,+3.34580000E-01,+3.34580000E-01,+3.34580000E-01,+3.34630000E-01,+3.34420000E-01,+3.34520000E-01\u000a
p285
aV+3.34420000E-01,+3.34470000E-01,+3.34520000E-01,+3.34520000E-01,+3.34580000E-01,+3.34680000E-01,+3.34370000E-01,+3.34470000E-01,+3.34520000E-01,+3.34520000E-01\u000a
p286
aV+3.34630000E-01,+3.34420000E-01,+3.34520000E-01,+3.34630000E-01,+3.34420000E-01,+3.34630000E-01,+3.34630000E-01,+3.34470000E-01,+3.34470000E-01,+3.34520000E-01\u000a
p287
aV+3.34680000E-01,+3.34420000E-01,+3.34520000E-01,+3.34630000E-01,+3.34520000E-01,+3.34630000E-01,+3.34580000E-01,+3.34470000E-01,+3.34520000E-01,+3.34680000E-01\u000a
p288
aV+3.34580000E-01,+3.34630000E-01,+3.34520000E-01,+3.34630000E-01,+3.34470000E-01,+3.34520000E-01,+3.34520000E-01,+3.34580000E-01,+3.34580000E-01,+3.34470000E-01\u000a
p289
aV+3.34680000E-01,+3.34630000E-01,+3.34630000E-01,+3.34580000E-01,+3.34630000E-01,+3.34630000E-01,+3.34580000E-01,+3.34520000E-01,+3.34580000E-01,+3.34470000E-01\u000a
p290
aV+3.34470000E-01,+3.34580000E-01,+3.34470000E-01,+3.34680000E-01,+3.34580000E-01,+3.34730000E-01,+3.34520000E-01,+3.34470000E-01,+3.34680000E-01,+3.34370000E-01\u000a
p291
aV+3.34630000E-01,+3.34630000E-01,+3.34520000E-01,+3.34630000E-01,+3.34580000E-01,+3.34630000E-01,+3.34630000E-01,+3.34520000E-01,+3.34680000E-01,+3.34520000E-01\u000a
p292
aV+3.34580000E-01,+3.34630000E-01,+3.34580000E-01,+3.34520000E-01,+3.34630000E-01,+3.34580000E-01,+3.34580000E-01,+3.34470000E-01,+3.34630000E-01,+3.34580000E-01\u000a
p293
aV+3.34520000E-01,+3.34580000E-01,+3.34520000E-01,+3.34580000E-01,+3.34630000E-01,+3.34580000E-01,+3.34680000E-01,+3.34470000E-01,+3.34680000E-01,+3.34630000E-01\u000a
p294
aV+3.34580000E-01,+3.34580000E-01,+3.34520000E-01,+3.34580000E-01,+3.34580000E-01,+3.34580000E-01,+3.34630000E-01,+3.34520000E-01,+3.34520000E-01,+3.34580000E-01\u000a
p295
aV+3.34370000E-01,+3.34520000E-01,+3.34580000E-01,+3.34630000E-01,+3.34420000E-01,+3.34630000E-01,+3.34520000E-01,+3.34580000E-01,+3.34520000E-01,+3.34630000E-01\u000a
p296
aV+3.34470000E-01,+3.34520000E-01,+3.34580000E-01,+3.34630000E-01,+3.34580000E-01,+3.34680000E-01,+3.34420000E-01,+3.34470000E-01,+3.34420000E-01,+3.34520000E-01\u000a
p297
aV+3.34680000E-01,+3.34580000E-01,+3.34420000E-01,+3.34630000E-01,+3.34520000E-01,+3.34520000E-01,+3.34680000E-01,+3.34580000E-01,+3.34630000E-01,+3.34520000E-01\u000a
p298
aV+3.34520000E-01,+3.34630000E-01,+3.34630000E-01,+3.34680000E-01,+3.34680000E-01,+3.34520000E-01,+3.34580000E-01,+3.34580000E-01,+3.34580000E-01,+3.34580000E-01\u000a
p299
aV+3.34680000E-01,+3.34580000E-01,+3.34580000E-01,+3.34680000E-01,+3.34520000E-01,+3.34630000E-01,+3.34630000E-01,+3.34580000E-01,+3.34680000E-01,+3.34630000E-01\u000a
p300
aV+3.34580000E-01,+3.34680000E-01,+3.34520000E-01,+3.34520000E-01,+3.34630000E-01,+3.34470000E-01,+3.34630000E-01,+3.34580000E-01,+3.34630000E-01,+3.34580000E-01\u000a
p301
aV+3.34580000E-01,+3.34520000E-01,+3.34580000E-01,+3.34630000E-01,+3.34580000E-01,+3.34580000E-01,+3.34580000E-01,+3.34580000E-01,+3.34630000E-01,+3.34470000E-01\u000a
p302
aV+3.34680000E-01,+3.34470000E-01,+3.34520000E-01,+3.34630000E-01,+3.34580000E-01,+3.34580000E-01,+3.34630000E-01,+3.34520000E-01,+3.34520000E-01,+3.34580000E-01\u000a
p303
aV+3.34520000E-01,+3.34520000E-01,+3.34580000E-01,+3.34580000E-01,+3.34630000E-01,+3.34520000E-01,+3.34630000E-01,+3.34580000E-01,+3.34580000E-01,+3.34580000E-01\u000a
p304
aV+3.34680000E-01,+3.34730000E-01,+3.34580000E-01,+3.34680000E-01,+3.34520000E-01,+3.34580000E-01,+3.34680000E-01,+3.34580000E-01,+3.34630000E-01,+3.34580000E-01\u000a
p305
aV+3.34520000E-01,+3.34580000E-01,+3.34580000E-01,+3.34420000E-01,+3.34630000E-01,+3.34680000E-01,+3.34580000E-01,+3.34630000E-01,+3.34520000E-01,+3.34630000E-01\u000a
p306
aV+3.34580000E-01,+3.34630000E-01,+3.34730000E-01,+3.34680000E-01,+3.34630000E-01,+3.34680000E-01,+3.34580000E-01,+3.34520000E-01,+3.34680000E-01,+3.34520000E-01\u000a
p307
aV+3.34630000E-01,+3.34580000E-01,+3.34680000E-01,+3.34420000E-01,+3.34630000E-01,+3.34580000E-01,+3.34580000E-01,+3.34630000E-01,+3.34580000E-01,+3.34580000E-01\u000a
p308
aV+3.34730000E-01,+3.34630000E-01,+3.34580000E-01,+3.34520000E-01,+3.34580000E-01,+3.34830000E-01,+3.34830000E-01,+3.34680000E-01,+3.34630000E-01,+3.34580000E-01\u000a
p309
aV+3.34630000E-01,+3.34580000E-01,+3.34730000E-01,+3.34520000E-01,+3.34780000E-01,+3.34680000E-01,+3.34630000E-01,+3.34580000E-01,+3.34630000E-01,+3.34630000E-01\u000a
p310
aV+3.34730000E-01,+3.34470000E-01,+3.34580000E-01,+3.34680000E-01,+3.34630000E-01,+3.34630000E-01,+3.34630000E-01,+3.34470000E-01,+3.34630000E-01,+3.34630000E-01\u000a
p311
aV+3.34680000E-01,+3.34680000E-01,+3.34630000E-01,+3.34580000E-01,+3.34630000E-01,+3.34580000E-01,+3.34730000E-01,+3.34730000E-01,+3.34680000E-01,+3.34680000E-01\u000a
p312
aV+3.34580000E-01,+3.34580000E-01,+3.34730000E-01,+3.34580000E-01,+3.34680000E-01,+3.34680000E-01,+3.34580000E-01,+3.34580000E-01,+3.34580000E-01,+3.34580000E-01\u000a
p313
aV+3.34680000E-01,+3.34630000E-01,+3.34580000E-01,+3.34680000E-01,+3.34630000E-01,+3.34630000E-01,+3.34630000E-01,+3.34580000E-01,+3.34680000E-01,+3.34630000E-01\u000a
p314
aV+3.34630000E-01,+3.34680000E-01,+3.34680000E-01,+3.34580000E-01,+3.34630000E-01,+3.34630000E-01,+3.34580000E-01,+3.34730000E-01,+3.34630000E-01,+3.34520000E-01\u000a
p315
aV+3.34580000E-01,+3.34830000E-01,+3.34680000E-01,+3.34580000E-01,+3.34630000E-01,+3.34630000E-01,+3.34580000E-01,+3.34730000E-01,+3.34680000E-01,+3.34630000E-01\u000a
p316
aV+3.34580000E-01,+3.34730000E-01,+3.34470000E-01,+3.34630000E-01,+3.34630000E-01,+3.34630000E-01,+3.34680000E-01,+3.34630000E-01,+3.34680000E-01,+3.34580000E-01\u000a
p317
aV+3.34730000E-01,+3.34680000E-01,+3.34420000E-01,+3.34680000E-01,+3.34630000E-01,+3.34470000E-01,+3.34680000E-01,+3.34730000E-01,+3.34680000E-01,+3.34520000E-01\u000a
p318
aV+3.34630000E-01,+3.34680000E-01,+3.34630000E-01,+3.34470000E-01,+3.34630000E-01,+3.34680000E-01,+3.34630000E-01,+3.34730000E-01,+3.34520000E-01,+3.34780000E-01\u000a
p319
aV+3.34630000E-01,+3.34630000E-01,+3.34580000E-01,+3.34580000E-01,+3.34680000E-01,+3.34580000E-01,+3.34520000E-01,+3.34680000E-01,+3.34420000E-01,+3.34520000E-01\u000a
p320
aV+3.34730000E-01,+3.34520000E-01,+3.34680000E-01,+3.34630000E-01,+3.34580000E-01,+3.34580000E-01,+3.34680000E-01,+3.34470000E-01,+3.34730000E-01,+3.34680000E-01\u000a
p321
aV+3.34470000E-01,+3.34520000E-01,+3.34580000E-01,+3.34630000E-01,+3.34580000E-01,+3.34830000E-01,+3.34470000E-01,+3.34520000E-01,+3.34630000E-01,+3.34580000E-01\u000a
p322
aV+3.34680000E-01,+3.34630000E-01,+3.34630000E-01,+3.34630000E-01,+3.34680000E-01,+3.34520000E-01,+3.34630000E-01,+3.34680000E-01,+3.34520000E-01,+3.34780000E-01\u000a
p323
aV+3.34580000E-01,+3.34680000E-01,+3.34680000E-01,+3.34520000E-01,+3.34680000E-01,+3.34580000E-01,+3.34630000E-01,+3.34630000E-01,+3.34420000E-01,+3.34580000E-01\u000a
p324
aV+3.34680000E-01,+3.34630000E-01,+3.34830000E-01,+3.34580000E-01,+3.34630000E-01,+3.34680000E-01,+3.34580000E-01,+3.34680000E-01,+3.34580000E-01,+3.34580000E-01\u000a
p325
aV+3.34630000E-01,+3.34580000E-01,+3.34580000E-01,+3.34520000E-01,+3.34680000E-01,+3.34520000E-01,+3.34830000E-01,+3.34580000E-01,+3.34520000E-01,+3.34520000E-01\u000a
p326
aV+3.34680000E-01,+3.34520000E-01,+3.34580000E-01,+3.34520000E-01,+3.34520000E-01,+3.34580000E-01,+3.34630000E-01,+3.34580000E-01,+3.34520000E-01,+3.34630000E-01\u000a
p327
aV+3.34580000E-01,+3.34580000E-01,+3.34580000E-01,+3.34630000E-01,+3.34580000E-01,+3.34470000E-01,+3.34680000E-01,+3.34630000E-01,+3.34580000E-01,+3.34580000E-01\u000a
p328
aV+3.34520000E-01,+3.34630000E-01,+3.34580000E-01,+3.34520000E-01,+3.34580000E-01,+3.34580000E-01,+3.34580000E-01,+3.34520000E-01,+3.34520000E-01,+3.34680000E-01\u000a
p329
aV+3.34630000E-01,+3.34470000E-01,+3.34520000E-01,+3.34520000E-01,+3.34630000E-01,+3.34470000E-01,+3.34580000E-01,+3.34630000E-01,+3.34520000E-01,+3.34470000E-01\u000a
p330
a.