(lp0
V+2.10000000E-03,+2.10000000E-03,+2.10000000E-03,+2.10000000E-03,+2.10000000E-03,+1.60000000E-03,+2.10000000E-03,+1.60000000E-03,+1.60000000E-03,+2.10000000E-03\u000a
p1
aV+1.10000000E-02,+1.10000000E-02,+1.10000000E-02,+1.10000000E-02,+1.15000000E-02,+1.10000000E-02,+1.10000000E-02,+1.10000000E-02,+1.15000000E-02,+1.10000000E-02\u000a
p2
aV+2.19000000E-02,+2.19000000E-02,+2.19000000E-02,+2.19000000E-02,+2.19000000E-02,+2.25000000E-02,+2.19000000E-02,+2.19000000E-02,+2.25000000E-02,+2.25000000E-02\u000a
p3
aV+3.08000000E-02,+3.08000000E-02,+3.13000000E-02,+3.08000000E-02,+3.13000000E-02,+3.08000000E-02,+3.13000000E-02,+3.08000000E-02,+3.08000000E-02,+3.08000000E-02\u000a
p4
aV+4.13000000E-02,+4.07000000E-02,+4.18000000E-02,+4.07000000E-02,+4.13000000E-02,+4.18000000E-02,+4.13000000E-02,+4.13000000E-02,+4.13000000E-02,+4.13000000E-02\u000a
p5
aV+5.07000000E-02,+5.01000000E-02,+4.96000000E-02,+5.01000000E-02,+5.01000000E-02,+5.07000000E-02,+5.01000000E-02,+5.01000000E-02,+5.12000000E-02,+5.01000000E-02\u000a
p6
aV+6.22000000E-02,+6.16000000E-02,+6.22000000E-02,+6.16000000E-02,+6.22000000E-02,+6.22000000E-02,+6.27000000E-02,+6.27000000E-02,+6.27000000E-02,+6.22000000E-02\u000a
p7
aV+7.05000000E-02,+7.16000000E-02,+7.05000000E-02,+7.10000000E-02,+7.16000000E-02,+7.16000000E-02,+7.16000000E-02,+7.16000000E-02,+7.05000000E-02,+7.10000000E-02\u000a
p8
aV+8.20000000E-02,+8.15000000E-02,+8.20000000E-02,+8.20000000E-02,+8.20000000E-02,+8.20000000E-02,+8.15000000E-02,+8.15000000E-02,+8.20000000E-02,+8.20000000E-02\u000a
p9
aV+9.04000000E-02,+9.09000000E-02,+9.09000000E-02,+9.04000000E-02,+9.04000000E-02,+9.09000000E-02,+8.98000000E-02,+9.04000000E-02,+9.09000000E-02,+9.04000000E-02\u000a
p10
aV+1.02400000E-01,+1.01900000E-01,+1.01300000E-01,+1.02400000E-01,+1.01900000E-01,+1.01300000E-01,+1.01300000E-01,+1.02400000E-01,+1.01300000E-01,+1.01300000E-01\u000a
p11
aV+1.10200000E-01,+1.10200000E-01,+1.10200000E-01,+1.10700000E-01,+1.09700000E-01,+1.10200000E-01,+1.10700000E-01,+1.10700000E-01,+1.10200000E-01,+1.10200000E-01\u000a
p12
aV+1.21700000E-01,+1.21700000E-01,+1.21200000E-01,+1.21200000E-01,+1.21700000E-01,+1.21200000E-01,+1.21200000E-01,+1.21200000E-01,+1.21200000E-01,+1.21200000E-01\u000a
p13
aV+1.30100000E-01,+1.30600000E-01,+1.30100000E-01,+1.30600000E-01,+1.30100000E-01,+1.30100000E-01,+1.30100000E-01,+1.30100000E-01,+1.30100000E-01,+1.30600000E-01\u000a
p14
aV+1.42100000E-01,+1.42100000E-01,+1.42600000E-01,+1.42100000E-01,+1.42100000E-01,+1.42100000E-01,+1.42600000E-01,+1.42600000E-01,+1.42100000E-01,+1.42600000E-01\u000a
p15
aV+1.53100000E-01,+1.53100000E-01,+1.52500000E-01,+1.52500000E-01,+1.53100000E-01,+1.52500000E-01,+1.52500000E-01,+1.52500000E-01,+1.52500000E-01,+1.53100000E-01\u000a
p16
aV+1.61900000E-01,+1.61900000E-01,+1.61400000E-01,+1.61400000E-01,+1.61400000E-01,+1.61400000E-01,+1.61400000E-01,+1.61400000E-01,+1.60900000E-01,+1.61400000E-01\u000a
p17
aV+1.72400000E-01,+1.72400000E-01,+1.72400000E-01,+1.72900000E-01,+1.72900000E-01,+1.72900000E-01,+1.72400000E-01,+1.72400000E-01,+1.72400000E-01,+1.72900000E-01\u000a
p18
aV+1.81800000E-01,+1.81300000E-01,+1.81800000E-01,+1.81300000E-01,+1.81800000E-01,+1.81800000E-01,+1.81300000E-01,+1.81300000E-01,+1.81800000E-01,+1.81800000E-01\u000a
p19
aV+1.92200000E-01,+1.91700000E-01,+1.92200000E-01,+1.92200000E-01,+1.92800000E-01,+1.92200000E-01,+1.92800000E-01,+1.92200000E-01,+1.92200000E-01,+1.92200000E-01\u000a
p20
aV+2.01100000E-01,+2.01100000E-01,+2.01100000E-01,+2.01100000E-01,+2.00600000E-01,+2.01100000E-01,+2.01100000E-01,+2.01100000E-01,+2.01100000E-01,+2.01600000E-01\u000a
p21
aV+2.12600000E-01,+2.13100000E-01,+2.12600000E-01,+2.13100000E-01,+2.12600000E-01,+2.13100000E-01,+2.13100000E-01,+2.13100000E-01,+2.13100000E-01,+2.13100000E-01\u000a
p22
aV+2.22000000E-01,+2.21500000E-01,+2.22000000E-01,+2.22000000E-01,+2.22000000E-01,+2.22000000E-01,+2.22000000E-01,+2.22000000E-01,+2.21500000E-01,+2.22000000E-01\u000a
p23
aV+2.33000000E-01,+2.32500000E-01,+2.31900000E-01,+2.32500000E-01,+2.31900000E-01,+2.32500000E-01,+2.31900000E-01,+2.31900000E-01,+2.31900000E-01,+2.32500000E-01\u000a
p24
aV+2.42900000E-01,+2.42900000E-01,+2.43400000E-01,+2.42900000E-01,+2.43400000E-01,+2.43400000E-01,+2.42400000E-01,+2.42900000E-01,+2.42900000E-01,+2.42900000E-01\u000a
p25
aV+2.42900000E-01,+2.42900000E-01,+2.42900000E-01,+2.42900000E-01,+2.43400000E-01,+2.42900000E-01,+2.42900000E-01,+2.42900000E-01,+2.42900000E-01,+2.42900000E-01\u000a
p26
aV+2.55400000E-01,+2.55400000E-01,+2.56000000E-01,+2.55400000E-01,+2.55400000E-01,+2.56000000E-01,+2.56000000E-01,+2.55400000E-01,+2.55400000E-01,+2.55400000E-01\u000a
p27
aV+2.68000000E-01,+2.67500000E-01,+2.68000000E-01,+2.68000000E-01,+2.67500000E-01,+2.67500000E-01,+2.67500000E-01,+2.68000000E-01,+2.67500000E-01,+2.67500000E-01\u000a
p28
aV+2.76900000E-01,+2.76900000E-01,+2.76300000E-01,+2.76900000E-01,+2.76300000E-01,+2.76300000E-01,+2.76900000E-01,+2.76300000E-01,+2.76300000E-01,+2.76900000E-01\u000a
p29
aV+2.86800000E-01,+2.87300000E-01,+2.87300000E-01,+2.87300000E-01,+2.87300000E-01,+2.87300000E-01,+2.87300000E-01,+2.87300000E-01,+2.86800000E-01,+2.86800000E-01\u000a
p30
aV+2.98800000E-01,+2.98800000E-01,+2.98800000E-01,+2.98300000E-01,+2.98800000E-01,+2.98300000E-01,+2.98300000E-01,+2.98800000E-01,+2.98800000E-01,+2.98800000E-01\u000a
p31
aV+3.07200000E-01,+3.07200000E-01,+3.07700000E-01,+3.07200000E-01,+3.07700000E-01,+3.07200000E-01,+3.07200000E-01,+3.07200000E-01,+3.07700000E-01,+3.07700000E-01\u000a
p32
aV+3.17600000E-01,+3.17600000E-01,+3.18100000E-01,+3.17600000E-01,+3.17600000E-01,+3.18100000E-01,+3.17600000E-01,+3.17600000E-01,+3.17600000E-01,+3.17100000E-01\u000a
p33
aV+3.26500000E-01,+3.26500000E-01,+3.26500000E-01,+3.26500000E-01,+3.26500000E-01,+3.26500000E-01,+3.26500000E-01,+3.26500000E-01,+3.26500000E-01,+3.26500000E-01\u000a
p34
aV+3.38500000E-01,+3.39000000E-01,+3.38000000E-01,+3.38500000E-01,+3.38000000E-01,+3.38500000E-01,+3.38500000E-01,+3.38500000E-01,+3.38000000E-01,+3.38000000E-01\u000a
p35
aV+3.46900000E-01,+3.47400000E-01,+3.47900000E-01,+3.47400000E-01,+3.47400000E-01,+3.47400000E-01,+3.47400000E-01,+3.47400000E-01,+3.46900000E-01,+3.47400000E-01\u000a
p36
aV+3.57800000E-01,+3.58300000E-01,+3.57800000E-01,+3.57800000E-01,+3.57800000E-01,+3.57800000E-01,+3.57300000E-01,+3.57800000E-01,+3.57800000E-01,+3.57800000E-01\u000a
p37
aV+3.66700000E-01,+3.66700000E-01,+3.66700000E-01,+3.67200000E-01,+3.66700000E-01,+3.66700000E-01,+3.66700000E-01,+3.66700000E-01,+3.67200000E-01,+3.66700000E-01\u000a
p38
aV+3.78200000E-01,+3.78700000E-01,+3.78200000E-01,+3.78200000E-01,+3.77700000E-01,+3.78200000E-01,+3.77700000E-01,+3.77700000E-01,+3.77700000E-01,+3.78200000E-01\u000a
p39
aV+3.86600000E-01,+3.87100000E-01,+3.87100000E-01,+3.86600000E-01,+3.87100000E-01,+3.87100000E-01,+3.87100000E-01,+3.87100000E-01,+3.86600000E-01,+3.86600000E-01\u000a
p40
aV+3.97500000E-01,+3.97000000E-01,+3.97500000E-01,+3.97000000E-01,+3.97500000E-01,+3.97000000E-01,+3.97000000E-01,+3.97500000E-01,+3.97500000E-01,+3.97000000E-01\u000a
p41
aV+4.06400000E-01,+4.06400000E-01,+4.05900000E-01,+4.05900000E-01,+4.05900000E-01,+4.06400000E-01,+4.06400000E-01,+4.06400000E-01,+4.06400000E-01,+4.06900000E-01\u000a
p42
aV+4.18400000E-01,+4.18400000E-01,+4.17900000E-01,+4.17900000E-01,+4.18400000E-01,+4.18400000E-01,+4.17900000E-01,+4.17900000E-01,+4.17900000E-01,+4.17900000E-01\u000a
p43
aV+4.28300000E-01,+4.28300000E-01,+4.28900000E-01,+4.28900000E-01,+4.28900000E-01,+4.28900000E-01,+4.28900000E-01,+4.28900000E-01,+4.28900000E-01,+4.28300000E-01\u000a
p44
aV+4.37700000E-01,+4.37700000E-01,+4.37700000E-01,+4.37200000E-01,+4.37700000E-01,+4.37700000E-01,+4.37700000E-01,+4.38300000E-01,+4.37700000E-01,+4.37700000E-01\u000a
p45
aV+4.48700000E-01,+4.48700000E-01,+4.49200000E-01,+4.49200000E-01,+4.49200000E-01,+4.49200000E-01,+4.48200000E-01,+4.49200000E-01,+4.49200000E-01,+4.49200000E-01\u000a
p46
aV+4.57600000E-01,+4.57600000E-01,+4.57100000E-01,+4.57600000E-01,+4.57100000E-01,+4.57600000E-01,+4.57600000E-01,+4.57600000E-01,+4.57600000E-01,+4.57100000E-01\u000a
p47
aV+4.68000000E-01,+4.68000000E-01,+4.68000000E-01,+4.68000000E-01,+4.68000000E-01,+4.67500000E-01,+4.67500000E-01,+4.68000000E-01,+4.68600000E-01,+4.68000000E-01\u000a
p48
aV+4.76900000E-01,+4.77400000E-01,+4.76900000E-01,+4.76900000E-01,+4.76400000E-01,+4.77400000E-01,+4.77400000E-01,+4.77400000E-01,+4.76900000E-01,+4.76900000E-01\u000a
p49
aV+4.89500000E-01,+4.89500000E-01,+4.89500000E-01,+4.88900000E-01,+4.88900000E-01,+4.88900000E-01,+4.88900000E-01,+4.88400000E-01,+4.88400000E-01,+4.88900000E-01\u000a
p50
aV+4.97800000E-01,+4.97800000E-01,+4.97800000E-01,+4.97800000E-01,+4.98300000E-01,+4.97800000E-01,+4.97300000E-01,+4.97800000E-01,+4.97800000E-01,+4.97800000E-01\u000a
p51
aV+5.08800000E-01,+5.08300000E-01,+5.08300000E-01,+5.08800000E-01,+5.08300000E-01,+5.08300000E-01,+5.08300000E-01,+5.08300000E-01,+5.08300000E-01,+5.08300000E-01\u000a
p52
aV+5.17700000E-01,+5.17700000E-01,+5.17700000E-01,+5.17100000E-01,+5.17700000E-01,+5.17700000E-01,+5.17100000E-01,+5.17100000E-01,+5.17700000E-01,+5.17100000E-01\u000a
p53
aV+5.17100000E-01,+5.17700000E-01,+5.17700000E-01,+5.17700000E-01,+5.17100000E-01,+5.17700000E-01,+5.17100000E-01,+5.17700000E-01,+5.17700000E-01,+5.17700000E-01\u000a
p54
aV+5.36500000E-01,+5.36500000E-01,+5.37000000E-01,+5.36500000E-01,+5.36500000E-01,+5.36500000E-01,+5.37000000E-01,+5.36500000E-01,+5.36500000E-01,+5.37000000E-01\u000a
p55
aV+5.47400000E-01,+5.47400000E-01,+5.46400000E-01,+5.46900000E-01,+5.46900000E-01,+5.46900000E-01,+5.46400000E-01,+5.46900000E-01,+5.46900000E-01,+5.47400000E-01\u000a
p56
aV+5.55300000E-01,+5.55300000E-01,+5.56300000E-01,+5.55800000E-01,+5.56300000E-01,+5.56300000E-01,+5.56300000E-01,+5.56300000E-01,+5.55800000E-01,+5.55800000E-01\u000a
p57
aV+5.68300000E-01,+5.67800000E-01,+5.68300000E-01,+5.68300000E-01,+5.67800000E-01,+5.68300000E-01,+5.67800000E-01,+5.67800000E-01,+5.68300000E-01,+5.67800000E-01\u000a
p58
aV+5.78300000E-01,+5.78800000E-01,+5.78800000E-01,+5.78800000E-01,+5.78800000E-01,+5.78800000E-01,+5.78300000E-01,+5.78800000E-01,+5.78800000E-01,+5.78800000E-01\u000a
p59
aV+5.87700000E-01,+5.87700000E-01,+5.88200000E-01,+5.87700000E-01,+5.87700000E-01,+5.87100000E-01,+5.87100000E-01,+5.87700000E-01,+5.87700000E-01,+5.87700000E-01\u000a
p60
aV+5.98100000E-01,+5.98100000E-01,+5.98100000E-01,+5.98600000E-01,+5.98600000E-01,+5.98600000E-01,+5.98100000E-01,+5.98600000E-01,+5.98600000E-01,+5.98600000E-01\u000a
p61
aV+6.07500000E-01,+6.07500000E-01,+6.07500000E-01,+6.07500000E-01,+6.07500000E-01,+6.07500000E-01,+6.07500000E-01,+6.07500000E-01,+6.07500000E-01,+6.07000000E-01\u000a
p62
aV+6.18500000E-01,+6.18000000E-01,+6.18000000E-01,+6.18500000E-01,+6.18000000E-01,+6.18000000E-01,+6.18000000E-01,+6.18000000E-01,+6.18000000E-01,+6.18000000E-01\u000a
p63
aV+6.26800000E-01,+6.26300000E-01,+6.27400000E-01,+6.26300000E-01,+6.26800000E-01,+6.26300000E-01,+6.26800000E-01,+6.27400000E-01,+6.26300000E-01,+6.26800000E-01\u000a
p64
aV+6.38900000E-01,+6.38900000E-01,+6.38900000E-01,+6.38900000E-01,+6.38900000E-01,+6.38900000E-01,+6.38900000E-01,+6.38900000E-01,+6.38900000E-01,+6.38900000E-01\u000a
p65
aV+6.47700000E-01,+6.47700000E-01,+6.47700000E-01,+6.48300000E-01,+6.48300000E-01,+6.47700000E-01,+6.47700000E-01,+6.47700000E-01,+6.47700000E-01,+6.47700000E-01\u000a
p66
aV+6.58700000E-01,+6.58200000E-01,+6.58200000E-01,+6.58200000E-01,+6.58200000E-01,+6.58200000E-01,+6.58700000E-01,+6.58200000E-01,+6.58700000E-01,+6.58200000E-01\u000a
p67
aV+6.67600000E-01,+6.67100000E-01,+6.66500000E-01,+6.67600000E-01,+6.66500000E-01,+6.67100000E-01,+6.67100000E-01,+6.67100000E-01,+6.67100000E-01,+6.67100000E-01\u000a
p68
aV+6.78000000E-01,+6.78000000E-01,+6.78000000E-01,+6.78000000E-01,+6.78600000E-01,+6.78000000E-01,+6.78600000E-01,+6.78600000E-01,+6.78000000E-01,+6.78600000E-01\u000a
p69
aV+6.86900000E-01,+6.87400000E-01,+6.86900000E-01,+6.86900000E-01,+6.87400000E-01,+6.87400000E-01,+6.88000000E-01,+6.87400000E-01,+6.87400000E-01,+6.87400000E-01\u000a
p70
aV+6.97400000E-01,+6.97900000E-01,+6.97900000E-01,+6.97900000E-01,+6.97900000E-01,+6.97900000E-01,+6.98400000E-01,+6.97900000E-01,+6.97400000E-01,+6.97900000E-01\u000a
p71
aV+7.09900000E-01,+7.09900000E-01,+7.09900000E-01,+7.09400000E-01,+7.09400000E-01,+7.09900000E-01,+7.09900000E-01,+7.09400000E-01,+7.09900000E-01,+7.09900000E-01\u000a
p72
aV+7.18800000E-01,+7.18800000E-01,+7.18800000E-01,+7.18800000E-01,+7.18300000E-01,+7.18800000E-01,+7.18800000E-01,+7.18300000E-01,+7.18300000E-01,+7.18800000E-01\u000a
p73
aV+7.29200000E-01,+7.29200000E-01,+7.28700000E-01,+7.29200000E-01,+7.29200000E-01,+7.29200000E-01,+7.29200000E-01,+7.29200000E-01,+7.29800000E-01,+7.28700000E-01\u000a
p74
aV+7.38100000E-01,+7.37600000E-01,+7.38100000E-01,+7.38100000E-01,+7.37600000E-01,+7.38100000E-01,+7.37600000E-01,+7.38100000E-01,+7.37600000E-01,+7.37600000E-01\u000a
p75
aV+7.49100000E-01,+7.49100000E-01,+7.49100000E-01,+7.49100000E-01,+7.49600000E-01,+7.48600000E-01,+7.48600000E-01,+7.49100000E-01,+7.49100000E-01,+7.49100000E-01\u000a
p76
aV+7.58000000E-01,+7.58000000E-01,+7.58000000E-01,+7.58000000E-01,+7.58000000E-01,+7.58000000E-01,+7.58000000E-01,+7.58500000E-01,+7.58500000E-01,+7.58500000E-01\u000a
p77
aV+7.68400000E-01,+7.68400000E-01,+7.68400000E-01,+7.68400000E-01,+7.68900000E-01,+7.68400000E-01,+7.68900000E-01,+7.68400000E-01,+7.68900000E-01,+7.68400000E-01\u000a
p78
aV+7.77800000E-01,+7.77800000E-01,+7.77300000E-01,+7.77800000E-01,+7.77800000E-01,+7.77300000E-01,+7.77300000E-01,+7.77300000E-01,+7.77300000E-01,+7.77300000E-01\u000a
p79
aV+7.89800000E-01,+7.89300000E-01,+7.89300000E-01,+7.89800000E-01,+7.89300000E-01,+7.89300000E-01,+7.89300000E-01,+7.89800000E-01,+7.89800000E-01,+7.89300000E-01\u000a
p80
aV+7.98200000E-01,+7.98200000E-01,+7.98700000E-01,+7.98200000E-01,+7.98200000E-01,+7.98200000E-01,+7.98200000E-01,+7.98200000E-01,+7.98700000E-01,+7.98700000E-01\u000a
p81
aV+8.06500000E-01,+8.06500000E-01,+8.07100000E-01,+8.06500000E-01,+8.07100000E-01,+8.07100000E-01,+8.07100000E-01,+8.06500000E-01,+8.07100000E-01,+8.06500000E-01\u000a
p82
aV+8.15900000E-01,+8.15900000E-01,+8.15900000E-01,+8.15400000E-01,+8.15400000E-01,+8.15400000E-01,+8.15400000E-01,+8.15400000E-01,+8.15400000E-01,+8.15400000E-01\u000a
p83
aV+8.27400000E-01,+8.26900000E-01,+8.26900000E-01,+8.27400000E-01,+8.26900000E-01,+8.26900000E-01,+8.26900000E-01,+8.27400000E-01,+8.26900000E-01,+8.26900000E-01\u000a
p84
aV+8.35800000E-01,+8.35800000E-01,+8.35800000E-01,+8.35800000E-01,+8.36300000E-01,+8.35800000E-01,+8.36300000E-01,+8.35800000E-01,+8.36300000E-01,+8.36300000E-01\u000a
p85
aV+8.46800000E-01,+8.46800000E-01,+8.47300000E-01,+8.46800000E-01,+8.46800000E-01,+8.46800000E-01,+8.46200000E-01,+8.46800000E-01,+8.46800000E-01,+8.46200000E-01\u000a
p86
aV+8.58800000E-01,+8.58300000E-01,+8.58300000E-01,+8.58800000E-01,+8.58800000E-01,+8.58300000E-01,+8.59300000E-01,+8.58800000E-01,+8.58800000E-01,+8.58800000E-01\u000a
p87
aV+8.67100000E-01,+8.67100000E-01,+8.67700000E-01,+8.67100000E-01,+8.67700000E-01,+8.67100000E-01,+8.67700000E-01,+8.67700000E-01,+8.67100000E-01,+8.67700000E-01\u000a
p88
aV+8.78100000E-01,+8.78100000E-01,+8.77600000E-01,+8.77600000E-01,+8.78100000E-01,+8.77600000E-01,+8.78100000E-01,+8.78100000E-01,+8.78100000E-01,+8.78100000E-01\u000a
p89
aV+8.87000000E-01,+8.86500000E-01,+8.86500000E-01,+8.87000000E-01,+8.86500000E-01,+8.86500000E-01,+8.86500000E-01,+8.87000000E-01,+8.86500000E-01,+8.86500000E-01\u000a
p90
aV+8.98000000E-01,+8.98000000E-01,+8.98000000E-01,+8.98000000E-01,+8.98500000E-01,+8.97400000E-01,+8.98500000E-01,+8.97400000E-01,+8.98000000E-01,+8.98000000E-01\u000a
p91
aV+8.98000000E-01,+8.98000000E-01,+8.98000000E-01,+8.98000000E-01,+8.98500000E-01,+8.98000000E-01,+8.98500000E-01,+8.97400000E-01,+8.97400000E-01,+8.98000000E-01\u000a
p92
aV+8.98000000E-01,+8.98000000E-01,+8.97400000E-01,+8.98500000E-01,+8.98500000E-01,+8.98000000E-01,+8.98000000E-01,+8.98000000E-01,+8.98000000E-01,+8.98000000E-01\u000a
p93
aV+9.26700000E-01,+9.26700000E-01,+9.26700000E-01,+9.26200000E-01,+9.26200000E-01,+9.26700000E-01,+9.26700000E-01,+9.26200000E-01,+9.26200000E-01,+9.25600000E-01\u000a
p94
aV+9.38700000E-01,+9.38700000E-01,+9.38200000E-01,+9.38200000E-01,+9.38200000E-01,+9.38700000E-01,+9.38200000E-01,+9.38200000E-01,+9.38200000E-01,+9.38700000E-01\u000a
p95
aV+9.47100000E-01,+9.47600000E-01,+9.47600000E-01,+9.47600000E-01,+9.47600000E-01,+9.47100000E-01,+9.47100000E-01,+9.47100000E-01,+9.47600000E-01,+9.47100000E-01\u000a
p96
aV+9.57500000E-01,+9.58000000E-01,+9.57500000E-01,+9.58000000E-01,+9.57500000E-01,+9.57500000E-01,+9.57500000E-01,+9.57000000E-01,+9.57500000E-01,+9.57500000E-01\u000a
p97
aV+9.66900000E-01,+9.66400000E-01,+9.66400000E-01,+9.66900000E-01,+9.66400000E-01,+9.66900000E-01,+9.66400000E-01,+9.66400000E-01,+9.66900000E-01,+9.66400000E-01\u000a
p98
aV+9.77900000E-01,+9.78400000E-01,+9.77900000E-01,+9.77400000E-01,+9.77900000E-01,+9.77900000E-01,+9.77900000E-01,+9.78400000E-01,+9.77900000E-01,+9.77900000E-01\u000a
p99
aV+9.88800000E-01,+9.88800000E-01,+9.88300000E-01,+9.88300000E-01,+9.88300000E-01,+9.88800000E-01,+9.88300000E-01,+9.88300000E-01,+9.87800000E-01,+9.87800000E-01\u000a
p100
aV+9.96700000E-01,+9.97200000E-01,+9.97200000E-01,+9.97700000E-01,+9.97700000E-01,+9.97200000E-01,+9.97200000E-01,+9.96700000E-01,+9.97200000E-01,+9.97700000E-01\u000a
p101
aV+1.00870000E+00,+1.00970000E+00,+1.00920000E+00,+1.00920000E+00,+1.00920000E+00,+1.00920000E+00,+1.00920000E+00,+1.00920000E+00,+1.00920000E+00,+1.00920000E+00\u000a
p102
aV+1.01710000E+00,+1.01810000E+00,+1.01810000E+00,+1.01760000E+00,+1.01810000E+00,+1.01760000E+00,+1.01760000E+00,+1.01760000E+00,+1.01810000E+00,+1.01760000E+00\u000a
p103
aV+1.02800000E+00,+1.02850000E+00,+1.02850000E+00,+1.02800000E+00,+1.02850000E+00,+1.02800000E+00,+1.02850000E+00,+1.02800000E+00,+1.02800000E+00,+1.02800000E+00\u000a
p104
aV+1.03740000E+00,+1.03690000E+00,+1.03690000E+00,+1.03640000E+00,+1.03690000E+00,+1.03690000E+00,+1.03690000E+00,+1.03690000E+00,+1.03690000E+00,+1.03690000E+00\u000a
p105
aV+1.04740000E+00,+1.04790000E+00,+1.04740000E+00,+1.04790000E+00,+1.04740000E+00,+1.04790000E+00,+1.04790000E+00,+1.04790000E+00,+1.04740000E+00,+1.04740000E+00\u000a
p106
aV+1.05620000E+00,+1.05570000E+00,+1.05570000E+00,+1.05620000E+00,+1.05570000E+00,+1.05570000E+00,+1.05620000E+00,+1.05620000E+00,+1.05570000E+00,+1.05570000E+00\u000a
p107
aV+1.06510000E+00,+1.06510000E+00,+1.06560000E+00,+1.06510000E+00,+1.06560000E+00,+1.06560000E+00,+1.06510000E+00,+1.06510000E+00,+1.06510000E+00,+1.06560000E+00\u000a
p108
aV+1.07350000E+00,+1.07400000E+00,+1.07350000E+00,+1.07350000E+00,+1.07350000E+00,+1.07350000E+00,+1.07300000E+00,+1.07350000E+00,+1.07350000E+00,+1.07350000E+00\u000a
p109
aV+1.08290000E+00,+1.08290000E+00,+1.08240000E+00,+1.08290000E+00,+1.08290000E+00,+1.08240000E+00,+1.08290000E+00,+1.08290000E+00,+1.08290000E+00,+1.08290000E+00\u000a
p110
aV+1.09020000E+00,+1.09020000E+00,+1.09020000E+00,+1.09020000E+00,+1.09020000E+00,+1.09020000E+00,+1.09020000E+00,+1.09020000E+00,+1.09020000E+00,+1.09020000E+00\u000a
p111
aV+1.09910000E+00,+1.09910000E+00,+1.09910000E+00,+1.09850000E+00,+1.09960000E+00,+1.09910000E+00,+1.09850000E+00,+1.09960000E+00,+1.09960000E+00,+1.09850000E+00\u000a
p112
aV+1.10640000E+00,+1.10640000E+00,+1.10640000E+00,+1.10690000E+00,+1.10640000E+00,+1.10640000E+00,+1.10640000E+00,+1.10640000E+00,+1.10640000E+00,+1.10690000E+00\u000a
p113
aV+1.11630000E+00,+1.11580000E+00,+1.11630000E+00,+1.11580000E+00,+1.11530000E+00,+1.11580000E+00,+1.11580000E+00,+1.11580000E+00,+1.11530000E+00,+1.11580000E+00\u000a
p114
aV+1.12410000E+00,+1.12410000E+00,+1.12410000E+00,+1.12410000E+00,+1.12360000E+00,+1.12410000E+00,+1.12470000E+00,+1.12470000E+00,+1.12410000E+00,+1.12410000E+00\u000a
p115
aV+1.13090000E+00,+1.13150000E+00,+1.13150000E+00,+1.13150000E+00,+1.13150000E+00,+1.13150000E+00,+1.13090000E+00,+1.13150000E+00,+1.13150000E+00,+1.13090000E+00\u000a
p116
aV+1.14030000E+00,+1.14090000E+00,+1.14030000E+00,+1.14090000E+00,+1.14030000E+00,+1.14030000E+00,+1.14090000E+00,+1.14030000E+00,+1.14090000E+00,+1.14030000E+00\u000a
p117
aV+1.14760000E+00,+1.14760000E+00,+1.14710000E+00,+1.14760000E+00,+1.14710000E+00,+1.14760000E+00,+1.14760000E+00,+1.14760000E+00,+1.14760000E+00,+1.14760000E+00\u000a
p118
aV+1.15550000E+00,+1.15600000E+00,+1.15550000E+00,+1.15550000E+00,+1.15550000E+00,+1.15550000E+00,+1.15600000E+00,+1.15550000E+00,+1.15550000E+00,+1.15550000E+00\u000a
p119
aV+1.16230000E+00,+1.16230000E+00,+1.16230000E+00,+1.16280000E+00,+1.16230000E+00,+1.16280000E+00,+1.16280000E+00,+1.16230000E+00,+1.16280000E+00,+1.16230000E+00\u000a
p120
aV+1.17120000E+00,+1.17120000E+00,+1.17170000E+00,+1.17120000E+00,+1.17120000E+00,+1.17120000E+00,+1.17060000E+00,+1.17120000E+00,+1.17120000E+00,+1.17060000E+00\u000a
p121
aV+1.17790000E+00,+1.17790000E+00,+1.17790000E+00,+1.17790000E+00,+1.17790000E+00,+1.17790000E+00,+1.17790000E+00,+1.17790000E+00,+1.17850000E+00,+1.17740000E+00\u000a
p122
aV+1.18580000E+00,+1.18630000E+00,+1.18630000E+00,+1.18580000E+00,+1.18630000E+00,+1.18580000E+00,+1.18630000E+00,+1.18630000E+00,+1.18580000E+00,+1.18580000E+00\u000a
p123
aV+1.19260000E+00,+1.19260000E+00,+1.19260000E+00,+1.19310000E+00,+1.19260000E+00,+1.19210000E+00,+1.19260000E+00,+1.19260000E+00,+1.19260000E+00,+1.19210000E+00\u000a
p124
aV+1.20150000E+00,+1.20150000E+00,+1.20150000E+00,+1.20090000E+00,+1.20150000E+00,+1.20090000E+00,+1.20150000E+00,+1.20090000E+00,+1.20090000E+00,+1.20090000E+00\u000a
p125
aV+1.20770000E+00,+1.20770000E+00,+1.20770000E+00,+1.20720000E+00,+1.20820000E+00,+1.20770000E+00,+1.20770000E+00,+1.20770000E+00,+1.20770000E+00,+1.20820000E+00\u000a
p126
aV+1.21500000E+00,+1.21500000E+00,+1.21560000E+00,+1.21500000E+00,+1.21500000E+00,+1.21560000E+00,+1.21560000E+00,+1.21560000E+00,+1.21500000E+00,+1.21560000E+00\u000a
p127
aV+1.22390000E+00,+1.22390000E+00,+1.22340000E+00,+1.22390000E+00,+1.22390000E+00,+1.22340000E+00,+1.22390000E+00,+1.22340000E+00,+1.22390000E+00,+1.22390000E+00\u000a
p128
aV+1.23020000E+00,+1.23020000E+00,+1.23020000E+00,+1.23020000E+00,+1.22970000E+00,+1.22970000E+00,+1.23020000E+00,+1.23020000E+00,+1.23020000E+00,+1.23020000E+00\u000a
p129
aV+1.23750000E+00,+1.23750000E+00,+1.23700000E+00,+1.23800000E+00,+1.23750000E+00,+1.23750000E+00,+1.23750000E+00,+1.23750000E+00,+1.23750000E+00,+1.23750000E+00\u000a
p130
aV+1.24320000E+00,+1.24380000E+00,+1.24380000E+00,+1.24380000E+00,+1.24380000E+00,+1.24380000E+00,+1.24380000E+00,+1.24320000E+00,+1.24380000E+00,+1.24380000E+00\u000a
p131
aV+1.25160000E+00,+1.25160000E+00,+1.25210000E+00,+1.25160000E+00,+1.25210000E+00,+1.25210000E+00,+1.25210000E+00,+1.25160000E+00,+1.25160000E+00,+1.25160000E+00\u000a
p132
aV+1.25790000E+00,+1.25790000E+00,+1.25790000E+00,+1.25790000E+00,+1.25840000E+00,+1.25790000E+00,+1.25790000E+00,+1.25840000E+00,+1.25790000E+00,+1.25790000E+00\u000a
p133
aV+1.26570000E+00,+1.26520000E+00,+1.26570000E+00,+1.26520000E+00,+1.26470000E+00,+1.26520000E+00,+1.26570000E+00,+1.26520000E+00,+1.26520000E+00,+1.26520000E+00\u000a
p134
aV+1.27090000E+00,+1.27150000E+00,+1.27090000E+00,+1.27090000E+00,+1.27090000E+00,+1.27090000E+00,+1.27150000E+00,+1.27090000E+00,+1.27150000E+00,+1.27150000E+00\u000a
p135
aV+1.27930000E+00,+1.27880000E+00,+1.27880000E+00,+1.27880000E+00,+1.27880000E+00,+1.27930000E+00,+1.27880000E+00,+1.27930000E+00,+1.27880000E+00,+1.27930000E+00\u000a
p136
aV+1.28450000E+00,+1.28500000E+00,+1.28500000E+00,+1.28500000E+00,+1.28500000E+00,+1.28450000E+00,+1.28450000E+00,+1.28500000E+00,+1.28500000E+00,+1.28500000E+00\u000a
p137
aV+1.29180000E+00,+1.29180000E+00,+1.29180000E+00,+1.29180000E+00,+1.29180000E+00,+1.29230000E+00,+1.29180000E+00,+1.29230000E+00,+1.29180000E+00,+1.29230000E+00\u000a
p138
aV+1.29500000E+00,+1.29500000E+00,+1.29500000E+00,+1.29440000E+00,+1.29500000E+00,+1.29500000E+00,+1.29500000E+00,+1.29440000E+00,+1.29500000E+00,+1.29500000E+00\u000a
p139
aV+1.30170000E+00,+1.30170000E+00,+1.30170000E+00,+1.30170000E+00,+1.30230000E+00,+1.30120000E+00,+1.30230000E+00,+1.30170000E+00,+1.30230000E+00,+1.30170000E+00\u000a
p140
aV+1.30800000E+00,+1.30750000E+00,+1.30750000E+00,+1.30750000E+00,+1.30800000E+00,+1.30750000E+00,+1.30750000E+00,+1.30800000E+00,+1.30750000E+00,+1.30750000E+00\u000a
p141
aV+1.31480000E+00,+1.31480000E+00,+1.31480000E+00,+1.31480000E+00,+1.31480000E+00,+1.31530000E+00,+1.31480000E+00,+1.31480000E+00,+1.31480000E+00,+1.31530000E+00\u000a
p142
aV+1.32210000E+00,+1.32160000E+00,+1.32160000E+00,+1.32160000E+00,+1.32210000E+00,+1.32160000E+00,+1.32210000E+00,+1.32210000E+00,+1.32160000E+00,+1.32160000E+00\u000a
p143
aV+1.32730000E+00,+1.32730000E+00,+1.32730000E+00,+1.32730000E+00,+1.32730000E+00,+1.32730000E+00,+1.32730000E+00,+1.32790000E+00,+1.32730000E+00,+1.32730000E+00\u000a
p144
aV+1.33520000E+00,+1.33470000E+00,+1.33470000E+00,+1.33470000E+00,+1.33520000E+00,+1.33520000E+00,+1.33520000E+00,+1.33470000E+00,+1.33470000E+00,+1.33520000E+00\u000a
p145
aV+1.33990000E+00,+1.33990000E+00,+1.34040000E+00,+1.34040000E+00,+1.34040000E+00,+1.34040000E+00,+1.34040000E+00,+1.33990000E+00,+1.34040000E+00,+1.33990000E+00\u000a
p146
aV+1.34670000E+00,+1.34620000E+00,+1.34670000E+00,+1.34720000E+00,+1.34670000E+00,+1.34670000E+00,+1.34670000E+00,+1.34670000E+00,+1.34670000E+00,+1.34670000E+00\u000a
p147
aV+1.35240000E+00,+1.35190000E+00,+1.35240000E+00,+1.35240000E+00,+1.35190000E+00,+1.35190000E+00,+1.35240000E+00,+1.35190000E+00,+1.35190000E+00,+1.35240000E+00\u000a
p148
aV+1.35920000E+00,+1.35870000E+00,+1.35870000E+00,+1.35920000E+00,+1.35920000E+00,+1.35920000E+00,+1.35870000E+00,+1.35870000E+00,+1.35920000E+00,+1.35920000E+00\u000a
p149
aV+1.36390000E+00,+1.36440000E+00,+1.36440000E+00,+1.36500000E+00,+1.36390000E+00,+1.36440000E+00,+1.36500000E+00,+1.36440000E+00,+1.36440000E+00,+1.36440000E+00\u000a
p150
aV+1.37020000E+00,+1.37020000E+00,+1.37070000E+00,+1.37070000E+00,+1.37070000E+00,+1.37070000E+00,+1.37020000E+00,+1.37070000E+00,+1.37020000E+00,+1.37070000E+00\u000a
p151
aV+1.37590000E+00,+1.37640000E+00,+1.37590000E+00,+1.37540000E+00,+1.37590000E+00,+1.37540000E+00,+1.37640000E+00,+1.37590000E+00,+1.37540000E+00,+1.37590000E+00\u000a
p152
aV+1.38270000E+00,+1.38270000E+00,+1.38270000E+00,+1.38270000E+00,+1.38270000E+00,+1.38270000E+00,+1.38270000E+00,+1.38270000E+00,+1.38220000E+00,+1.38270000E+00\u000a
p153
aV+1.38740000E+00,+1.38790000E+00,+1.38740000E+00,+1.38790000E+00,+1.38790000E+00,+1.38740000E+00,+1.38790000E+00,+1.38740000E+00,+1.38740000E+00,+1.38790000E+00\u000a
p154
aV+1.39470000E+00,+1.39370000E+00,+1.39370000E+00,+1.39370000E+00,+1.39370000E+00,+1.39420000E+00,+1.39370000E+00,+1.39470000E+00,+1.39370000E+00,+1.39420000E+00\u000a
p155
aV+1.40050000E+00,+1.40050000E+00,+1.40050000E+00,+1.40000000E+00,+1.40050000E+00,+1.40050000E+00,+1.40100000E+00,+1.40100000E+00,+1.40000000E+00,+1.40050000E+00\u000a
p156
aV+1.40570000E+00,+1.40520000E+00,+1.40520000E+00,+1.40570000E+00,+1.40570000E+00,+1.40520000E+00,+1.40520000E+00,+1.40570000E+00,+1.40570000E+00,+1.40520000E+00\u000a
p157
aV+1.41090000E+00,+1.41090000E+00,+1.41090000E+00,+1.41140000E+00,+1.41140000E+00,+1.41140000E+00,+1.41140000E+00,+1.41140000E+00,+1.41090000E+00,+1.41090000E+00\u000a
p158
aV+1.41670000E+00,+1.41670000E+00,+1.41670000E+00,+1.41610000E+00,+1.41610000E+00,+1.41670000E+00,+1.41610000E+00,+1.41670000E+00,+1.41670000E+00,+1.41670000E+00\u000a
p159
aV+1.42290000E+00,+1.42240000E+00,+1.42290000E+00,+1.42350000E+00,+1.42290000E+00,+1.42240000E+00,+1.42290000E+00,+1.42290000E+00,+1.42290000E+00,+1.42290000E+00\u000a
p160
aV+1.42760000E+00,+1.42760000E+00,+1.42760000E+00,+1.42710000E+00,+1.42710000E+00,+1.42710000E+00,+1.42760000E+00,+1.42760000E+00,+1.42710000E+00,+1.42710000E+00\u000a
p161
aV+1.43340000E+00,+1.43390000E+00,+1.43340000E+00,+1.43290000E+00,+1.43290000E+00,+1.43290000E+00,+1.43290000E+00,+1.43340000E+00,+1.43390000E+00,+1.43290000E+00\u000a
p162
aV+1.43760000E+00,+1.43810000E+00,+1.43810000E+00,+1.43760000E+00,+1.43810000E+00,+1.43860000E+00,+1.43860000E+00,+1.43810000E+00,+1.43810000E+00,+1.43810000E+00\u000a
p163
aV+1.44440000E+00,+1.44440000E+00,+1.44440000E+00,+1.44380000E+00,+1.44380000E+00,+1.44380000E+00,+1.44440000E+00,+1.44440000E+00,+1.44440000E+00,+1.44440000E+00\u000a
p164
aV+1.44850000E+00,+1.44850000E+00,+1.44850000E+00,+1.44910000E+00,+1.44910000E+00,+1.44910000E+00,+1.44850000E+00,+1.44910000E+00,+1.44850000E+00,+1.44850000E+00\u000a
p165
aV+1.45430000E+00,+1.45480000E+00,+1.45430000E+00,+1.45430000E+00,+1.45430000E+00,+1.45430000E+00,+1.45430000E+00,+1.45430000E+00,+1.45480000E+00,+1.45430000E+00\u000a
p166
aV+1.45900000E+00,+1.45950000E+00,+1.45900000E+00,+1.45900000E+00,+1.45950000E+00,+1.45900000E+00,+1.45900000E+00,+1.45850000E+00,+1.45850000E+00,+1.45850000E+00\u000a
p167
aV+1.46470000E+00,+1.46470000E+00,+1.46420000E+00,+1.46530000E+00,+1.46470000E+00,+1.46420000E+00,+1.46470000E+00,+1.46470000E+00,+1.46470000E+00,+1.46470000E+00\u000a
p168
aV+1.46940000E+00,+1.46940000E+00,+1.46940000E+00,+1.46940000E+00,+1.46940000E+00,+1.46890000E+00,+1.46940000E+00,+1.46890000E+00,+1.46940000E+00,+1.46890000E+00\u000a
p169
aV+1.47470000E+00,+1.47470000E+00,+1.47470000E+00,+1.47470000E+00,+1.47470000E+00,+1.47470000E+00,+1.47520000E+00,+1.47410000E+00,+1.47470000E+00,+1.47470000E+00\u000a
p170
aV+1.48040000E+00,+1.48040000E+00,+1.48090000E+00,+1.48040000E+00,+1.48040000E+00,+1.47990000E+00,+1.47990000E+00,+1.48040000E+00,+1.48040000E+00,+1.48040000E+00\u000a
p171
aV+1.48460000E+00,+1.48460000E+00,+1.48460000E+00,+1.48510000E+00,+1.48460000E+00,+1.48460000E+00,+1.48510000E+00,+1.48460000E+00,+1.48510000E+00,+1.48460000E+00\u000a
p172
aV+1.48980000E+00,+1.48980000E+00,+1.49030000E+00,+1.48980000E+00,+1.48980000E+00,+1.49030000E+00,+1.49030000E+00,+1.49030000E+00,+1.49030000E+00,+1.49030000E+00\u000a
p173
aV+1.49450000E+00,+1.49450000E+00,+1.49450000E+00,+1.49450000E+00,+1.49450000E+00,+1.49450000E+00,+1.49450000E+00,+1.49450000E+00,+1.49450000E+00,+1.49400000E+00\u000a
p174
aV+1.49450000E+00,+1.49450000E+00,+1.49400000E+00,+1.49450000E+00,+1.49450000E+00,+1.49400000E+00,+1.49450000E+00,+1.49450000E+00,+1.49450000E+00,+1.49450000E+00\u000a
p175
aV+1.50500000E+00,+1.50440000E+00,+1.50500000E+00,+1.50440000E+00,+1.50500000E+00,+1.50500000E+00,+1.50440000E+00,+1.50440000E+00,+1.50500000E+00,+1.50440000E+00\u000a
p176
aV+1.50970000E+00,+1.50970000E+00,+1.50970000E+00,+1.50970000E+00,+1.50970000E+00,+1.50970000E+00,+1.50970000E+00,+1.51020000E+00,+1.50970000E+00,+1.50970000E+00\u000a
p177
aV+1.51380000E+00,+1.51380000E+00,+1.51380000E+00,+1.51380000E+00,+1.51380000E+00,+1.51440000E+00,+1.51380000E+00,+1.51380000E+00,+1.51380000E+00,+1.51380000E+00\u000a
p178
aV+1.51960000E+00,+1.51910000E+00,+1.51960000E+00,+1.51960000E+00,+1.51910000E+00,+1.51910000E+00,+1.51910000E+00,+1.51960000E+00,+1.51960000E+00,+1.51960000E+00\u000a
p179
aV+1.52380000E+00,+1.52380000E+00,+1.52380000E+00,+1.52320000E+00,+1.52320000E+00,+1.52320000E+00,+1.52380000E+00,+1.52320000E+00,+1.52380000E+00,+1.52380000E+00\u000a
p180
aV+1.52850000E+00,+1.52850000E+00,+1.52850000E+00,+1.52850000E+00,+1.52850000E+00,+1.52850000E+00,+1.52850000E+00,+1.52850000E+00,+1.52900000E+00,+1.52850000E+00\u000a
p181
aV+1.53210000E+00,+1.53260000E+00,+1.53260000E+00,+1.53260000E+00,+1.53260000E+00,+1.53210000E+00,+1.53260000E+00,+1.53260000E+00,+1.53210000E+00,+1.53260000E+00\u000a
p182
aV+1.53790000E+00,+1.53790000E+00,+1.53790000E+00,+1.53840000E+00,+1.53840000E+00,+1.53840000E+00,+1.53790000E+00,+1.53790000E+00,+1.53790000E+00,+1.53790000E+00\u000a
p183
aV+1.54310000E+00,+1.54310000E+00,+1.54260000E+00,+1.54310000E+00,+1.54260000E+00,+1.54310000E+00,+1.54260000E+00,+1.54260000E+00,+1.54310000E+00,+1.54310000E+00\u000a
p184
aV+1.54730000E+00,+1.54670000E+00,+1.54670000E+00,+1.54730000E+00,+1.54730000E+00,+1.54730000E+00,+1.54730000E+00,+1.54670000E+00,+1.54670000E+00,+1.54730000E+00\u000a
p185
aV+1.55200000E+00,+1.55250000E+00,+1.55250000E+00,+1.55250000E+00,+1.55200000E+00,+1.55250000E+00,+1.55250000E+00,+1.55250000E+00,+1.55200000E+00,+1.55300000E+00\u000a
p186
aV+1.55670000E+00,+1.55610000E+00,+1.55610000E+00,+1.55610000E+00,+1.55670000E+00,+1.55670000E+00,+1.55610000E+00,+1.55670000E+00,+1.55670000E+00,+1.55610000E+00\u000a
p187
aV+1.56140000E+00,+1.56140000E+00,+1.56140000E+00,+1.56080000E+00,+1.56080000E+00,+1.56140000E+00,+1.56190000E+00,+1.56080000E+00,+1.56140000E+00,+1.56080000E+00\u000a
p188
aV+1.56450000E+00,+1.56500000E+00,+1.56450000E+00,+1.56500000E+00,+1.56500000E+00,+1.56500000E+00,+1.56500000E+00,+1.56500000E+00,+1.56500000E+00,+1.56450000E+00\u000a
p189
aV+1.57020000E+00,+1.57080000E+00,+1.57020000E+00,+1.57020000E+00,+1.56970000E+00,+1.57080000E+00,+1.56970000E+00,+1.57080000E+00,+1.57020000E+00,+1.57020000E+00\u000a
p190
aV+1.57390000E+00,+1.57440000E+00,+1.57390000E+00,+1.57440000E+00,+1.57390000E+00,+1.57390000E+00,+1.57440000E+00,+1.57440000E+00,+1.57390000E+00,+1.57390000E+00\u000a
p191
aV+1.57860000E+00,+1.57910000E+00,+1.57860000E+00,+1.57860000E+00,+1.57910000E+00,+1.57810000E+00,+1.57910000E+00,+1.57860000E+00,+1.57860000E+00,+1.57860000E+00\u000a
p192
aV+1.58280000E+00,+1.58280000E+00,+1.58230000E+00,+1.58280000E+00,+1.58280000E+00,+1.58280000E+00,+1.58330000E+00,+1.58280000E+00,+1.58280000E+00,+1.58230000E+00\u000a
p193
aV+1.58750000E+00,+1.58750000E+00,+1.58800000E+00,+1.58750000E+00,+1.58750000E+00,+1.58800000E+00,+1.58750000E+00,+1.58800000E+00,+1.58800000E+00,+1.58800000E+00\u000a
p194
aV+1.59320000E+00,+1.59380000E+00,+1.59380000E+00,+1.59320000E+00,+1.59320000E+00,+1.59380000E+00,+1.59380000E+00,+1.59320000E+00,+1.59380000E+00,+1.59320000E+00\u000a
p195
aV+1.59790000E+00,+1.59790000E+00,+1.59790000E+00,+1.59790000E+00,+1.59790000E+00,+1.59850000E+00,+1.59790000E+00,+1.59790000E+00,+1.59740000E+00,+1.59790000E+00\u000a
p196
aV+1.60160000E+00,+1.60160000E+00,+1.60160000E+00,+1.60160000E+00,+1.60160000E+00,+1.60160000E+00,+1.60160000E+00,+1.60110000E+00,+1.60160000E+00,+1.60160000E+00\u000a
p197
aV+1.60680000E+00,+1.60680000E+00,+1.60680000E+00,+1.60680000E+00,+1.60680000E+00,+1.60680000E+00,+1.60630000E+00,+1.60680000E+00,+1.60630000E+00,+1.60680000E+00\u000a
p198
aV+1.61150000E+00,+1.61100000E+00,+1.61150000E+00,+1.61050000E+00,+1.61150000E+00,+1.61100000E+00,+1.61100000E+00,+1.61150000E+00,+1.61150000E+00,+1.61100000E+00\u000a
p199
aV+1.61470000E+00,+1.61470000E+00,+1.61520000E+00,+1.61470000E+00,+1.61470000E+00,+1.61520000E+00,+1.61470000E+00,+1.61470000E+00,+1.61470000E+00,+1.61520000E+00\u000a
p200
aV+1.61990000E+00,+1.61990000E+00,+1.61990000E+00,+1.61990000E+00,+1.62040000E+00,+1.61990000E+00,+1.61990000E+00,+1.61990000E+00,+1.61990000E+00,+1.61990000E+00\u000a
p201
aV+1.62300000E+00,+1.62350000E+00,+1.62350000E+00,+1.62350000E+00,+1.62350000E+00,+1.62350000E+00,+1.62410000E+00,+1.62350000E+00,+1.62350000E+00,+1.62350000E+00\u000a
p202
aV+1.62820000E+00,+1.62770000E+00,+1.62820000E+00,+1.62770000E+00,+1.62770000E+00,+1.62820000E+00,+1.62770000E+00,+1.62770000E+00,+1.62820000E+00,+1.62770000E+00\u000a
p203
aV+1.63190000E+00,+1.63190000E+00,+1.63140000E+00,+1.63140000E+00,+1.63140000E+00,+1.63190000E+00,+1.63190000E+00,+1.63190000E+00,+1.63190000E+00,+1.63140000E+00\u000a
p204
aV+1.63660000E+00,+1.63660000E+00,+1.63660000E+00,+1.63610000E+00,+1.63660000E+00,+1.63660000E+00,+1.63660000E+00,+1.63710000E+00,+1.63660000E+00,+1.63610000E+00\u000a
p205
aV+1.64020000E+00,+1.64020000E+00,+1.64020000E+00,+1.64020000E+00,+1.63970000E+00,+1.64020000E+00,+1.64020000E+00,+1.64020000E+00,+1.64020000E+00,+1.64020000E+00\u000a
p206
aV+1.64440000E+00,+1.64490000E+00,+1.64490000E+00,+1.64440000E+00,+1.64440000E+00,+1.64490000E+00,+1.64490000E+00,+1.64440000E+00,+1.64440000E+00,+1.64440000E+00\u000a
p207
aV+1.64810000E+00,+1.64860000E+00,+1.64860000E+00,+1.64810000E+00,+1.64810000E+00,+1.64810000E+00,+1.64810000E+00,+1.64810000E+00,+1.64810000E+00,+1.64860000E+00\u000a
p208
aV+1.65020000E+00,+1.65020000E+00,+1.65070000E+00,+1.65020000E+00,+1.65070000E+00,+1.65070000E+00,+1.65020000E+00,+1.65070000E+00,+1.65020000E+00,+1.65070000E+00\u000a
p209
aV+1.65020000E+00,+1.65070000E+00,+1.65070000E+00,+1.65020000E+00,+1.65020000E+00,+1.65020000E+00,+1.65020000E+00,+1.65020000E+00,+1.65020000E+00,+1.65020000E+00\u000a
p210
aV+1.65070000E+00,+1.65070000E+00,+1.65020000E+00,+1.65070000E+00,+1.65020000E+00,+1.65020000E+00,+1.65070000E+00,+1.64960000E+00,+1.65070000E+00,+1.64960000E+00\u000a
p211
aV+1.65020000E+00,+1.65070000E+00,+1.65070000E+00,+1.65020000E+00,+1.65070000E+00,+1.65070000E+00,+1.65020000E+00,+1.65020000E+00,+1.65020000E+00,+1.65020000E+00\u000a
p212
aV+1.65020000E+00,+1.65020000E+00,+1.65020000E+00,+1.65020000E+00,+1.65020000E+00,+1.65070000E+00,+1.65020000E+00,+1.65070000E+00,+1.65020000E+00,+1.65020000E+00\u000a
p213
aV+1.65020000E+00,+1.64960000E+00,+1.65070000E+00,+1.65020000E+00,+1.65020000E+00,+1.64960000E+00,+1.65020000E+00,+1.65020000E+00,+1.65020000E+00,+1.65020000E+00\u000a
p214
aV+1.64960000E+00,+1.64960000E+00,+1.65020000E+00,+1.65070000E+00,+1.65020000E+00,+1.65070000E+00,+1.65070000E+00,+1.65020000E+00,+1.64960000E+00,+1.65020000E+00\u000a
p215
aV+1.65020000E+00,+1.65020000E+00,+1.65020000E+00,+1.65070000E+00,+1.65070000E+00,+1.64960000E+00,+1.65020000E+00,+1.65020000E+00,+1.65020000E+00,+1.65070000E+00\u000a
p216
aV+1.65070000E+00,+1.65020000E+00,+1.65070000E+00,+1.65020000E+00,+1.65020000E+00,+1.65020000E+00,+1.65020000E+00,+1.65020000E+00,+1.64960000E+00,+1.65020000E+00\u000a
p217
aV+1.65020000E+00,+1.65020000E+00,+1.65020000E+00,+1.65020000E+00,+1.65070000E+00,+1.65020000E+00,+1.65020000E+00,+1.65070000E+00,+1.65020000E+00,+1.65020000E+00\u000a
p218
aV+1.65020000E+00,+1.65020000E+00,+1.65070000E+00,+1.65020000E+00,+1.65020000E+00,+1.65020000E+00,+1.65070000E+00,+1.65020000E+00,+1.64960000E+00,+1.65020000E+00\u000a
p219
aV+1.65020000E+00,+1.65020000E+00,+1.65020000E+00,+1.65020000E+00,+1.65020000E+00,+1.65070000E+00,+1.65020000E+00,+1.65070000E+00,+1.65070000E+00,+1.65020000E+00\u000a
p220
aV+1.65020000E+00,+1.65020000E+00,+1.65020000E+00,+1.65020000E+00,+1.65020000E+00,+1.65070000E+00,+1.65020000E+00,+1.65020000E+00,+1.65020000E+00,+1.65070000E+00\u000a
p221
aV+1.65020000E+00,+1.65070000E+00,+1.64960000E+00,+1.65020000E+00,+1.65020000E+00,+1.65020000E+00,+1.65020000E+00,+1.65020000E+00,+1.65020000E+00,+1.65020000E+00\u000a
p222
aV+1.65020000E+00,+1.64960000E+00,+1.65020000E+00,+1.65020000E+00,+1.65020000E+00,+1.65020000E+00,+1.65020000E+00,+1.65070000E+00,+1.65070000E+00,+1.65020000E+00\u000a
p223
aV+1.65020000E+00,+1.65020000E+00,+1.65020000E+00,+1.65020000E+00,+1.65020000E+00,+1.65020000E+00,+1.65070000E+00,+1.65020000E+00,+1.65020000E+00,+1.65020000E+00\u000a
p224
aV+1.65070000E+00,+1.65020000E+00,+1.65070000E+00,+1.65020000E+00,+1.65070000E+00,+1.65070000E+00,+1.65070000E+00,+1.65020000E+00,+1.65070000E+00,+1.65020000E+00\u000a
p225
aV+1.65020000E+00,+1.65070000E+00,+1.65020000E+00,+1.65020000E+00,+1.64960000E+00,+1.65020000E+00,+1.65020000E+00,+1.65070000E+00,+1.65070000E+00,+1.65070000E+00\u000a
p226
aV+1.64960000E+00,+1.65020000E+00,+1.64960000E+00,+1.65020000E+00,+1.65070000E+00,+1.65070000E+00,+1.65070000E+00,+1.65020000E+00,+1.65020000E+00,+1.65020000E+00\u000a
p227
aV+1.65070000E+00,+1.65020000E+00,+1.65020000E+00,+1.65020000E+00,+1.65020000E+00,+1.65070000E+00,+1.65020000E+00,+1.65070000E+00,+1.65020000E+00,+1.65070000E+00\u000a
p228
aV+1.65020000E+00,+1.65020000E+00,+1.65020000E+00,+1.65020000E+00,+1.65020000E+00,+1.65070000E+00,+1.65020000E+00,+1.65020000E+00,+1.65070000E+00,+1.65020000E+00\u000a
p229
aV+1.65020000E+00,+1.65020000E+00,+1.64960000E+00,+1.65070000E+00,+1.65020000E+00,+1.65070000E+00,+1.65020000E+00,+1.65020000E+00,+1.65020000E+00,+1.65020000E+00\u000a
p230
aV+1.65020000E+00,+1.65070000E+00,+1.65070000E+00,+1.65020000E+00,+1.64960000E+00,+1.65070000E+00,+1.65020000E+00,+1.65020000E+00,+1.65020000E+00,+1.65070000E+00\u000a
p231
aV+1.65070000E+00,+1.64960000E+00,+1.65070000E+00,+1.64960000E+00,+1.65070000E+00,+1.65020000E+00,+1.65070000E+00,+1.65020000E+00,+1.65070000E+00,+1.65020000E+00\u000a
p232
aV+1.65020000E+00,+1.65020000E+00,+1.65020000E+00,+1.65020000E+00,+1.65020000E+00,+1.65020000E+00,+1.65070000E+00,+1.65020000E+00,+1.65070000E+00,+1.65020000E+00\u000a
p233
aV+1.65070000E+00,+1.65020000E+00,+1.65020000E+00,+1.65020000E+00,+1.65020000E+00,+1.65020000E+00,+1.65020000E+00,+1.64960000E+00,+1.65020000E+00,+1.65020000E+00\u000a
p234
aV+1.65020000E+00,+1.65020000E+00,+1.65020000E+00,+1.65020000E+00,+1.65020000E+00,+1.65020000E+00,+1.65020000E+00,+1.65020000E+00,+1.65020000E+00,+1.64960000E+00\u000a
p235
aV+1.65020000E+00,+1.65020000E+00,+1.65020000E+00,+1.65020000E+00,+1.65020000E+00,+1.65070000E+00,+1.65020000E+00,+1.65020000E+00,+1.65070000E+00,+1.65020000E+00\u000a
p236
aV+1.65070000E+00,+1.65020000E+00,+1.65020000E+00,+1.65020000E+00,+1.65020000E+00,+1.65070000E+00,+1.65020000E+00,+1.65070000E+00,+1.65020000E+00,+1.65070000E+00\u000a
p237
aV+1.65020000E+00,+1.65020000E+00,+1.65020000E+00,+1.65070000E+00,+1.65070000E+00,+1.65020000E+00,+1.65020000E+00,+1.65120000E+00,+1.65070000E+00,+1.65020000E+00\u000a
p238
aV+1.65020000E+00,+1.65020000E+00,+1.65020000E+00,+1.64960000E+00,+1.65070000E+00,+1.65020000E+00,+1.65020000E+00,+1.65020000E+00,+1.65070000E+00,+1.65070000E+00\u000a
p239
aV+1.65020000E+00,+1.65020000E+00,+1.65020000E+00,+1.65020000E+00,+1.65070000E+00,+1.65020000E+00,+1.65020000E+00,+1.65070000E+00,+1.65020000E+00,+1.65020000E+00\u000a
p240
aV+1.65020000E+00,+1.65070000E+00,+1.65020000E+00,+1.65020000E+00,+1.65020000E+00,+1.65020000E+00,+1.65020000E+00,+1.65070000E+00,+1.65020000E+00,+1.65020000E+00\u000a
p241
aV+1.65020000E+00,+1.65020000E+00,+1.65020000E+00,+1.65070000E+00,+1.65070000E+00,+1.64960000E+00,+1.65070000E+00,+1.65020000E+00,+1.65070000E+00,+1.65020000E+00\u000a
p242
aV+1.65020000E+00,+1.65070000E+00,+1.65020000E+00,+1.65020000E+00,+1.65020000E+00,+1.65020000E+00,+1.65020000E+00,+1.65020000E+00,+1.65020000E+00,+1.65020000E+00\u000a
p243
aV+1.65020000E+00,+1.65020000E+00,+1.65020000E+00,+1.65020000E+00,+1.65020000E+00,+1.65070000E+00,+1.65020000E+00,+1.65020000E+00,+1.65070000E+00,+1.65020000E+00\u000a
p244
aV+1.65020000E+00,+1.65020000E+00,+1.65020000E+00,+1.65020000E+00,+1.65020000E+00,+1.65070000E+00,+1.65020000E+00,+1.65020000E+00,+1.65020000E+00,+1.65070000E+00\u000a
p245
aV+1.65070000E+00,+1.65020000E+00,+1.65020000E+00,+1.65020000E+00,+1.65070000E+00,+1.65070000E+00,+1.65020000E+00,+1.65070000E+00,+1.65070000E+00,+1.65020000E+00\u000a
p246
aV+1.65020000E+00,+1.65020000E+00,+1.65070000E+00,+1.65070000E+00,+1.65020000E+00,+1.65070000E+00,+1.65020000E+00,+1.65020000E+00,+1.65020000E+00,+1.65020000E+00\u000a
p247
aV+1.65020000E+00,+1.65070000E+00,+1.65020000E+00,+1.65020000E+00,+1.65020000E+00,+1.65020000E+00,+1.65020000E+00,+1.65020000E+00,+1.65020000E+00,+1.65020000E+00\u000a
p248
aV+1.65020000E+00,+1.65020000E+00,+1.65020000E+00,+1.65020000E+00,+1.65020000E+00,+1.65020000E+00,+1.65020000E+00,+1.65020000E+00,+1.65070000E+00,+1.65070000E+00\u000a
p249
aV+1.65020000E+00,+1.65070000E+00,+1.65020000E+00,+1.65020000E+00,+1.65020000E+00,+1.65020000E+00,+1.65070000E+00,+1.65020000E+00,+1.65020000E+00,+1.65020000E+00\u000a
p250
aV+1.65020000E+00,+1.65020000E+00,+1.65020000E+00,+1.65020000E+00,+1.65020000E+00,+1.65020000E+00,+1.65070000E+00,+1.65070000E+00,+1.65020000E+00,+1.65020000E+00\u000a
p251
aV+1.65020000E+00,+1.65020000E+00,+1.65020000E+00,+1.65020000E+00,+1.65070000E+00,+1.65020000E+00,+1.65020000E+00,+1.65020000E+00,+1.65020000E+00,+1.65070000E+00\u000a
p252
aV+1.65020000E+00,+1.65020000E+00,+1.65020000E+00,+1.65020000E+00,+1.64960000E+00,+1.65070000E+00,+1.65020000E+00,+1.65020000E+00,+1.65020000E+00,+1.65020000E+00\u000a
p253
aV+1.65020000E+00,+1.65020000E+00,+1.65020000E+00,+1.65020000E+00,+1.65020000E+00,+1.65020000E+00,+1.65020000E+00,+1.65070000E+00,+1.65020000E+00,+1.65020000E+00\u000a
p254
aV+1.65020000E+00,+1.64960000E+00,+1.65020000E+00,+1.65020000E+00,+1.65070000E+00,+1.65020000E+00,+1.65070000E+00,+1.65020000E+00,+1.65020000E+00,+1.65020000E+00\u000a
p255
aV+1.65020000E+00,+1.65020000E+00,+1.64960000E+00,+1.65070000E+00,+1.65020000E+00,+1.65020000E+00,+1.65020000E+00,+1.65020000E+00,+1.65020000E+00,+1.65020000E+00\u000a
p256
aV+1.65020000E+00,+1.65070000E+00,+1.65020000E+00,+1.65020000E+00,+1.65070000E+00,+1.65020000E+00,+1.65070000E+00,+1.65020000E+00,+1.65020000E+00,+1.65020000E+00\u000a
p257
aV+1.65070000E+00,+1.65020000E+00,+1.65070000E+00,+1.64960000E+00,+1.65020000E+00,+1.65020000E+00,+1.65020000E+00,+1.65020000E+00,+1.65020000E+00,+1.65020000E+00\u000a
p258
aV+1.65070000E+00,+1.65020000E+00,+1.65070000E+00,+1.65020000E+00,+1.65020000E+00,+1.65070000E+00,+1.65020000E+00,+1.65070000E+00,+1.65070000E+00,+1.65020000E+00\u000a
p259
aV+1.65070000E+00,+1.65020000E+00,+1.65020000E+00,+1.65070000E+00,+1.65020000E+00,+1.65020000E+00,+1.65020000E+00,+1.64960000E+00,+1.65070000E+00,+1.65020000E+00\u000a
p260
aV+1.65020000E+00,+1.65070000E+00,+1.64960000E+00,+1.65020000E+00,+1.65070000E+00,+1.65020000E+00,+1.65020000E+00,+1.65020000E+00,+1.65020000E+00,+1.65020000E+00\u000a
p261
aV+1.65070000E+00,+1.64960000E+00,+1.65070000E+00,+1.65020000E+00,+1.65020000E+00,+1.65020000E+00,+1.65020000E+00,+1.65020000E+00,+1.65020000E+00,+1.65070000E+00\u000a
p262
aV+1.65020000E+00,+1.65070000E+00,+1.65070000E+00,+1.65020000E+00,+1.65020000E+00,+1.65020000E+00,+1.65020000E+00,+1.65070000E+00,+1.65020000E+00,+1.64960000E+00\u000a
p263
aV+1.65020000E+00,+1.65070000E+00,+1.65070000E+00,+1.65020000E+00,+1.65020000E+00,+1.65020000E+00,+1.65020000E+00,+1.65020000E+00,+1.65070000E+00,+1.65020000E+00\u000a
p264
aV+1.65020000E+00,+1.65020000E+00,+1.65020000E+00,+1.65020000E+00,+1.65070000E+00,+1.65020000E+00,+1.65020000E+00,+1.65020000E+00,+1.65020000E+00,+1.65070000E+00\u000a
p265
aV+1.65020000E+00,+1.65020000E+00,+1.65020000E+00,+1.64960000E+00,+1.65070000E+00,+1.65020000E+00,+1.65020000E+00,+1.65020000E+00,+1.65020000E+00,+1.65020000E+00\u000a
p266
aV+1.64960000E+00,+1.65070000E+00,+1.65020000E+00,+1.65020000E+00,+1.65070000E+00,+1.65070000E+00,+1.65020000E+00,+1.65020000E+00,+1.65070000E+00,+1.65020000E+00\u000a
p267
aV+1.65020000E+00,+1.65070000E+00,+1.65020000E+00,+1.65070000E+00,+1.65070000E+00,+1.65070000E+00,+1.65020000E+00,+1.65020000E+00,+1.65070000E+00,+1.65020000E+00\u000a
p268
aV+1.65070000E+00,+1.65020000E+00,+1.65070000E+00,+1.65020000E+00,+1.65020000E+00,+1.65070000E+00,+1.65020000E+00,+1.65020000E+00,+1.65020000E+00,+1.65020000E+00\u000a
p269
aV+1.65070000E+00,+1.65070000E+00,+1.65070000E+00,+1.65070000E+00,+1.65020000E+00,+1.65020000E+00,+1.65020000E+00,+1.65020000E+00,+1.65020000E+00,+1.65070000E+00\u000a
p270
aV+1.65070000E+00,+1.64960000E+00,+1.65020000E+00,+1.65070000E+00,+1.65020000E+00,+1.65070000E+00,+1.65020000E+00,+1.65020000E+00,+1.65070000E+00,+1.65020000E+00\u000a
p271
aV+1.65020000E+00,+1.65020000E+00,+1.65070000E+00,+1.65020000E+00,+1.65020000E+00,+1.65020000E+00,+1.65020000E+00,+1.65020000E+00,+1.65070000E+00,+1.65070000E+00\u000a
p272
aV+1.65070000E+00,+1.65020000E+00,+1.65020000E+00,+1.65070000E+00,+1.65020000E+00,+1.65020000E+00,+1.65020000E+00,+1.65020000E+00,+1.65020000E+00,+1.65070000E+00\u000a
p273
aV+1.65020000E+00,+1.65020000E+00,+1.65070000E+00,+1.65070000E+00,+1.65070000E+00,+1.65020000E+00,+1.65070000E+00,+1.65020000E+00,+1.65070000E+00,+1.64960000E+00\u000a
p274
aV+1.65070000E+00,+1.65020000E+00,+1.65020000E+00,+1.65070000E+00,+1.64960000E+00,+1.65020000E+00,+1.65070000E+00,+1.65020000E+00,+1.65070000E+00,+1.65020000E+00\u000a
p275
aV+1.65020000E+00,+1.65070000E+00,+1.65020000E+00,+1.65020000E+00,+1.65020000E+00,+1.65020000E+00,+1.65020000E+00,+1.65020000E+00,+1.65020000E+00,+1.65020000E+00\u000a
p276
aV+1.65020000E+00,+1.65070000E+00,+1.65020000E+00,+1.65020000E+00,+1.65070000E+00,+1.65020000E+00,+1.65070000E+00,+1.65020000E+00,+1.65020000E+00,+1.65020000E+00\u000a
p277
aV+1.65020000E+00,+1.65070000E+00,+1.65020000E+00,+1.65020000E+00,+1.65020000E+00,+1.65020000E+00,+1.65020000E+00,+1.65020000E+00,+1.65070000E+00,+1.65020000E+00\u000a
p278
aV+1.65020000E+00,+1.65020000E+00,+1.65020000E+00,+1.65020000E+00,+1.65070000E+00,+1.65020000E+00,+1.65070000E+00,+1.65070000E+00,+1.64960000E+00,+1.65020000E+00\u000a
p279
aV+1.65020000E+00,+1.65070000E+00,+1.65020000E+00,+1.64960000E+00,+1.65020000E+00,+1.65020000E+00,+1.64960000E+00,+1.65020000E+00,+1.65020000E+00,+1.65020000E+00\u000a
p280
aV+1.65020000E+00,+1.65070000E+00,+1.64960000E+00,+1.65020000E+00,+1.65020000E+00,+1.65070000E+00,+1.65020000E+00,+1.65020000E+00,+1.65020000E+00,+1.65020000E+00\u000a
p281
aV+1.65020000E+00,+1.65020000E+00,+1.65070000E+00,+1.65070000E+00,+1.65070000E+00,+1.65070000E+00,+1.65070000E+00,+1.65020000E+00,+1.65020000E+00,+1.65020000E+00\u000a
p282
aV+1.65020000E+00,+1.65020000E+00,+1.65070000E+00,+1.65020000E+00,+1.65070000E+00,+1.65070000E+00,+1.65020000E+00,+1.65070000E+00,+1.64960000E+00,+1.65070000E+00\u000a
p283
aV+1.65020000E+00,+1.65020000E+00,+1.65020000E+00,+1.65020000E+00,+1.65020000E+00,+1.65070000E+00,+1.65020000E+00,+1.65020000E+00,+1.65020000E+00,+1.65070000E+00\u000a
p284
aV+1.64960000E+00,+1.65020000E+00,+1.65020000E+00,+1.65020000E+00,+1.64960000E+00,+1.65020000E+00,+1.65070000E+00,+1.65020000E+00,+1.65070000E+00,+1.65020000E+00\u000a
p285
aV+1.65070000E+00,+1.65020000E+00,+1.65020000E+00,+1.65020000E+00,+1.65020000E+00,+1.65070000E+00,+1.65020000E+00,+1.65070000E+00,+1.65020000E+00,+1.65020000E+00\u000a
p286
aV+1.65070000E+00,+1.65020000E+00,+1.64960000E+00,+1.65020000E+00,+1.65070000E+00,+1.65020000E+00,+1.65020000E+00,+1.65020000E+00,+1.65020000E+00,+1.65020000E+00\u000a
p287
aV+1.65020000E+00,+1.65070000E+00,+1.65020000E+00,+1.65020000E+00,+1.65020000E+00,+1.65070000E+00,+1.65020000E+00,+1.65020000E+00,+1.65070000E+00,+1.65020000E+00\u000a
p288
aV+1.65070000E+00,+1.65020000E+00,+1.65070000E+00,+1.65070000E+00,+1.65020000E+00,+1.65020000E+00,+1.65070000E+00,+1.65020000E+00,+1.65020000E+00,+1.65020000E+00\u000a
p289
aV+1.65020000E+00,+1.65070000E+00,+1.65020000E+00,+1.65070000E+00,+1.65020000E+00,+1.65020000E+00,+1.65020000E+00,+1.65070000E+00,+1.65020000E+00,+1.65020000E+00\u000a
p290
aV+1.65070000E+00,+1.65020000E+00,+1.65020000E+00,+1.65070000E+00,+1.65020000E+00,+1.65020000E+00,+1.65020000E+00,+1.65070000E+00,+1.65020000E+00,+1.65020000E+00\u000a
p291
aV+1.65070000E+00,+1.65020000E+00,+1.65020000E+00,+1.65020000E+00,+1.65070000E+00,+1.65020000E+00,+1.65070000E+00,+1.65020000E+00,+1.65070000E+00,+1.65020000E+00\u000a
p292
aV+1.65020000E+00,+1.65020000E+00,+1.65020000E+00,+1.65020000E+00,+1.65020000E+00,+1.65020000E+00,+1.65020000E+00,+1.65020000E+00,+1.65020000E+00,+1.65020000E+00\u000a
p293
aV+1.64960000E+00,+1.65020000E+00,+1.65020000E+00,+1.65020000E+00,+1.65020000E+00,+1.65020000E+00,+1.64960000E+00,+1.65020000E+00,+1.65020000E+00,+1.65020000E+00\u000a
p294
aV+1.65020000E+00,+1.65020000E+00,+1.65070000E+00,+1.65020000E+00,+1.65020000E+00,+1.65070000E+00,+1.65020000E+00,+1.65020000E+00,+1.65070000E+00,+1.65070000E+00\u000a
p295
aV+1.65020000E+00,+1.65020000E+00,+1.64960000E+00,+1.65020000E+00,+1.65070000E+00,+1.65020000E+00,+1.65020000E+00,+1.64960000E+00,+1.65020000E+00,+1.65020000E+00\u000a
p296
aV+1.65020000E+00,+1.65020000E+00,+1.65020000E+00,+1.65020000E+00,+1.65020000E+00,+1.65020000E+00,+1.65020000E+00,+1.65020000E+00,+1.65020000E+00,+1.65020000E+00\u000a
p297
aV+1.65020000E+00,+1.65070000E+00,+1.65070000E+00,+1.65020000E+00,+1.65020000E+00,+1.65020000E+00,+1.65020000E+00,+1.65070000E+00,+1.65020000E+00,+1.65020000E+00\u000a
p298
aV+1.65020000E+00,+1.65020000E+00,+1.65070000E+00,+1.64960000E+00,+1.65070000E+00,+1.65020000E+00,+1.65020000E+00,+1.65020000E+00,+1.65020000E+00,+1.65070000E+00\u000a
p299
aV+1.65070000E+00,+1.65070000E+00,+1.65020000E+00,+1.65070000E+00,+1.64960000E+00,+1.65070000E+00,+1.65020000E+00,+1.65020000E+00,+1.65020000E+00,+1.65020000E+00\u000a
p300
aV+1.65020000E+00,+1.65070000E+00,+1.65020000E+00,+1.65070000E+00,+1.65070000E+00,+1.65070000E+00,+1.65020000E+00,+1.65020000E+00,+1.65020000E+00,+1.65020000E+00\u000a
p301
aV+1.65070000E+00,+1.65020000E+00,+1.65070000E+00,+1.65020000E+00,+1.65070000E+00,+1.65020000E+00,+1.65070000E+00,+1.65020000E+00,+1.65070000E+00,+1.65020000E+00\u000a
p302
aV+1.65070000E+00,+1.65070000E+00,+1.65020000E+00,+1.65020000E+00,+1.65020000E+00,+1.65020000E+00,+1.65020000E+00,+1.65070000E+00,+1.65020000E+00,+1.65020000E+00\u000a
p303
aV+1.65070000E+00,+1.65020000E+00,+1.65020000E+00,+1.65070000E+00,+1.65020000E+00,+1.65020000E+00,+1.65020000E+00,+1.65020000E+00,+1.65070000E+00,+1.65020000E+00\u000a
p304
aV+1.65070000E+00,+1.65020000E+00,+1.65020000E+00,+1.65020000E+00,+1.65070000E+00,+1.65020000E+00,+1.65020000E+00,+1.65020000E+00,+1.65070000E+00,+1.65020000E+00\u000a
p305
aV+1.64960000E+00,+1.65020000E+00,+1.65020000E+00,+1.65020000E+00,+1.65020000E+00,+1.65020000E+00,+1.64960000E+00,+1.65020000E+00,+1.65020000E+00,+1.65020000E+00\u000a
p306
aV+1.65020000E+00,+1.65020000E+00,+1.65070000E+00,+1.65020000E+00,+1.65020000E+00,+1.64960000E+00,+1.65070000E+00,+1.64960000E+00,+1.65020000E+00,+1.65070000E+00\u000a
p307
aV+1.65020000E+00,+1.64960000E+00,+1.65020000E+00,+1.65020000E+00,+1.65020000E+00,+1.65020000E+00,+1.65020000E+00,+1.65020000E+00,+1.65020000E+00,+1.65020000E+00\u000a
p308
aV+1.65070000E+00,+1.65070000E+00,+1.65020000E+00,+1.65020000E+00,+1.65020000E+00,+1.65020000E+00,+1.65020000E+00,+1.65020000E+00,+1.65020000E+00,+1.65070000E+00\u000a
p309
aV+1.65020000E+00,+1.65020000E+00,+1.65070000E+00,+1.65020000E+00,+1.65020000E+00,+1.65070000E+00,+1.64960000E+00,+1.65070000E+00,+1.65070000E+00,+1.64960000E+00\u000a
p310
aV+1.65070000E+00,+1.65020000E+00,+1.65070000E+00,+1.65020000E+00,+1.65020000E+00,+1.65020000E+00,+1.65070000E+00,+1.65020000E+00,+1.65020000E+00,+1.65070000E+00\u000a
p311
aV+1.65020000E+00,+1.65070000E+00,+1.65020000E+00,+1.65020000E+00,+1.65020000E+00,+1.65020000E+00,+1.65020000E+00,+1.65020000E+00,+1.65020000E+00,+1.65070000E+00\u000a
p312
aV+1.65020000E+00,+1.65020000E+00,+1.65020000E+00,+1.65070000E+00,+1.65020000E+00,+1.65020000E+00,+1.65020000E+00,+1.65020000E+00,+1.65020000E+00,+1.65020000E+00\u000a
p313
aV+1.65020000E+00,+1.65070000E+00,+1.65020000E+00,+1.65070000E+00,+1.65020000E+00,+1.65020000E+00,+1.65020000E+00,+1.65020000E+00,+1.65020000E+00,+1.65070000E+00\u000a
p314
aV+1.65020000E+00,+1.65020000E+00,+1.65020000E+00,+1.65020000E+00,+1.65020000E+00,+1.65020000E+00,+1.65020000E+00,+1.65070000E+00,+1.65020000E+00,+1.65020000E+00\u000a
p315
aV+1.65020000E+00,+1.65020000E+00,+1.65020000E+00,+1.65020000E+00,+1.64960000E+00,+1.65070000E+00,+1.65070000E+00,+1.65020000E+00,+1.65070000E+00,+1.65020000E+00\u000a
p316
aV+1.65020000E+00,+1.65020000E+00,+1.65020000E+00,+1.65020000E+00,+1.65070000E+00,+1.65070000E+00,+1.65020000E+00,+1.65020000E+00,+1.65020000E+00,+1.65020000E+00\u000a
p317
aV+1.65020000E+00,+1.65020000E+00,+1.65070000E+00,+1.65020000E+00,+1.65020000E+00,+1.65070000E+00,+1.65020000E+00,+1.65070000E+00,+1.65020000E+00,+1.65070000E+00\u000a
p318
aV+1.65020000E+00,+1.65020000E+00,+1.65020000E+00,+1.65020000E+00,+1.65070000E+00,+1.65020000E+00,+1.65020000E+00,+1.65020000E+00,+1.65020000E+00,+1.65070000E+00\u000a
p319
aV+1.65070000E+00,+1.65070000E+00,+1.65070000E+00,+1.65070000E+00,+1.65020000E+00,+1.65020000E+00,+1.65020000E+00,+1.65070000E+00,+1.65020000E+00,+1.65020000E+00\u000a
p320
aV+1.65020000E+00,+1.65070000E+00,+1.65020000E+00,+1.65020000E+00,+1.65020000E+00,+1.65070000E+00,+1.65070000E+00,+1.65070000E+00,+1.65020000E+00,+1.65070000E+00\u000a
p321
aV+1.65020000E+00,+1.65020000E+00,+1.65020000E+00,+1.65070000E+00,+1.65020000E+00,+1.65020000E+00,+1.65070000E+00,+1.65070000E+00,+1.65020000E+00,+1.65070000E+00\u000a
p322
aV+1.65020000E+00,+1.65020000E+00,+1.65020000E+00,+1.65020000E+00,+1.65020000E+00,+1.65020000E+00,+1.65020000E+00,+1.65020000E+00,+1.65070000E+00,+1.65020000E+00\u000a
p323
aV+1.64960000E+00,+1.65070000E+00,+1.65020000E+00,+1.65070000E+00,+1.65020000E+00,+1.65020000E+00,+1.65070000E+00,+1.65020000E+00,+1.65070000E+00,+1.65020000E+00\u000a
p324
aV+1.65020000E+00,+1.65070000E+00,+1.65020000E+00,+1.65070000E+00,+1.65070000E+00,+1.65070000E+00,+1.65070000E+00,+1.65020000E+00,+1.65020000E+00,+1.65020000E+00\u000a
p325
aV+1.65020000E+00,+1.65070000E+00,+1.65020000E+00,+1.65070000E+00,+1.65020000E+00,+1.65070000E+00,+1.65020000E+00,+1.65020000E+00,+1.65070000E+00,+1.65020000E+00\u000a
p326
aV+1.65070000E+00,+1.65020000E+00,+1.65070000E+00,+1.65020000E+00,+1.65070000E+00,+1.65020000E+00,+1.65070000E+00,+1.65070000E+00,+1.65020000E+00,+1.65020000E+00\u000a
p327
aV+1.65020000E+00,+1.65020000E+00,+1.65020000E+00,+1.65070000E+00,+1.65020000E+00,+1.65070000E+00,+1.65020000E+00,+1.65020000E+00,+1.65020000E+00,+1.64960000E+00\u000a
p328
aV+1.65020000E+00,+1.65020000E+00,+1.65020000E+00,+1.65070000E+00,+1.65020000E+00,+1.65020000E+00,+1.65020000E+00,+1.65020000E+00,+1.65020000E+00,+1.65070000E+00\u000a
p329
aV+1.65020000E+00,+1.65070000E+00,+1.65070000E+00,+1.65020000E+00,+1.65020000E+00,+1.65020000E+00,+1.65020000E+00,+1.65070000E+00,+1.65070000E+00,+1.65020000E+00\u000a
p330
a.