(lp0
V+3.22000000E-08,-3.22000000E-08,-2.62000000E-08,-1.21000000E-08,-8.85000000E-08,-1.61000000E-08,-4.63000000E-08,+1.01000000E-08,+1.41000000E-08,+2.41000000E-08\u000a
p1
aV-3.62000000E-08,-2.21000000E-08,+2.01000000E-08,-1.61000000E-08,+6.00000000E-09,+3.42000000E-08,+5.03000000E-08,-2.62000000E-08,-2.82000000E-08,+4.63000000E-08\u000a
p2
aV-6.64000000E-08,-2.01000000E-08,+5.43000000E-08,+3.42000000E-08,+4.00000000E-09,+2.82000000E-08,-2.41000000E-08,+3.02000000E-08,+4.83000000E-08,-2.00000000E-09\u000a
p3
aV+1.41000000E-08,+7.04000000E-08,+6.00000000E-09,+8.25000000E-08,+4.02000000E-08,+8.05000000E-08,+4.22000000E-08,+6.04000000E-08,+8.05000000E-08,+3.02000000E-08\u000a
p4
aV+9.05000000E-08,+1.69000000E-07,+1.54900000E-07,+1.71000000E-07,+2.17300000E-07,+1.71000000E-07,+1.40800000E-07,+1.30800000E-07,+1.60900000E-07,+1.73000000E-07\u000a
p5
aV+4.42600000E-07,+4.08400000E-07,+3.48100000E-07,+4.18500000E-07,+4.22500000E-07,+3.94300000E-07,+4.06400000E-07,+3.94300000E-07,+4.02400000E-07,+3.98300000E-07\u000a
p6
aV+1.14680000E-06,+1.12660000E-06,+1.12660000E-06,+1.15880000E-06,+1.20110000E-06,+1.17890000E-06,+1.06020000E-06,+1.19910000E-06,+1.05220000E-06,+1.15280000E-06\u000a
p7
aV+3.03590000E-06,+3.22500000E-06,+3.19480000E-06,+3.21290000E-06,+3.21900000E-06,+3.19480000E-06,+3.16670000E-06,+3.14860000E-06,+3.20690000E-06,+3.24920000E-06\u000a
p8
aV+9.07950000E-06,+9.10160000E-06,+9.11370000E-06,+9.12180000E-06,+9.03730000E-06,+9.15400000E-06,+9.14990000E-06,+9.07550000E-06,+9.08960000E-06,+9.05740000E-06\u000a
p9
aV+2.74176000E-05,+2.74518000E-05,+2.73049000E-05,+2.74337000E-05,+2.74840000E-05,+2.74116000E-05,+2.74257000E-05,+2.74015000E-05,+2.74418000E-05,+2.74176000E-05\u000a
p10
aV+7.57807000E-05,+7.56761000E-05,+7.58793000E-05,+7.59839000E-05,+7.61026000E-05,+7.61086000E-05,+7.61308000E-05,+7.62233000E-05,+7.63380000E-05,+7.63078000E-05\u000a
p11
aV+2.01771300E-04,+2.01980600E-04,+2.02047000E-04,+2.02030900E-04,+2.02099300E-04,+2.02256200E-04,+2.02264300E-04,+2.02336700E-04,+2.02409100E-04,+2.02513700E-04\u000a
p12
aV+5.07298700E-04,+5.07528000E-04,+5.07668900E-04,+5.07932400E-04,+5.07851900E-04,+5.07930400E-04,+5.07862000E-04,+5.07974700E-04,+5.07761400E-04,+5.07636700E-04\u000a
p13
aV+1.08360660E-03,+1.08380380E-03,+1.08419010E-03,+1.08447580E-03,+1.08429270E-03,+1.08439330E-03,+1.08476140E-03,+1.08477150E-03,+1.08498880E-03,+1.08533280E-03\u000a
p14
aV+2.03222610E-03,+2.03280150E-03,+2.03370280E-03,+2.03421180E-03,+2.03448540E-03,+2.03493410E-03,+2.03535250E-03,+2.03549740E-03,+2.03597220E-03,+2.03604060E-03\u000a
p15
aV+3.36535330E-03,+3.36668920E-03,+3.36781580E-03,+3.36867490E-03,+3.36987200E-03,+3.37110320E-03,+3.37169470E-03,+3.37227610E-03,+3.37316940E-03,+3.37306680E-03\u000a
p16
aV+4.91467180E-03,+4.91632760E-03,+4.91743610E-03,+4.91896710E-03,+4.91943790E-03,+4.91983820E-03,+4.92081600E-03,+4.92046590E-03,+4.92066710E-03,+4.91783640E-03\u000a
p17
aV+6.62366510E-03,+6.62530880E-03,+6.62849150E-03,+6.63001850E-03,+6.63269030E-03,+6.63491940E-03,+6.63562560E-03,+6.63729540E-03,+6.63862520E-03,+6.64058880E-03\u000a
p18
aV+8.58818320E-03,+8.59149270E-03,+8.59312230E-03,+8.59571560E-03,+8.59809360E-03,+8.60026470E-03,+8.60231280E-03,+8.60401480E-03,+8.60563240E-03,+8.60731030E-03\u000a
p19
aV+1.05770550E-02,+1.05802480E-02,+1.05827060E-02,+1.05852570E-02,+1.05870500E-02,+1.05893330E-02,+1.05906300E-02,+1.05897620E-02,+1.05896350E-02,+1.05907300E-02\u000a
p20
aV+1.26908200E-02,+1.26937190E-02,+1.26966770E-02,+1.26994950E-02,+1.27016080E-02,+1.27007830E-02,+1.26991330E-02,+1.26989110E-02,+1.27005410E-02,+1.27027350E-02\u000a
p21
aV+1.49145200E-02,+1.49184850E-02,+1.49210810E-02,+1.49246840E-02,+1.49278840E-02,+1.49303190E-02,+1.49330960E-02,+1.49359140E-02,+1.49386310E-02,+1.49411270E-02\u000a
p22
aV+1.70646170E-02,+1.70677170E-02,+1.70709170E-02,+1.70740360E-02,+1.70767530E-02,+1.70797320E-02,+1.70822680E-02,+1.70853680E-02,+1.70884070E-02,+1.70908220E-02\u000a
p23
aV+1.93578730E-02,+1.93620190E-02,+1.93657630E-02,+1.93697280E-02,+1.93729680E-02,+1.93751620E-02,+1.93778380E-02,+1.93807970E-02,+1.93836150E-02,+1.93861910E-02\u000a
p24
aV+2.17321580E-02,+2.17363640E-02,+2.17374110E-02,+2.17389800E-02,+2.17423820E-02,+2.17434480E-02,+2.17452600E-02,+2.17492650E-02,+2.17528880E-02,+2.17558460E-02\u000a
p25
aV+2.40234020E-02,+2.40283730E-02,+2.40325790E-02,+2.40375910E-02,+2.40425820E-02,+2.40465670E-02,+2.40506930E-02,+2.40553830E-02,+2.40596490E-02,+2.40634930E-02\u000a
p26
aV+2.64201700E-02,+2.64242760E-02,+2.64279590E-02,+2.64301930E-02,+2.64298510E-02,+2.64323270E-02,+2.64362920E-02,+2.64400550E-02,+2.64430740E-02,+2.64477840E-02\u000a
p27
aV+2.64556130E-02,+2.64573030E-02,+2.64593160E-02,+2.64607250E-02,+2.64622950E-02,+2.64624150E-02,+2.64659580E-02,+2.64683330E-02,+2.64705670E-02,+2.64722980E-02\u000a
p28
aV+3.09597700E-02,+3.09672160E-02,+3.09727710E-02,+3.09773800E-02,+3.09808020E-02,+3.09848670E-02,+3.09886310E-02,+3.09929580E-02,+3.09977480E-02,+3.10025180E-02\u000a
p29
aV+3.34601470E-02,+3.34653200E-02,+3.34683590E-02,+3.34717600E-02,+3.34752620E-02,+3.34782410E-02,+3.34815220E-02,+3.34830110E-02,+3.34834740E-02,+3.34833530E-02\u000a
p30
aV+3.58959620E-02,+3.59000070E-02,+3.59036100E-02,+3.59089230E-02,+3.59125460E-02,+3.59140350E-02,+3.59155650E-02,+3.59168730E-02,+3.59167930E-02,+3.59179000E-02\u000a
p31
aV+3.84097420E-02,+3.84142900E-02,+3.84150150E-02,+3.84157800E-02,+3.84168260E-02,+3.84177320E-02,+3.84201070E-02,+3.84237900E-02,+3.84266680E-02,+3.84268490E-02\u000a
p32
aV+4.07961850E-02,+4.08022020E-02,+4.08083010E-02,+4.08144190E-02,+4.08203970E-02,+4.08268370E-02,+4.08314860E-02,+4.08354710E-02,+4.08381080E-02,+4.08405230E-02\u000a
p33
aV+4.33095270E-02,+4.33143770E-02,+4.33177780E-02,+4.33204150E-02,+4.33248030E-02,+4.33278820E-02,+4.33296330E-02,+4.33321290E-02,+4.33336380E-02,+4.33336980E-02\u000a
p34
aV+4.58096010E-02,+4.58146130E-02,+4.58186380E-02,+4.58236500E-02,+4.58274130E-02,+4.58313780E-02,+4.58339540E-02,+4.58368320E-02,+4.58388450E-02,+4.58409180E-02\u000a
p35
aV+4.82399240E-02,+4.82448340E-02,+4.82477730E-02,+4.82500870E-02,+4.82532270E-02,+4.82562860E-02,+4.82599890E-02,+4.82630890E-02,+4.82664700E-02,+4.82686240E-02\u000a
p36
aV+5.07533230E-02,+5.07585360E-02,+5.07612330E-02,+5.07643920E-02,+5.07659620E-02,+5.07651570E-02,+5.07640500E-02,+5.07628830E-02,+5.07621990E-02,+5.07650570E-02\u000a
p37
aV+5.33150460E-02,+5.33187890E-02,+5.33204800E-02,+5.33215260E-02,+5.33230760E-02,+5.33249480E-02,+5.33267390E-02,+5.33266180E-02,+5.33246060E-02,+5.33232370E-02\u000a
p38
aV+5.57384050E-02,+5.57409810E-02,+5.57417060E-02,+5.57428930E-02,+5.57435370E-02,+5.57459930E-02,+5.57485690E-02,+5.57516480E-02,+5.57541840E-02,+5.57557740E-02\u000a
p39
aV+5.84692890E-02,+5.84761930E-02,+5.84828340E-02,+5.84876240E-02,+5.84919920E-02,+5.84978690E-02,+5.85042890E-02,+5.85099240E-02,+5.85157010E-02,+5.85201490E-02\u000a
p40
aV+6.11068930E-02,+6.11146420E-02,+6.11199550E-02,+6.11255910E-02,+6.11305820E-02,+6.11345670E-02,+6.11381490E-02,+6.11419530E-02,+6.11439660E-02,+6.11451940E-02\u000a
p41
aV+6.35659100E-02,+6.35733570E-02,+6.35796770E-02,+6.35828570E-02,+6.35848290E-02,+6.35878480E-02,+6.35905650E-02,+6.35923770E-02,+6.35948920E-02,+6.35983140E-02\u000a
p42
aV+6.61396330E-02,+6.61452290E-02,+6.61503000E-02,+6.61557350E-02,+6.61606650E-02,+6.61637650E-02,+6.61664220E-02,+6.61704870E-02,+6.61753780E-02,+6.61775720E-02\u000a
p43
aV+6.87326740E-02,+6.87419320E-02,+6.87481710E-02,+6.87529010E-02,+6.87583550E-02,+6.87630640E-02,+6.87684180E-02,+6.87747380E-02,+6.87799500E-02,+6.87847610E-02\u000a
p44
aV+7.12305760E-02,+7.12368550E-02,+7.12415650E-02,+7.12451470E-02,+7.12470800E-02,+7.12493740E-02,+7.12516280E-02,+7.12542650E-02,+7.12578070E-02,+7.12609470E-02\u000a
p45
aV+7.37539430E-02,+7.37564180E-02,+7.37580490E-02,+7.37585120E-02,+7.37589540E-02,+7.37586520E-02,+7.37567610E-02,+7.37546880E-02,+7.37522520E-02,+7.37478040E-02\u000a
p46
aV+7.63062260E-02,+7.63125860E-02,+7.63157660E-02,+7.63168730E-02,+7.63173760E-02,+7.63163900E-02,+7.63161490E-02,+7.63177790E-02,+7.63196310E-02,+7.63195900E-02\u000a
p47
aV+7.87685500E-02,+7.87704620E-02,+7.87719110E-02,+7.87756950E-02,+7.87815120E-02,+7.87868650E-02,+7.87898040E-02,+7.87915550E-02,+7.87936880E-02,+7.87965060E-02\u000a
p48
aV+8.13488300E-02,+8.13527950E-02,+8.13574240E-02,+8.13627980E-02,+8.13675280E-02,+8.13710100E-02,+8.13739680E-02,+8.13775100E-02,+8.13803680E-02,+8.13833270E-02\u000a
p49
aV+8.39692660E-02,+8.39729290E-02,+8.39756460E-02,+8.39779200E-02,+8.39746590E-02,+8.39648780E-02,+8.39548350E-02,+8.39468850E-02,+8.39447320E-02,+8.39460000E-02\u000a
p50
aV+8.63796610E-02,+8.63856580E-02,+8.63876310E-02,+8.63924610E-02,+8.63984380E-02,+8.64043560E-02,+8.64152240E-02,+8.64186250E-02,+8.64220060E-02,+8.64252670E-02\u000a
p51
aV+8.87723840E-02,+8.87771340E-02,+8.87818430E-02,+8.87856870E-02,+8.87884850E-02,+8.87878410E-02,+8.87826080E-02,+8.87761880E-02,+8.87655010E-02,+8.87583960E-02\u000a
p52
aV+9.12913810E-02,+9.12889260E-02,+9.12860880E-02,+9.12763270E-02,+9.12762870E-02,+9.12839550E-02,+9.12917440E-02,+9.12950440E-02,+9.12960910E-02,+9.12967750E-02\u000a
p53
aV+9.37472610E-02,+9.37525940E-02,+9.37505210E-02,+9.37494550E-02,+9.37518700E-02,+9.37580280E-02,+9.37638250E-02,+9.37702450E-02,+9.37776920E-02,+9.37844140E-02\u000a
p54
aV+9.64113290E-02,+9.64195000E-02,+9.64266850E-02,+9.64310530E-02,+9.64371510E-02,+9.64415990E-02,+9.64430480E-02,+9.64439130E-02,+9.64459060E-02,+9.64458250E-02\u000a
p55
aV+9.90073100E-02,+9.90138720E-02,+9.90207350E-02,+9.90270540E-02,+9.90292480E-02,+9.90310800E-02,+9.90383050E-02,+9.90416460E-02,+9.90407810E-02,+9.90363120E-02\u000a
p56
aV+1.01437020E-01,+1.01443240E-01,+1.01447770E-01,+1.01452540E-01,+1.01458130E-01,+1.01462260E-01,+1.01466080E-01,+1.01468010E-01,+1.01471780E-01,+1.01477190E-01\u000a
p57
aV+1.04098590E-01,+1.04090910E-01,+1.04088270E-01,+1.04088370E-01,+1.04093930E-01,+1.04096180E-01,+1.04092300E-01,+1.04088550E-01,+1.04092940E-01,+1.04098510E-01\u000a
p58
aV+1.04110210E-01,+1.04109990E-01,+1.04112380E-01,+1.04115280E-01,+1.04115860E-01,+1.04120670E-01,+1.04124960E-01,+1.04126830E-01,+1.04122160E-01,+1.04113290E-01\u000a
p59
aV+1.09266600E-01,+1.09274630E-01,+1.09282520E-01,+1.09290510E-01,+1.09298870E-01,+1.09304800E-01,+1.09310380E-01,+1.09312510E-01,+1.09288720E-01,+1.09258940E-01\u000a
p60
aV+1.11666810E-01,+1.11668260E-01,+1.11676230E-01,+1.11683280E-01,+1.11693480E-01,+1.11701950E-01,+1.11710670E-01,+1.11716970E-01,+1.11722500E-01,+1.11727800E-01\u000a
p61
aV+1.14158280E-01,+1.14168120E-01,+1.14177720E-01,+1.14185060E-01,+1.14193230E-01,+1.14203080E-01,+1.14210930E-01,+1.14215190E-01,+1.14212640E-01,+1.14219000E-01\u000a
p62
aV+1.16611020E-01,+1.16613130E-01,+1.16684600E-01,+1.16714250E-01,+1.16734960E-01,+1.16748220E-01,+1.16760920E-01,+1.16769030E-01,+1.16775810E-01,+1.16783620E-01\u000a
p63
aV+1.19257390E-01,+1.19263030E-01,+1.19265260E-01,+1.19270760E-01,+1.19275910E-01,+1.19281380E-01,+1.19286420E-01,+1.19292250E-01,+1.19295010E-01,+1.19296220E-01\u000a
p64
aV+1.63592090E-01,+1.63683290E-01,+1.63746180E-01,+1.63801040E-01,+1.63851270E-01,+1.63895120E-01,+1.63935260E-01,+1.63973960E-01,+1.64010400E-01,+1.64041380E-01\u000a
p65
aV+1.67728030E-01,+1.67804520E-01,+1.67843120E-01,+1.67876260E-01,+1.67893650E-01,+1.67919590E-01,+1.67947380E-01,+1.67969210E-01,+1.67984030E-01,+1.68005850E-01\u000a
p66
aV+1.71398530E-01,+1.71419630E-01,+1.71443920E-01,+1.71461110E-01,+1.71470790E-01,+1.71484170E-01,+1.71492300E-01,+1.71506500E-01,+1.71527300E-01,+1.71537790E-01\u000a
p67
aV+1.75088990E-01,+1.75105970E-01,+1.75111120E-01,+1.75126450E-01,+1.75129540E-01,+1.75133350E-01,+1.75136440E-01,+1.75137880E-01,+1.75136130E-01,+1.75128310E-01\u000a
p68
aV+1.78615920E-01,+1.78619010E-01,+1.78626730E-01,+1.78630740E-01,+1.78645980E-01,+1.78662550E-01,+1.78676440E-01,+1.78693220E-01,+1.78710410E-01,+1.78725640E-01\u000a
p69
aV+1.82125020E-01,+1.82149000E-01,+1.82169690E-01,+1.82173190E-01,+1.82186980E-01,+1.82187290E-01,+1.82189960E-01,+1.82198300E-01,+1.82207670E-01,+1.82209210E-01\u000a
p70
aV+1.85725310E-01,+1.85744970E-01,+1.85754540E-01,+1.85757320E-01,+1.85761440E-01,+1.85765140E-01,+1.85763600E-01,+1.85769570E-01,+1.85775430E-01,+1.85770290E-01\u000a
p71
aV+1.89363380E-01,+1.89371720E-01,+1.89381400E-01,+1.89383460E-01,+1.89390450E-01,+1.89389120E-01,+1.89379650E-01,+1.89389940E-01,+1.89376250E-01,+1.89358550E-01\u000a
p72
aV+1.92673620E-01,+1.92678660E-01,+1.92676910E-01,+1.92675680E-01,+1.92682370E-01,+1.92686690E-01,+1.92684120E-01,+1.92679690E-01,+1.92675680E-01,+1.92668270E-01\u000a
p73
aV+1.95849840E-01,+1.95857970E-01,+1.95861780E-01,+1.95864040E-01,+1.95876290E-01,+1.95874850E-01,+1.95878970E-01,+1.95891010E-01,+1.95890800E-01,+1.95889770E-01\u000a
p74
aV+1.99386340E-01,+1.99403530E-01,+1.99412800E-01,+1.99421340E-01,+1.99411870E-01,+1.99398380E-01,+1.99380370E-01,+1.99374510E-01,+1.99379340E-01,+1.99381300E-01\u000a
p75
aV+2.02730440E-01,+2.02747420E-01,+2.02759470E-01,+2.02766470E-01,+2.02783140E-01,+2.02782210E-01,+2.02783450E-01,+2.02785510E-01,+2.02787360E-01,+2.02804040E-01\u000a
p76
aV+2.06382090E-01,+2.06384150E-01,+2.06393210E-01,+2.06391150E-01,+2.06396810E-01,+2.06406800E-01,+2.06396200E-01,+2.06404740E-01,+2.06416990E-01,+2.06431190E-01\u000a
p77
aV+2.09949770E-01,+2.09948220E-01,+2.09948330E-01,+2.09948430E-01,+2.09944110E-01,+2.09948530E-01,+2.09957490E-01,+2.09962940E-01,+2.09971480E-01,+2.09975710E-01\u000a
p78
aV+2.13391650E-01,+2.13408740E-01,+2.13433640E-01,+2.13418930E-01,+2.13406370E-01,+2.13393090E-01,+2.13394320E-01,+2.13392160E-01,+2.13389080E-01,+2.13386610E-01\u000a
p79
aV+2.16922980E-01,+2.16955300E-01,+2.16971660E-01,+2.16988650E-01,+2.17001200E-01,+2.17018600E-01,+2.17037540E-01,+2.17046490E-01,+2.17057090E-01,+2.17068010E-01\u000a
p80
aV+2.20560360E-01,+2.20567570E-01,+2.20567360E-01,+2.20562220E-01,+2.20565000E-01,+2.20570040E-01,+2.20566230E-01,+2.20568910E-01,+2.20569420E-01,+2.20581880E-01\u000a
p81
aV+2.23952740E-01,+2.23972500E-01,+2.23994420E-01,+2.24010690E-01,+2.24019230E-01,+2.24028390E-01,+2.24038890E-01,+2.24048260E-01,+2.24048770E-01,+2.24054020E-01\u000a
p82
aV+2.27659870E-01,+2.27686730E-01,+2.27695170E-01,+2.27704950E-01,+2.27710510E-01,+2.27720390E-01,+2.27723690E-01,+2.27725740E-01,+2.27730070E-01,+2.27737990E-01\u000a
p83
aV+2.31237730E-01,+2.31250190E-01,+2.31256160E-01,+2.31262540E-01,+2.31267990E-01,+2.31271490E-01,+2.31268710E-01,+2.31261410E-01,+2.31260680E-01,+2.31258420E-01\u000a
p84
aV+2.34636690E-01,+2.34642560E-01,+2.34639990E-01,+2.34632370E-01,+2.34632270E-01,+2.34633400E-01,+2.34625780E-01,+2.34620840E-01,+2.34624550E-01,+2.34620530E-01\u000a
p85
aV+2.38585710E-01,+2.38589000E-01,+2.38587770E-01,+2.38587360E-01,+2.38592500E-01,+2.38590960E-01,+2.38587560E-01,+2.38580050E-01,+2.38585090E-01,+2.38575620E-01\u000a
p86
aV+2.41974290E-01,+2.41970900E-01,+2.41951960E-01,+2.41948460E-01,+2.41935700E-01,+2.41927670E-01,+2.41918820E-01,+2.41918920E-01,+2.41905640E-01,+2.41901930E-01\u000a
p87
aV+2.45262190E-01,+2.45274030E-01,+2.45274440E-01,+2.45278150E-01,+2.45282370E-01,+2.45280410E-01,+2.45287000E-01,+2.45287510E-01,+2.45287620E-01,+2.45294410E-01\u000a
p88
aV+2.48890690E-01,+2.48895110E-01,+2.48896970E-01,+2.48900670E-01,+2.48913130E-01,+2.48911790E-01,+2.48916010E-01,+2.48915290E-01,+2.48914880E-01,+2.48897580E-01\u000a
p89
aV+2.52312220E-01,+2.52325290E-01,+2.52340110E-01,+2.52338570E-01,+2.52349790E-01,+2.52350720E-01,+2.52352980E-01,+2.52359670E-01,+2.52364510E-01,+2.52370580E-01\u000a
p90
aV+2.55875350E-01,+2.55886570E-01,+2.55891920E-01,+2.55895840E-01,+2.55900260E-01,+2.55895530E-01,+2.55886880E-01,+2.55887400E-01,+2.55884930E-01,+2.55886160E-01\u000a
p91
aV+2.51879600E-01,+2.54814970E-01,+2.55445100E-01,+2.57978320E-01,+2.58937010E-01,+2.58935880E-01,+2.58926720E-01,+2.58901500E-01,+2.58891520E-01,+2.58868250E-01\u000a
p92
aV+2.62277530E-01,+2.62285250E-01,+2.62276500E-01,+2.62275670E-01,+2.62263840E-01,+2.62270320E-01,+2.62263430E-01,+2.62293170E-01,+2.62328890E-01,+2.62327960E-01\u000a
p93
aV+2.62365430E-01,+2.62385400E-01,+2.62393430E-01,+2.62406190E-01,+2.62414220E-01,+2.62417410E-01,+2.62430580E-01,+2.62442210E-01,+2.62448290E-01,+2.62452510E-01\u000a
p94
aV+2.69404820E-01,+2.69419340E-01,+2.69433540E-01,+2.69462670E-01,+2.69795030E-01,+2.69814280E-01,+2.69822000E-01,+2.69829200E-01,+2.69843310E-01,+2.69857200E-01\u000a
p95
aV+2.73358710E-01,+2.73378880E-01,+2.73393400E-01,+2.73400190E-01,+2.73395560E-01,+2.73390720E-01,+2.73402660E-01,+2.73387220E-01,+2.73382800E-01,+2.73374460E-01\u000a
p96
aV+2.76474510E-01,+2.76464320E-01,+2.76460410E-01,+2.76459790E-01,+2.76448060E-01,+2.76435910E-01,+2.76422740E-01,+2.76405240E-01,+2.76395050E-01,+2.76378270E-01\u000a
p97
aV+2.79738940E-01,+2.79741100E-01,+2.79732560E-01,+2.79722680E-01,+2.79717530E-01,+2.79705690E-01,+2.79687780E-01,+2.79668840E-01,+2.79669260E-01,+2.79659580E-01\u000a
p98
aV+2.83099710E-01,+2.83098990E-01,+2.83086230E-01,+2.83088290E-01,+2.83076350E-01,+2.83076760E-01,+2.83087150E-01,+2.83074080E-01,+2.83064510E-01,+2.83049890E-01\u000a
p99
aV+2.86419440E-01,+2.86418610E-01,+2.86420570E-01,+2.86408220E-01,+2.86400190E-01,+2.86399880E-01,+2.86403480E-01,+2.86400390E-01,+2.86393810E-01,+2.86391340E-01\u000a
p100
aV+2.89695500E-01,+2.89691690E-01,+2.89688090E-01,+2.89662050E-01,+2.89656900E-01,+2.89634670E-01,+2.89612640E-01,+2.89592160E-01,+2.89566530E-01,+2.89548310E-01\u000a
p101
aV+2.93033210E-01,+2.93033930E-01,+2.93036610E-01,+2.93031160E-01,+2.93021480E-01,+2.93022510E-01,+2.93023130E-01,+2.93021690E-01,+2.93018700E-01,+2.93024670E-01\u000a
p102
a.