(lp0
V+2.13692100E-03,+1.58096300E-03,+1.57847000E-03,+1.57269700E-03,+1.56130900E-03,+1.56532100E-03,+1.56127700E-03,+1.56219900E-03,+1.56623300E-03,+1.56613900E-03\u000a
p1
aV+4.98578350E-02,+4.98543460E-02,+4.98705320E-02,+4.98785580E-02,+4.98910460E-02,+4.98910460E-02,+4.98935810E-02,+4.98896000E-02,+4.98818790E-02,+4.98848540E-02\u000a
p2
aV+1.01347790E-01,+1.01361380E-01,+1.01374290E-01,+1.01365800E-01,+1.01365400E-01,+1.01362810E-01,+1.01367690E-01,+1.01362150E-01,+1.01365670E-01,+1.01363940E-01\u000a
p3
aV+1.52257270E-01,+1.52265010E-01,+1.52266790E-01,+1.52277670E-01,+1.52275680E-01,+1.52259780E-01,+1.52255290E-01,+1.52252880E-01,+1.52256540E-01,+1.52250470E-01\u000a
p4
aV+2.00381680E-01,+2.00377600E-01,+2.00382410E-01,+2.00388270E-01,+2.00388060E-01,+2.00388480E-01,+2.00392870E-01,+2.00381780E-01,+2.00372890E-01,+2.00376240E-01\u000a
p5
aV+2.46520280E-01,+2.46535130E-01,+2.46530010E-01,+2.46533350E-01,+2.46518190E-01,+2.46494230E-01,+2.46505840E-01,+2.46507310E-01,+2.46507830E-01,+2.46495390E-01\u000a
p6
aV+2.98163870E-01,+2.98150790E-01,+2.98156230E-01,+2.98140750E-01,+2.98118370E-01,+2.98122860E-01,+2.98133640E-01,+2.98133640E-01,+2.98112610E-01,+2.98124330E-01\u000a
p7
aV+3.46852040E-01,+3.46865220E-01,+3.46872430E-01,+3.46862810E-01,+3.46880070E-01,+3.46885190E-01,+3.46868770E-01,+3.46877660E-01,+3.46871910E-01,+3.46862920E-01\u000a
p8
aV+3.96728450E-01,+3.96734410E-01,+3.96729500E-01,+3.96733160E-01,+3.96752610E-01,+3.96739640E-01,+3.96729910E-01,+3.96720500E-01,+3.96729700E-01,+3.96731590E-01\u000a
p9
aV+4.48104690E-01,+4.48102910E-01,+4.48114520E-01,+4.48123410E-01,+4.48126970E-01,+4.48139310E-01,+4.48149140E-01,+4.48160120E-01,+4.48151130E-01,+4.48133970E-01\u000a
p10
aV+4.96047330E-01,+4.96040640E-01,+4.96051930E-01,+4.96038650E-01,+4.96057270E-01,+4.96039070E-01,+4.96045240E-01,+4.96054340E-01,+4.96049320E-01,+4.96033840E-01\u000a
p11
aV+5.43068130E-01,+5.43068030E-01,+5.43059560E-01,+5.43059030E-01,+5.43054330E-01,+5.43067190E-01,+5.43060810E-01,+5.43054540E-01,+5.43061860E-01,+5.43061340E-01\u000a
p12
aV+5.88854440E-01,+5.88844820E-01,+5.88845970E-01,+5.88843880E-01,+5.88830590E-01,+5.88838750E-01,+5.88845650E-01,+5.88856740E-01,+5.88857260E-01,+5.88849520E-01\u000a
p13
aV+6.27679620E-01,+6.27675850E-01,+6.27678990E-01,+6.27679620E-01,+6.27661210E-01,+6.27655460E-01,+6.27664450E-01,+6.27662050E-01,+6.27669790E-01,+6.27688090E-01\u000a
p14
aV+6.60609370E-01,+6.60598550E-01,+6.60600230E-01,+6.60595310E-01,+6.60586840E-01,+6.60587680E-01,+6.60581190E-01,+6.60569890E-01,+6.60565610E-01,+6.60561530E-01\u000a
p15
aV+6.87905350E-01,+6.87885380E-01,+6.87867070E-01,+6.87845420E-01,+6.87828890E-01,+6.87817910E-01,+6.87807140E-01,+6.87794060E-01,+6.87786320E-01,+6.87762890E-01\u000a
p16
aV+7.09189720E-01,+7.09170680E-01,+7.09143590E-01,+7.09122360E-01,+7.09087320E-01,+7.09056250E-01,+7.09055840E-01,+7.09046530E-01,+7.09032300E-01,+7.08988160E-01\u000a
p17
aV+7.26709860E-01,+7.26668970E-01,+7.26644490E-01,+7.26617190E-01,+7.26597840E-01,+7.26570640E-01,+7.26525770E-01,+7.26488740E-01,+7.26446800E-01,+7.26414060E-01\u000a
p18
aV+7.42473590E-01,+7.42434160E-01,+7.42390230E-01,+7.42357390E-01,+7.42319420E-01,+7.42282080E-01,+7.42250490E-01,+7.42218380E-01,+7.42184590E-01,+7.42151120E-01\u000a
p19
aV+7.55532260E-01,+7.55476410E-01,+7.55431220E-01,+7.55394510E-01,+7.55358320E-01,+7.55323490E-01,+7.55301310E-01,+7.55300580E-01,+7.55294830E-01,+7.55275890E-01\u000a
p20
aV+7.67566910E-01,+7.67503210E-01,+7.67451330E-01,+7.67403000E-01,+7.67371620E-01,+7.67371410E-01,+7.67397140E-01,+7.67401640E-01,+7.67377060E-01,+7.67347780E-01\u000a
p21
aV+7.78684440E-01,+7.78625760E-01,+7.78563430E-01,+7.78510190E-01,+7.78460080E-01,+7.78408200E-01,+7.78359360E-01,+7.78316370E-01,+7.78272650E-01,+7.78230180E-01\u000a
p22
aV+7.87932290E-01,+7.87878740E-01,+7.87820690E-01,+7.87762220E-01,+7.87701340E-01,+7.87648000E-01,+7.87593610E-01,+7.87536920E-01,+7.87475620E-01,+7.87421130E-01\u000a
p23
aV+7.96940110E-01,+7.96856920E-01,+7.96783590E-01,+7.96708080E-01,+7.96649610E-01,+7.96597310E-01,+7.96545010E-01,+7.96493020E-01,+7.96441980E-01,+7.96393240E-01\u000a
p24
aV+8.05288300E-01,+8.05221670E-01,+8.05200550E-01,+8.05175230E-01,+8.05140300E-01,+8.05118020E-01,+8.05065620E-01,+8.04998780E-01,+8.04929540E-01,+8.04889680E-01\u000a
p25
aV+8.12900150E-01,+8.12811040E-01,+8.12716380E-01,+8.12620770E-01,+8.12527370E-01,+8.12446930E-01,+8.12365030E-01,+8.12281780E-01,+8.12198520E-01,+8.12125720E-01\u000a
p26
aV+8.19807570E-01,+8.19726610E-01,+8.19671800E-01,+8.19611450E-01,+8.19527670E-01,+8.19454970E-01,+8.19392840E-01,+8.19325900E-01,+8.19252890E-01,+8.19193690E-01\u000a
p27
aV+8.19012630E-01,+8.18961590E-01,+8.18908560E-01,+8.18861490E-01,+8.18833880E-01,+8.18798110E-01,+8.18756160E-01,+8.18710980E-01,+8.18666210E-01,+8.18622910E-01\u000a
p28
aV+8.32448750E-01,+8.32320930E-01,+8.32219370E-01,+8.32125230E-01,+8.32027960E-01,+8.31940620E-01,+8.31861020E-01,+8.31790840E-01,+8.31721590E-01,+8.31654440E-01\u000a
p29
aV+8.38455120E-01,+8.38375320E-01,+8.38311830E-01,+8.38249700E-01,+8.38178460E-01,+8.38106080E-01,+8.38048560E-01,+8.38003160E-01,+8.37980460E-01,+8.37978370E-01\u000a
p30
aV+8.44565800E-01,+8.44481070E-01,+8.44395830E-01,+8.44319050E-01,+8.44266340E-01,+8.44238200E-01,+8.44210800E-01,+8.44178890E-01,+8.44161850E-01,+8.44134340E-01\u000a
p31
aV+8.50536760E-01,+8.50471390E-01,+8.50456950E-01,+8.50444300E-01,+8.50418670E-01,+8.50398280E-01,+8.50350580E-01,+8.50289290E-01,+8.50234580E-01,+8.50237410E-01\u000a
p32
aV+8.56180390E-01,+8.56067530E-01,+8.55937620E-01,+8.55817750E-01,+8.55706670E-01,+8.55602070E-01,+8.55510760E-01,+8.55440160E-01,+8.55372590E-01,+8.55307220E-01\u000a
p33
aV+8.61092800E-01,+8.60995210E-01,+8.60919170E-01,+8.60850560E-01,+8.60791980E-01,+8.60730060E-01,+8.60670230E-01,+8.60609570E-01,+8.60564280E-01,+8.60553920E-01\u000a
p34
aV+8.66343460E-01,+8.66271810E-01,+8.66189810E-01,+8.66094630E-01,+8.66005090E-01,+8.65924550E-01,+8.65851120E-01,+8.65781780E-01,+8.65729580E-01,+8.65679690E-01\u000a
p35
aV+8.70984860E-01,+8.70871170E-01,+8.70787180E-01,+8.70725570E-01,+8.70661240E-01,+8.70582480E-01,+8.70497970E-01,+8.70413350E-01,+8.70342950E-01,+8.70269610E-01\u000a
p36
aV+8.75461930E-01,+8.75331280E-01,+8.75231810E-01,+8.75150640E-01,+8.75070420E-01,+8.75022930E-01,+8.74989770E-01,+8.74950030E-01,+8.74924090E-01,+8.74869800E-01\u000a
p37
aV+8.80199540E-01,+8.80159270E-01,+8.80111990E-01,+8.80094100E-01,+8.80045880E-01,+8.80010430E-01,+8.79999650E-01,+8.80011790E-01,+8.80048920E-01,+8.80063140E-01\u000a
p38
aV+8.85142410E-01,+8.85115630E-01,+8.85103290E-01,+8.85092720E-01,+8.85077660E-01,+8.85038120E-01,+8.84993980E-01,+8.84931330E-01,+8.84867320E-01,+8.84829660E-01\u000a
p39
aV+8.90062960E-01,+8.89939530E-01,+8.89833680E-01,+8.89741640E-01,+8.89656290E-01,+8.89563400E-01,+8.89454410E-01,+8.89358290E-01,+8.89266870E-01,+8.89167920E-01\u000a
p40
aV+8.94025430E-01,+8.93901280E-01,+8.93790400E-01,+8.93694700E-01,+8.93615930E-01,+8.93547420E-01,+8.93470340E-01,+8.93405800E-01,+8.93362290E-01,+8.93323380E-01\u000a
p41
aV+8.97811110E-01,+8.97675550E-01,+8.97570220E-01,+8.97518860E-01,+8.97482990E-01,+8.97451290E-01,+8.97394080E-01,+8.97351820E-01,+8.97319500E-01,+8.97262600E-01\u000a
p42
aV+9.01865420E-01,+9.01747190E-01,+9.01646570E-01,+9.01551390E-01,+9.01474190E-01,+9.01415930E-01,+9.01360710E-01,+9.01293240E-01,+9.01227240E-01,+9.01184570E-01\u000a
p43
aV+9.05889890E-01,+9.05772950E-01,+9.05671800E-01,+9.05582060E-01,+9.05511250E-01,+9.05430710E-01,+9.05341480E-01,+9.05257180E-01,+9.05183230E-01,+9.05111790E-01\u000a
p44
aV+9.09370240E-01,+9.09250170E-01,+9.09159170E-01,+9.09088880E-01,+9.09023400E-01,+9.08957190E-01,+9.08891400E-01,+9.08812640E-01,+9.08723830E-01,+9.08635240E-01\u000a
p45
aV+9.12918200E-01,+9.12815800E-01,+9.12735470E-01,+9.12658900E-01,+9.12583590E-01,+9.12514770E-01,+9.12457660E-01,+9.12409230E-01,+9.12377020E-01,+9.12350970E-01\u000a
p46
aV+9.16915160E-01,+9.16790690E-01,+9.16692370E-01,+9.16630870E-01,+9.16584110E-01,+9.16527520E-01,+9.16486210E-01,+9.16427320E-01,+9.16377530E-01,+9.16338410E-01\u000a
p47
aV+9.20580860E-01,+9.20534000E-01,+9.20489650E-01,+9.20393530E-01,+9.20284440E-01,+9.20174090E-01,+9.20071270E-01,+9.19995750E-01,+9.19941460E-01,+9.19902340E-01\u000a
p48
aV+9.24204650E-01,+9.24117630E-01,+9.24024850E-01,+9.23938660E-01,+9.23866700E-01,+9.23795990E-01,+9.23729680E-01,+9.23670480E-01,+9.23618280E-01,+9.23561380E-01\u000a
p49
aV+9.27816800E-01,+9.27700170E-01,+9.27607710E-01,+9.27537320E-01,+9.27528850E-01,+9.27622460E-01,+9.27749230E-01,+9.27826740E-01,+9.27794520E-01,+9.27699550E-01\u000a
p50
aV+9.31707910E-01,+9.31549760E-01,+9.31417970E-01,+9.31291200E-01,+9.31166830E-01,+9.31049890E-01,+9.30959730E-01,+9.30881700E-01,+9.30801370E-01,+9.30728050E-01\u000a
p51
aV+9.34356320E-01,+9.34262920E-01,+9.34195350E-01,+9.34131130E-01,+9.34087300E-01,+9.34158630E-01,+9.34277250E-01,+9.34392510E-01,+9.34562170E-01,+9.34699090E-01\u000a
p52
aV+9.39160350E-01,+9.39212130E-01,+9.39258460E-01,+9.39332940E-01,+9.39352080E-01,+9.39228240E-01,+9.39067470E-01,+9.38996970E-01,+9.38956600E-01,+9.38948540E-01\u000a
p53
aV+9.42973540E-01,+9.42880450E-01,+9.42909210E-01,+9.42938290E-01,+9.42874800E-01,+9.42756290E-01,+9.42628470E-01,+9.42494480E-01,+9.42332780E-01,+9.42206950E-01\u000a
p54
aV+9.45903350E-01,+9.45713190E-01,+9.45582230E-01,+9.45468950E-01,+9.45355780E-01,+9.45271270E-01,+9.45205680E-01,+9.45167300E-01,+9.45114480E-01,+9.45095130E-01\u000a
p55
aV+9.48990210E-01,+9.48855700E-01,+9.48715330E-01,+9.48598180E-01,+9.48549020E-01,+9.48513040E-01,+9.48375180E-01,+9.48290460E-01,+9.48306670E-01,+9.48352690E-01\u000a
p56
aV+9.52390860E-01,+9.52261480E-01,+9.52182300E-01,+9.52090880E-01,+9.51984290E-01,+9.51872480E-01,+9.51787650E-01,+9.51698950E-01,+9.51620920E-01,+9.51499700E-01\u000a
p57
aV+9.55605570E-01,+9.55730980E-01,+9.55792910E-01,+9.55760380E-01,+9.55622100E-01,+9.55546690E-01,+9.55603590E-01,+9.55634960E-01,+9.55530470E-01,+9.55422010E-01\u000a
p58
aV+9.55040440E-01,+9.55003410E-01,+9.54930500E-01,+9.54843790E-01,+9.54781250E-01,+9.54670900E-01,+9.54573200E-01,+9.54509400E-01,+9.54536280E-01,+9.54653320E-01\u000a
p59
aV+9.62808640E-01,+9.62637310E-01,+9.62466710E-01,+9.62278330E-01,+9.62087760E-01,+9.61932430E-01,+9.61780450E-01,+9.61681710E-01,+9.62045180E-01,+9.62546830E-01\u000a
p60
aV+9.67109590E-01,+9.66999760E-01,+9.66843280E-01,+9.66634820E-01,+9.66378350E-01,+9.66121670E-01,+9.65911950E-01,+9.65709140E-01,+9.65512810E-01,+9.65360200E-01\u000a
p61
aV+9.69356640E-01,+9.69249220E-01,+9.69131860E-01,+9.68970370E-01,+9.68772780E-01,+9.68580320E-01,+9.68422070E-01,+9.68288600E-01,+9.68296660E-01,+9.68293730E-01\u000a
p62
aV+9.71520650E-01,+9.71371180E-01,+9.71352660E-01,+9.71361240E-01,+9.71365320E-01,+9.71306220E-01,+9.71205600E-01,+9.71139080E-01,+9.71065020E-01,+9.70964190E-01\u000a
p63
aV+9.74194560E-01,+9.74074900E-01,+9.73948240E-01,+9.73808390E-01,+9.73665820E-01,+9.73529950E-01,+9.73402140E-01,+9.73284670E-01,+9.73177980E-01,+9.73065020E-01\u000a
p64
aV+1.02661890E+00,+1.03420870E+00,+1.03346770E+00,+1.03284310E+00,+1.03231540E+00,+1.03183080E+00,+1.03137560E+00,+1.03092110E+00,+1.03045360E+00,+1.03003320E+00\u000a
p65
aV+1.03277100E+00,+1.03240690E+00,+1.03202600E+00,+1.03168740E+00,+1.03139200E+00,+1.03110480E+00,+1.03082810E+00,+1.03056200E+00,+1.03029030E+00,+1.03000380E+00\u000a
p66
aV+1.03335540E+00,+1.03306030E+00,+1.03278730E+00,+1.03257640E+00,+1.03240390E+00,+1.03223860E+00,+1.03208290E+00,+1.03187730E+00,+1.03164530E+00,+1.03146210E+00\u000a
p67
aV+1.03544810E+00,+1.03532970E+00,+1.03521290E+00,+1.03509640E+00,+1.03503170E+00,+1.03500240E+00,+1.03496960E+00,+1.03497890E+00,+1.03503440E+00,+1.03509300E+00\u000a
p68
aV+1.03959340E+00,+1.03957110E+00,+1.03950450E+00,+1.03942350E+00,+1.03927840E+00,+1.03908750E+00,+1.03887260E+00,+1.03862690E+00,+1.03837920E+00,+1.03821750E+00\u000a
p69
aV+1.04169470E+00,+1.04147980E+00,+1.04132470E+00,+1.04117120E+00,+1.04103090E+00,+1.04093100E+00,+1.04084160E+00,+1.04074450E+00,+1.04063950E+00,+1.04051510E+00\u000a
p70
aV+1.04452370E+00,+1.04439500E+00,+1.04428000E+00,+1.04418260E+00,+1.04409520E+00,+1.04403050E+00,+1.04399190E+00,+1.04393420E+00,+1.04384090E+00,+1.04375480E+00\u000a
p71
aV+1.04810940E+00,+1.04800160E+00,+1.04794520E+00,+1.04788810E+00,+1.04779530E+00,+1.04772640E+00,+1.04767880E+00,+1.04763480E+00,+1.04786740E+00,+1.04801180E+00\u000a
p72
aV+1.05188230E+00,+1.05181140E+00,+1.05178830E+00,+1.05173350E+00,+1.05161290E+00,+1.05151520E+00,+1.05144190E+00,+1.05138070E+00,+1.05134090E+00,+1.05128770E+00\u000a
p73
aV+1.05515170E+00,+1.05504480E+00,+1.05493720E+00,+1.05483780E+00,+1.05474060E+00,+1.05466700E+00,+1.05460680E+00,+1.05455480E+00,+1.05447570E+00,+1.05445740E+00\u000a
p74
aV+1.05902260E+00,+1.05887210E+00,+1.05876510E+00,+1.05868700E+00,+1.05882110E+00,+1.05899620E+00,+1.05908840E+00,+1.05908560E+00,+1.05904870E+00,+1.05895340E+00\u000a
p75
aV+1.06257130E+00,+1.06240510E+00,+1.06224110E+00,+1.06209410E+00,+1.06199710E+00,+1.06192630E+00,+1.06187000E+00,+1.06186320E+00,+1.06179100E+00,+1.06169230E+00\u000a
p76
aV+1.06580250E+00,+1.06569300E+00,+1.06558080E+00,+1.06554020E+00,+1.06545930E+00,+1.06547220E+00,+1.06553990E+00,+1.06549690E+00,+1.06537430E+00,+1.06526440E+00\u000a
p77
aV+1.06963770E+00,+1.06974350E+00,+1.06978530E+00,+1.06983000E+00,+1.06990240E+00,+1.06998060E+00,+1.06994060E+00,+1.06987170E+00,+1.06982260E+00,+1.06974560E+00\u000a
p78
aV+1.07319400E+00,+1.07293630E+00,+1.07275780E+00,+1.07294710E+00,+1.07325930E+00,+1.07348050E+00,+1.07350790E+00,+1.07350630E+00,+1.07361240E+00,+1.07370540E+00\u000a
p79
aV+1.07771930E+00,+1.07742640E+00,+1.07717630E+00,+1.07696930E+00,+1.07677940E+00,+1.07655500E+00,+1.07632190E+00,+1.07610380E+00,+1.07588100E+00,+1.07573160E+00\u000a
p80
aV+1.07967870E+00,+1.07950570E+00,+1.07935120E+00,+1.07918580E+00,+1.07901380E+00,+1.07882400E+00,+1.07864240E+00,+1.07850500E+00,+1.07837780E+00,+1.07824360E+00\u000a
p81
aV+1.08218770E+00,+1.08206980E+00,+1.08192130E+00,+1.08183590E+00,+1.08172100E+00,+1.08165150E+00,+1.08153120E+00,+1.08143400E+00,+1.08132930E+00,+1.08121350E+00\u000a
p82
aV+1.08508640E+00,+1.08494200E+00,+1.08483830E+00,+1.08481230E+00,+1.08475540E+00,+1.08468150E+00,+1.08459840E+00,+1.08453350E+00,+1.08444570E+00,+1.08436310E+00\u000a
p83
aV+1.08845130E+00,+1.08832640E+00,+1.08821610E+00,+1.08811810E+00,+1.08800830E+00,+1.08788800E+00,+1.08782130E+00,+1.08780830E+00,+1.08778630E+00,+1.08776300E+00\u000a
p84
aV+1.09165090E+00,+1.09154350E+00,+1.09153320E+00,+1.09148700E+00,+1.09140090E+00,+1.09134610E+00,+1.09128870E+00,+1.09124660E+00,+1.09115030E+00,+1.09102440E+00\u000a
p85
aV+1.09563940E+00,+1.09556600E+00,+1.09556800E+00,+1.09544010E+00,+1.09532090E+00,+1.09522790E+00,+1.09514410E+00,+1.09507620E+00,+1.09501120E+00,+1.09496670E+00\u000a
p86
aV+1.09939710E+00,+1.09944450E+00,+1.09952350E+00,+1.09956790E+00,+1.09957900E+00,+1.09960630E+00,+1.09960720E+00,+1.09960070E+00,+1.09957790E+00,+1.09954830E+00\u000a
p87
aV+1.10344100E+00,+1.10329890E+00,+1.10316510E+00,+1.10303460E+00,+1.10296370E+00,+1.10293200E+00,+1.10278370E+00,+1.10264210E+00,+1.10253010E+00,+1.10244740E+00\u000a
p88
aV+1.10625510E+00,+1.10607810E+00,+1.10590650E+00,+1.10578200E+00,+1.10567980E+00,+1.10557730E+00,+1.10547110E+00,+1.10541470E+00,+1.10547240E+00,+1.10559320E+00\u000a
p89
aV+1.10965280E+00,+1.10944660E+00,+1.10925810E+00,+1.10912950E+00,+1.10898110E+00,+1.10884240E+00,+1.10870390E+00,+1.10858880E+00,+1.10847660E+00,+1.10835340E+00\u000a
p90
aV+1.11214800E+00,+1.11200960E+00,+1.11188790E+00,+1.11176020E+00,+1.11166840E+00,+1.11159880E+00,+1.11154320E+00,+1.11149800E+00,+1.11145290E+00,+1.11139870E+00\u000a
p91
aV+1.10629490E+00,+1.10996430E+00,+1.11065180E+00,+1.11364440E+00,+1.11472460E+00,+1.11460990E+00,+1.11449910E+00,+1.11447110E+00,+1.11456960E+00,+1.11462850E+00\u000a
p92
aV+1.11856690E+00,+1.11848190E+00,+1.11844570E+00,+1.11834730E+00,+1.11818760E+00,+1.11809090E+00,+1.11801530E+00,+1.11795760E+00,+1.11792530E+00,+1.11788460E+00\u000a
p93
aV+1.11750510E+00,+1.11741120E+00,+1.11731890E+00,+1.11723810E+00,+1.11717400E+00,+1.11710650E+00,+1.11704290E+00,+1.11699130E+00,+1.11698140E+00,+1.11701430E+00\u000a
p94
aV+1.12515700E+00,+1.12501030E+00,+1.12487060E+00,+1.12480780E+00,+1.12511490E+00,+1.12503380E+00,+1.12494190E+00,+1.12485790E+00,+1.12481660E+00,+1.12476650E+00\u000a
p95
aV+1.12884120E+00,+1.12872900E+00,+1.12859100E+00,+1.12845220E+00,+1.12834660E+00,+1.12824270E+00,+1.12812970E+00,+1.12810130E+00,+1.12799760E+00,+1.12788790E+00\u000a
p96
aV+1.13177220E+00,+1.13168770E+00,+1.13157270E+00,+1.13152690E+00,+1.13150440E+00,+1.13153170E+00,+1.13161280E+00,+1.13162140E+00,+1.13150940E+00,+1.13141610E+00\u000a
p97
aV+1.13506660E+00,+1.13491070E+00,+1.13480070E+00,+1.13478840E+00,+1.13464620E+00,+1.13453340E+00,+1.13441060E+00,+1.13430100E+00,+1.13420970E+00,+1.13419640E+00\u000a
p98
aV+1.13839020E+00,+1.13823880E+00,+1.13809420E+00,+1.13794820E+00,+1.13781250E+00,+1.13762470E+00,+1.13738030E+00,+1.13722020E+00,+1.13712120E+00,+1.13701090E+00\u000a
p99
aV+1.14049790E+00,+1.14038600E+00,+1.14033230E+00,+1.14031590E+00,+1.14028690E+00,+1.14019190E+00,+1.14007180E+00,+1.14001270E+00,+1.13998890E+00,+1.13999960E+00\u000a
p100
aV+1.14409120E+00,+1.14396550E+00,+1.14388880E+00,+1.14384090E+00,+1.14379070E+00,+1.14372340E+00,+1.14368670E+00,+1.14367270E+00,+1.14364560E+00,+1.14361960E+00\u000a
p101
aV+1.14772080E+00,+1.14759330E+00,+1.14747280E+00,+1.14736390E+00,+1.14726790E+00,+1.14720020E+00,+1.14711680E+00,+1.14702360E+00,+1.14693310E+00,+1.14687420E+00\u000a
p102
a.