(lp0
V+1.39000000E+00,+1.38900000E+00,+1.38950000E+00,+1.38900000E+00,+1.38950000E+00,+1.38850000E+00,+1.38950000E+00,+1.38950000E+00,+1.38900000E+00,+1.38900000E+00\u000a
p1
aV+1.38170000E+00,+1.38170000E+00,+1.38170000E+00,+1.38170000E+00,+1.38170000E+00,+1.38170000E+00,+1.38060000E+00,+1.38110000E+00,+1.38110000E+00,+1.38110000E+00\u000a
p2
aV+1.37230000E+00,+1.37280000E+00,+1.37280000E+00,+1.37230000E+00,+1.37170000E+00,+1.37230000E+00,+1.37280000E+00,+1.37280000E+00,+1.37230000E+00,+1.37230000E+00\u000a
p3
aV+1.36550000E+00,+1.36550000E+00,+1.36500000E+00,+1.36440000E+00,+1.36500000E+00,+1.36500000E+00,+1.36500000E+00,+1.36500000E+00,+1.36440000E+00,+1.36440000E+00\u000a
p4
aV+1.35660000E+00,+1.35660000E+00,+1.35660000E+00,+1.35710000E+00,+1.35660000E+00,+1.35660000E+00,+1.35660000E+00,+1.35660000E+00,+1.35660000E+00,+1.35710000E+00\u000a
p5
aV+1.35030000E+00,+1.35030000E+00,+1.35030000E+00,+1.35030000E+00,+1.35030000E+00,+1.35030000E+00,+1.34980000E+00,+1.34980000E+00,+1.34980000E+00,+1.35030000E+00\u000a
p6
aV+1.34250000E+00,+1.34300000E+00,+1.34300000E+00,+1.34300000E+00,+1.34250000E+00,+1.34250000E+00,+1.34250000E+00,+1.34250000E+00,+1.34300000E+00,+1.34250000E+00\u000a
p7
aV+1.33620000E+00,+1.33730000E+00,+1.33620000E+00,+1.33670000E+00,+1.33670000E+00,+1.33620000E+00,+1.33670000E+00,+1.33620000E+00,+1.33620000E+00,+1.33670000E+00\u000a
p8
aV+1.33050000E+00,+1.32940000E+00,+1.33050000E+00,+1.33000000E+00,+1.33050000E+00,+1.32940000E+00,+1.32940000E+00,+1.32940000E+00,+1.33000000E+00,+1.33000000E+00\u000a
p9
aV+1.32320000E+00,+1.32320000E+00,+1.32320000E+00,+1.32320000E+00,+1.32320000E+00,+1.32320000E+00,+1.32320000E+00,+1.32320000E+00,+1.32260000E+00,+1.32320000E+00\u000a
p10
aV+1.31740000E+00,+1.31740000E+00,+1.31740000E+00,+1.31740000E+00,+1.31740000E+00,+1.31740000E+00,+1.31740000E+00,+1.31850000E+00,+1.31740000E+00,+1.31790000E+00\u000a
p11
aV+1.31170000E+00,+1.31170000E+00,+1.31170000E+00,+1.31120000E+00,+1.31170000E+00,+1.31170000E+00,+1.31170000E+00,+1.31170000E+00,+1.31170000E+00,+1.31120000E+00\u000a
p12
aV+1.30700000E+00,+1.30650000E+00,+1.30590000E+00,+1.30590000E+00,+1.30590000E+00,+1.30590000E+00,+1.30590000E+00,+1.30590000E+00,+1.30700000E+00,+1.30650000E+00\u000a
p13
aV+1.29970000E+00,+1.29970000E+00,+1.29970000E+00,+1.29970000E+00,+1.30020000E+00,+1.29970000E+00,+1.29970000E+00,+1.29970000E+00,+1.29970000E+00,+1.29970000E+00\u000a
p14
aV+1.29500000E+00,+1.29440000E+00,+1.29440000E+00,+1.29440000E+00,+1.29440000E+00,+1.29440000E+00,+1.29440000E+00,+1.29440000E+00,+1.29440000E+00,+1.29390000E+00\u000a
p15
aV+1.28870000E+00,+1.28870000E+00,+1.28870000E+00,+1.28920000E+00,+1.28870000E+00,+1.28870000E+00,+1.28870000E+00,+1.28870000E+00,+1.28870000E+00,+1.28920000E+00\u000a
p16
aV+1.28350000E+00,+1.28350000E+00,+1.28350000E+00,+1.28350000E+00,+1.28350000E+00,+1.28350000E+00,+1.28350000E+00,+1.28400000E+00,+1.28350000E+00,+1.28350000E+00\u000a
p17
aV+1.27720000E+00,+1.27720000E+00,+1.27720000E+00,+1.27720000E+00,+1.27720000E+00,+1.27670000E+00,+1.27720000E+00,+1.27720000E+00,+1.27720000E+00,+1.27720000E+00\u000a
p18
aV+1.27200000E+00,+1.27200000E+00,+1.27250000E+00,+1.27250000E+00,+1.27250000E+00,+1.27250000E+00,+1.27250000E+00,+1.27250000E+00,+1.27250000E+00,+1.27250000E+00\u000a
p19
aV+1.26730000E+00,+1.26620000E+00,+1.26730000E+00,+1.26680000E+00,+1.26620000E+00,+1.26680000E+00,+1.26680000E+00,+1.26680000E+00,+1.26620000E+00,+1.26680000E+00\u000a
p20
aV+1.26150000E+00,+1.26150000E+00,+1.26200000E+00,+1.26150000E+00,+1.26200000E+00,+1.26150000E+00,+1.26200000E+00,+1.26150000E+00,+1.26200000E+00,+1.26200000E+00\u000a
p21
aV+1.25580000E+00,+1.25580000E+00,+1.25580000E+00,+1.25630000E+00,+1.25580000E+00,+1.25630000E+00,+1.25630000E+00,+1.25630000E+00,+1.25630000E+00,+1.25580000E+00\u000a
p22
aV+1.25580000E+00,+1.25580000E+00,+1.25630000E+00,+1.25580000E+00,+1.25580000E+00,+1.25580000E+00,+1.25580000E+00,+1.25580000E+00,+1.25580000E+00,+1.25580000E+00\u000a
p23
aV+1.24590000E+00,+1.24590000E+00,+1.24590000E+00,+1.24590000E+00,+1.24590000E+00,+1.24590000E+00,+1.24530000E+00,+1.24530000E+00,+1.24590000E+00,+1.24590000E+00\u000a
p24
aV+1.24010000E+00,+1.24010000E+00,+1.24010000E+00,+1.24010000E+00,+1.24010000E+00,+1.24010000E+00,+1.23960000E+00,+1.24010000E+00,+1.24010000E+00,+1.24010000E+00\u000a
p25
aV+1.23540000E+00,+1.23540000E+00,+1.23540000E+00,+1.23540000E+00,+1.23540000E+00,+1.23590000E+00,+1.23540000E+00,+1.23590000E+00,+1.23540000E+00,+1.23590000E+00\u000a
p26
aV+1.23020000E+00,+1.23020000E+00,+1.23020000E+00,+1.23020000E+00,+1.22970000E+00,+1.23020000E+00,+1.23020000E+00,+1.22970000E+00,+1.23070000E+00,+1.23020000E+00\u000a
p27
aV+1.22600000E+00,+1.22550000E+00,+1.22550000E+00,+1.22600000E+00,+1.22550000E+00,+1.22550000E+00,+1.22600000E+00,+1.22550000E+00,+1.22550000E+00,+1.22550000E+00\u000a
p28
aV+1.22030000E+00,+1.21970000E+00,+1.21970000E+00,+1.21970000E+00,+1.21970000E+00,+1.22030000E+00,+1.21970000E+00,+1.21970000E+00,+1.21970000E+00,+1.21970000E+00\u000a
p29
aV+1.21500000E+00,+1.21560000E+00,+1.21560000E+00,+1.21560000E+00,+1.21500000E+00,+1.21560000E+00,+1.21500000E+00,+1.21560000E+00,+1.21560000E+00,+1.21560000E+00\u000a
p30
aV+1.21090000E+00,+1.21030000E+00,+1.21030000E+00,+1.21030000E+00,+1.21030000E+00,+1.21030000E+00,+1.21030000E+00,+1.20980000E+00,+1.20980000E+00,+1.21030000E+00\u000a
p31
aV+1.20560000E+00,+1.20560000E+00,+1.20620000E+00,+1.20620000E+00,+1.20560000E+00,+1.20560000E+00,+1.20560000E+00,+1.20620000E+00,+1.20620000E+00,+1.20560000E+00\u000a
p32
aV+1.19990000E+00,+1.20040000E+00,+1.20040000E+00,+1.20040000E+00,+1.20040000E+00,+1.19990000E+00,+1.19990000E+00,+1.20040000E+00,+1.19990000E+00,+1.19990000E+00\u000a
p33
aV+1.19990000E+00,+1.20090000E+00,+1.20040000E+00,+1.20040000E+00,+1.20040000E+00,+1.20040000E+00,+1.20040000E+00,+1.19990000E+00,+1.20090000E+00,+1.20040000E+00\u000a
p34
aV+1.19050000E+00,+1.19100000E+00,+1.19100000E+00,+1.19050000E+00,+1.19050000E+00,+1.19100000E+00,+1.19100000E+00,+1.19100000E+00,+1.19050000E+00,+1.19050000E+00\u000a
p35
aV+1.18630000E+00,+1.18580000E+00,+1.18630000E+00,+1.18630000E+00,+1.18630000E+00,+1.18580000E+00,+1.18630000E+00,+1.18630000E+00,+1.18630000E+00,+1.18630000E+00\u000a
p36
aV+1.18060000E+00,+1.18060000E+00,+1.18110000E+00,+1.18110000E+00,+1.18060000E+00,+1.18060000E+00,+1.18060000E+00,+1.18110000E+00,+1.18110000E+00,+1.18060000E+00\u000a
p37
aV+1.17530000E+00,+1.17530000E+00,+1.17530000E+00,+1.17590000E+00,+1.17530000E+00,+1.17530000E+00,+1.17590000E+00,+1.17480000E+00,+1.17590000E+00,+1.17590000E+00\u000a
p38
aV+1.17120000E+00,+1.17120000E+00,+1.17120000E+00,+1.17120000E+00,+1.17060000E+00,+1.17120000E+00,+1.17060000E+00,+1.17120000E+00,+1.17120000E+00,+1.17120000E+00\u000a
p39
aV+1.16490000E+00,+1.16490000E+00,+1.16540000E+00,+1.16540000E+00,+1.16540000E+00,+1.16540000E+00,+1.16540000E+00,+1.16540000E+00,+1.16540000E+00,+1.16540000E+00\u000a
p40
aV+1.16120000E+00,+1.16120000E+00,+1.16070000E+00,+1.16070000E+00,+1.16120000E+00,+1.16070000E+00,+1.16070000E+00,+1.16070000E+00,+1.16070000E+00,+1.16070000E+00\u000a
p41
aV+1.15550000E+00,+1.15550000E+00,+1.15550000E+00,+1.15550000E+00,+1.15600000E+00,+1.15550000E+00,+1.15600000E+00,+1.15600000E+00,+1.15600000E+00,+1.15550000E+00\u000a
p42
aV+1.15130000E+00,+1.15080000E+00,+1.15080000E+00,+1.15130000E+00,+1.15080000E+00,+1.15130000E+00,+1.15080000E+00,+1.15130000E+00,+1.15130000E+00,+1.15130000E+00\u000a
p43
aV+1.14610000E+00,+1.14610000E+00,+1.14560000E+00,+1.14610000E+00,+1.14560000E+00,+1.14560000E+00,+1.14560000E+00,+1.14560000E+00,+1.14560000E+00,+1.14560000E+00\u000a
p44
aV+1.14140000E+00,+1.14090000E+00,+1.14140000E+00,+1.14090000E+00,+1.14090000E+00,+1.14140000E+00,+1.14140000E+00,+1.14140000E+00,+1.14140000E+00,+1.14090000E+00\u000a
p45
aV+1.13560000E+00,+1.13620000E+00,+1.13670000E+00,+1.13620000E+00,+1.13620000E+00,+1.13620000E+00,+1.13560000E+00,+1.13670000E+00,+1.13560000E+00,+1.13620000E+00\u000a
p46
aV+1.13250000E+00,+1.13200000E+00,+1.13200000E+00,+1.13200000E+00,+1.13200000E+00,+1.13200000E+00,+1.13200000E+00,+1.13250000E+00,+1.13200000E+00,+1.13200000E+00\u000a
p47
aV+1.13250000E+00,+1.13200000E+00,+1.13250000E+00,+1.13250000E+00,+1.13250000E+00,+1.13250000E+00,+1.13300000E+00,+1.13250000E+00,+1.13300000E+00,+1.13250000E+00\u000a
p48
aV+1.12210000E+00,+1.12150000E+00,+1.12150000E+00,+1.12150000E+00,+1.12210000E+00,+1.12210000E+00,+1.12210000E+00,+1.12210000E+00,+1.12210000E+00,+1.12210000E+00\u000a
p49
aV+1.11680000E+00,+1.11680000E+00,+1.11680000E+00,+1.11630000E+00,+1.11680000E+00,+1.11680000E+00,+1.11680000E+00,+1.11630000E+00,+1.11680000E+00,+1.11680000E+00\u000a
p50
aV+1.11110000E+00,+1.11160000E+00,+1.11160000E+00,+1.11160000E+00,+1.11110000E+00,+1.11160000E+00,+1.11110000E+00,+1.11160000E+00,+1.11160000E+00,+1.11160000E+00\u000a
p51
aV+1.10740000E+00,+1.10690000E+00,+1.10740000E+00,+1.10690000E+00,+1.10740000E+00,+1.10740000E+00,+1.10740000E+00,+1.10740000E+00,+1.10690000E+00,+1.10690000E+00\u000a
p52
aV+1.10220000E+00,+1.10220000E+00,+1.10220000E+00,+1.10220000E+00,+1.10270000E+00,+1.10220000E+00,+1.10220000E+00,+1.10220000E+00,+1.10220000E+00,+1.10220000E+00\u000a
p53
aV+1.10010000E+00,+1.10010000E+00,+1.10010000E+00,+1.10060000E+00,+1.10010000E+00,+1.10010000E+00,+1.10060000E+00,+1.10010000E+00,+1.10060000E+00,+1.10060000E+00\u000a
p54
aV+1.09540000E+00,+1.09490000E+00,+1.09540000E+00,+1.09540000E+00,+1.09490000E+00,+1.09540000E+00,+1.09540000E+00,+1.09540000E+00,+1.09540000E+00,+1.09540000E+00\u000a
p55
aV+1.09070000E+00,+1.09070000E+00,+1.09070000E+00,+1.09070000E+00,+1.09020000E+00,+1.09070000E+00,+1.09070000E+00,+1.09070000E+00,+1.09120000E+00,+1.09120000E+00\u000a
p56
aV+1.08550000E+00,+1.08500000E+00,+1.08500000E+00,+1.08500000E+00,+1.08500000E+00,+1.08500000E+00,+1.08550000E+00,+1.08550000E+00,+1.08500000E+00,+1.08500000E+00\u000a
p57
aV+1.08130000E+00,+1.08080000E+00,+1.08080000E+00,+1.08080000E+00,+1.08080000E+00,+1.08080000E+00,+1.08080000E+00,+1.08080000E+00,+1.08080000E+00,+1.08030000E+00\u000a
p58
aV+1.07560000E+00,+1.07560000E+00,+1.07560000E+00,+1.07560000E+00,+1.07560000E+00,+1.07610000E+00,+1.07560000E+00,+1.07560000E+00,+1.07560000E+00,+1.07610000E+00\u000a
p59
aV+1.07090000E+00,+1.07140000E+00,+1.07140000E+00,+1.07140000E+00,+1.07140000E+00,+1.07140000E+00,+1.07140000E+00,+1.07140000E+00,+1.07190000E+00,+1.07090000E+00\u000a
p60
aV+1.06560000E+00,+1.06560000E+00,+1.06560000E+00,+1.06560000E+00,+1.06560000E+00,+1.06620000E+00,+1.06560000E+00,+1.06560000E+00,+1.06560000E+00,+1.06510000E+00\u000a
p61
aV+1.06150000E+00,+1.06090000E+00,+1.06090000E+00,+1.06150000E+00,+1.06150000E+00,+1.06150000E+00,+1.06090000E+00,+1.06150000E+00,+1.06090000E+00,+1.06090000E+00\u000a
p62
aV+1.05570000E+00,+1.05520000E+00,+1.05620000E+00,+1.05570000E+00,+1.05570000E+00,+1.05620000E+00,+1.05620000E+00,+1.05620000E+00,+1.05570000E+00,+1.05620000E+00\u000a
p63
aV+1.05210000E+00,+1.05150000E+00,+1.05150000E+00,+1.05100000E+00,+1.05150000E+00,+1.05150000E+00,+1.05150000E+00,+1.05210000E+00,+1.05150000E+00,+1.05150000E+00\u000a
p64
aV+1.04530000E+00,+1.04530000E+00,+1.04580000E+00,+1.04580000E+00,+1.04530000E+00,+1.04580000E+00,+1.04580000E+00,+1.04580000E+00,+1.04580000E+00,+1.04530000E+00\u000a
p65
aV+1.04060000E+00,+1.04060000E+00,+1.04000000E+00,+1.04060000E+00,+1.04060000E+00,+1.04060000E+00,+1.04110000E+00,+1.04060000E+00,+1.04000000E+00,+1.04060000E+00\u000a
p66
aV+1.04110000E+00,+1.04110000E+00,+1.04110000E+00,+1.04110000E+00,+1.04110000E+00,+1.04060000E+00,+1.04060000E+00,+1.04110000E+00,+1.04110000E+00,+1.04110000E+00\u000a
p67
aV+1.03010000E+00,+1.03010000E+00,+1.03010000E+00,+1.03010000E+00,+1.02960000E+00,+1.02960000E+00,+1.02910000E+00,+1.03010000E+00,+1.03010000E+00,+1.02960000E+00\u000a
p68
aV+1.03060000E+00,+1.03060000E+00,+1.03060000E+00,+1.03010000E+00,+1.03010000E+00,+1.03060000E+00,+1.03060000E+00,+1.03010000E+00,+1.03010000E+00,+1.03010000E+00\u000a
p69
aV+1.01970000E+00,+1.01970000E+00,+1.01970000E+00,+1.01970000E+00,+1.02020000E+00,+1.02020000E+00,+1.01970000E+00,+1.02020000E+00,+1.02020000E+00,+1.02020000E+00\u000a
p70
aV+1.01500000E+00,+1.01550000E+00,+1.01550000E+00,+1.01550000E+00,+1.01500000E+00,+1.01550000E+00,+1.01500000E+00,+1.01550000E+00,+1.01550000E+00,+1.01550000E+00\u000a
p71
aV+1.00920000E+00,+1.00970000E+00,+1.00920000E+00,+1.00920000E+00,+1.00870000E+00,+1.00920000E+00,+1.00920000E+00,+1.00920000E+00,+1.00920000E+00,+1.00920000E+00\u000a
p72
aV+1.00450000E+00,+1.00450000E+00,+1.00500000E+00,+1.00500000E+00,+1.00500000E+00,+1.00500000E+00,+1.00450000E+00,+1.00500000E+00,+1.00500000E+00,+1.00450000E+00\u000a
p73
aV+9.98800000E-01,+9.99300000E-01,+9.98800000E-01,+9.99300000E-01,+9.98800000E-01,+9.99300000E-01,+9.99300000E-01,+9.99300000E-01,+9.99300000E-01,+9.99300000E-01\u000a
p74
aV+9.94600000E-01,+9.94100000E-01,+9.94600000E-01,+9.95100000E-01,+9.94600000E-01,+9.94600000E-01,+9.95100000E-01,+9.94600000E-01,+9.95100000E-01,+9.95100000E-01\u000a
p75
aV+9.88800000E-01,+9.88800000E-01,+9.88300000E-01,+9.88300000E-01,+9.89400000E-01,+9.88800000E-01,+9.88300000E-01,+9.88300000E-01,+9.88800000E-01,+9.88800000E-01\u000a
p76
aV+9.88800000E-01,+9.89400000E-01,+9.89400000E-01,+9.88800000E-01,+9.88800000E-01,+9.89400000E-01,+9.89400000E-01,+9.88800000E-01,+9.88800000E-01,+9.89400000E-01\u000a
p77
aV+9.78400000E-01,+9.78400000E-01,+9.78900000E-01,+9.78400000E-01,+9.78400000E-01,+9.78900000E-01,+9.78400000E-01,+9.78400000E-01,+9.78400000E-01,+9.78400000E-01\u000a
p78
aV+9.73200000E-01,+9.72100000E-01,+9.72100000E-01,+9.72700000E-01,+9.73200000E-01,+9.72100000E-01,+9.72100000E-01,+9.72100000E-01,+9.72700000E-01,+9.73200000E-01\u000a
p79
aV+9.68000000E-01,+9.68000000E-01,+9.68500000E-01,+9.68500000E-01,+9.68000000E-01,+9.68500000E-01,+9.68000000E-01,+9.68000000E-01,+9.68500000E-01,+9.68500000E-01\u000a
p80
aV+9.62700000E-01,+9.61700000E-01,+9.61700000E-01,+9.61700000E-01,+9.62200000E-01,+9.62700000E-01,+9.62200000E-01,+9.62200000E-01,+9.61700000E-01,+9.62200000E-01\u000a
p81
aV+9.57500000E-01,+9.57500000E-01,+9.57000000E-01,+9.57000000E-01,+9.57000000E-01,+9.57000000E-01,+9.58000000E-01,+9.57000000E-01,+9.57500000E-01,+9.57500000E-01\u000a
p82
aV+9.51200000E-01,+9.51800000E-01,+9.51200000E-01,+9.51800000E-01,+9.51200000E-01,+9.51800000E-01,+9.51800000E-01,+9.51200000E-01,+9.51200000E-01,+9.51800000E-01\u000a
p83
aV+9.46500000E-01,+9.46500000E-01,+9.46500000E-01,+9.46500000E-01,+9.47100000E-01,+9.46500000E-01,+9.47100000E-01,+9.46500000E-01,+9.46000000E-01,+9.46500000E-01\u000a
p84
aV+9.40800000E-01,+9.41300000E-01,+9.40800000E-01,+9.40800000E-01,+9.40800000E-01,+9.40300000E-01,+9.40300000E-01,+9.40800000E-01,+9.40800000E-01,+9.40800000E-01\u000a
p85
aV+9.36100000E-01,+9.36100000E-01,+9.35600000E-01,+9.35600000E-01,+9.35600000E-01,+9.35600000E-01,+9.36100000E-01,+9.35600000E-01,+9.36100000E-01,+9.36100000E-01\u000a
p86
aV+9.28800000E-01,+9.28800000E-01,+9.29300000E-01,+9.29800000E-01,+9.29300000E-01,+9.29300000E-01,+9.29800000E-01,+9.29800000E-01,+9.29800000E-01,+9.30300000E-01\u000a
p87
aV+9.24100000E-01,+9.24600000E-01,+9.24600000E-01,+9.24600000E-01,+9.24100000E-01,+9.24100000E-01,+9.24600000E-01,+9.24600000E-01,+9.24100000E-01,+9.25100000E-01\u000a
p88
aV+9.18300000E-01,+9.18900000E-01,+9.18900000E-01,+9.18300000E-01,+9.18900000E-01,+9.18300000E-01,+9.18900000E-01,+9.18900000E-01,+9.18300000E-01,+9.18900000E-01\u000a
p89
aV+9.14100000E-01,+9.13600000E-01,+9.13600000E-01,+9.13100000E-01,+9.13600000E-01,+9.13600000E-01,+9.13600000E-01,+9.13100000E-01,+9.13600000E-01,+9.14100000E-01\u000a
p90
aV+9.14100000E-01,+9.14100000E-01,+9.13600000E-01,+9.14100000E-01,+9.14700000E-01,+9.14100000E-01,+9.14100000E-01,+9.14700000E-01,+9.14700000E-01,+9.13600000E-01\u000a
p91
aV+9.01600000E-01,+9.01600000E-01,+9.01600000E-01,+9.02100000E-01,+9.01600000E-01,+9.01600000E-01,+9.01600000E-01,+9.02100000E-01,+9.01600000E-01,+9.02100000E-01\u000a
p92
aV+8.94800000E-01,+8.95300000E-01,+8.95300000E-01,+8.95900000E-01,+8.95300000E-01,+8.95300000E-01,+8.95300000E-01,+8.95300000E-01,+8.95300000E-01,+8.95300000E-01\u000a
p93
aV+8.89100000E-01,+8.88600000E-01,+8.88600000E-01,+8.88600000E-01,+8.88600000E-01,+8.88600000E-01,+8.88600000E-01,+8.88600000E-01,+8.88600000E-01,+8.88600000E-01\u000a
p94
aV+8.83300000E-01,+8.83300000E-01,+8.82800000E-01,+8.83300000E-01,+8.83300000E-01,+8.83300000E-01,+8.83300000E-01,+8.83300000E-01,+8.83300000E-01,+8.83300000E-01\u000a
p95
aV+8.77100000E-01,+8.77100000E-01,+8.76500000E-01,+8.77100000E-01,+8.76500000E-01,+8.77100000E-01,+8.77100000E-01,+8.77100000E-01,+8.77100000E-01,+8.77100000E-01\u000a
p96
aV+8.70800000E-01,+8.71800000E-01,+8.71300000E-01,+8.71300000E-01,+8.71800000E-01,+8.71800000E-01,+8.71300000E-01,+8.71800000E-01,+8.71800000E-01,+8.72400000E-01\u000a
p97
aV+8.64000000E-01,+8.64000000E-01,+8.64000000E-01,+8.64000000E-01,+8.64000000E-01,+8.64500000E-01,+8.64000000E-01,+8.64000000E-01,+8.64000000E-01,+8.64000000E-01\u000a
p98
aV+8.58300000E-01,+8.58300000E-01,+8.58300000E-01,+8.58800000E-01,+8.58300000E-01,+8.58800000E-01,+8.58800000E-01,+8.58800000E-01,+8.58800000E-01,+8.58800000E-01\u000a
p99
aV+8.51500000E-01,+8.52000000E-01,+8.52000000E-01,+8.50900000E-01,+8.51500000E-01,+8.51500000E-01,+8.51500000E-01,+8.51500000E-01,+8.51500000E-01,+8.51500000E-01\u000a
p100
aV+8.46200000E-01,+8.45700000E-01,+8.45700000E-01,+8.46200000E-01,+8.45700000E-01,+8.45700000E-01,+8.45700000E-01,+8.45700000E-01,+8.46200000E-01,+8.45700000E-01\u000a
p101
aV+8.38400000E-01,+8.38400000E-01,+8.38400000E-01,+8.37900000E-01,+8.38900000E-01,+8.38400000E-01,+8.38400000E-01,+8.38400000E-01,+8.38400000E-01,+8.38400000E-01\u000a
p102
aV+8.38400000E-01,+8.38900000E-01,+8.38400000E-01,+8.38900000E-01,+8.38900000E-01,+8.38900000E-01,+8.38900000E-01,+8.38400000E-01,+8.38400000E-01,+8.38900000E-01\u000a
p103
aV+8.25300000E-01,+8.24800000E-01,+8.25300000E-01,+8.25300000E-01,+8.25900000E-01,+8.25300000E-01,+8.25300000E-01,+8.24800000E-01,+8.25300000E-01,+8.25300000E-01\u000a
p104
aV+8.19600000E-01,+8.19600000E-01,+8.19100000E-01,+8.19100000E-01,+8.19600000E-01,+8.19600000E-01,+8.19600000E-01,+8.19600000E-01,+8.19600000E-01,+8.19600000E-01\u000a
p105
aV+8.11200000E-01,+8.10700000E-01,+8.11200000E-01,+8.10700000E-01,+8.10700000E-01,+8.11200000E-01,+8.10700000E-01,+8.11200000E-01,+8.10700000E-01,+8.11200000E-01\u000a
p106
aV+8.03400000E-01,+8.03400000E-01,+8.03400000E-01,+8.03400000E-01,+8.03400000E-01,+8.03400000E-01,+8.03400000E-01,+8.03400000E-01,+8.02900000E-01,+8.03900000E-01\u000a
p107
aV+7.97100000E-01,+7.97100000E-01,+7.97100000E-01,+7.97100000E-01,+7.97100000E-01,+7.97100000E-01,+7.97100000E-01,+7.97100000E-01,+7.97100000E-01,+7.97100000E-01\u000a
p108
aV+7.88800000E-01,+7.88300000E-01,+7.88800000E-01,+7.88300000E-01,+7.88800000E-01,+7.88300000E-01,+7.88800000E-01,+7.88300000E-01,+7.88800000E-01,+7.88300000E-01\u000a
p109
aV+7.82500000E-01,+7.82000000E-01,+7.82500000E-01,+7.82000000E-01,+7.82000000E-01,+7.82000000E-01,+7.82000000E-01,+7.82000000E-01,+7.82500000E-01,+7.82000000E-01\u000a
p110
aV+7.75200000E-01,+7.75200000E-01,+7.75200000E-01,+7.75700000E-01,+7.76200000E-01,+7.75700000E-01,+7.75700000E-01,+7.75700000E-01,+7.75700000E-01,+7.75200000E-01\u000a
p111
aV+7.68400000E-01,+7.68900000E-01,+7.68400000E-01,+7.68400000E-01,+7.68900000E-01,+7.68400000E-01,+7.68400000E-01,+7.68400000E-01,+7.68400000E-01,+7.68400000E-01\u000a
p112
aV+7.59000000E-01,+7.59500000E-01,+7.58500000E-01,+7.59000000E-01,+7.59500000E-01,+7.59000000E-01,+7.59000000E-01,+7.59000000E-01,+7.59000000E-01,+7.59500000E-01\u000a
p113
aV+7.52200000E-01,+7.52700000E-01,+7.51700000E-01,+7.51700000E-01,+7.52200000E-01,+7.51700000E-01,+7.52200000E-01,+7.51700000E-01,+7.52200000E-01,+7.51700000E-01\u000a
p114
aV+7.43300000E-01,+7.43300000E-01,+7.43900000E-01,+7.43300000E-01,+7.43900000E-01,+7.43300000E-01,+7.43300000E-01,+7.43300000E-01,+7.43900000E-01,+7.43300000E-01\u000a
p115
aV+7.36500000E-01,+7.36500000E-01,+7.36000000E-01,+7.36000000E-01,+7.36000000E-01,+7.36000000E-01,+7.36000000E-01,+7.36000000E-01,+7.36000000E-01,+7.36000000E-01\u000a
p116
aV+7.26600000E-01,+7.26600000E-01,+7.26100000E-01,+7.26600000E-01,+7.26100000E-01,+7.26100000E-01,+7.26600000E-01,+7.26100000E-01,+7.26600000E-01,+7.26600000E-01\u000a
p117
aV+7.19300000E-01,+7.19300000E-01,+7.19300000E-01,+7.19300000E-01,+7.19300000E-01,+7.18800000E-01,+7.19300000E-01,+7.19800000E-01,+7.19300000E-01,+7.18800000E-01\u000a
p118
aV+7.10400000E-01,+7.09900000E-01,+7.09900000E-01,+7.10400000E-01,+7.09900000E-01,+7.10400000E-01,+7.09900000E-01,+7.10400000E-01,+7.09900000E-01,+7.10400000E-01\u000a
p119
aV+7.02100000E-01,+7.02100000E-01,+7.02100000E-01,+7.02100000E-01,+7.02100000E-01,+7.02100000E-01,+7.02600000E-01,+7.02600000E-01,+7.02100000E-01,+7.02600000E-01\u000a
p120
aV+6.91600000E-01,+6.91600000E-01,+6.91100000E-01,+6.91100000E-01,+6.91100000E-01,+6.91600000E-01,+6.91100000E-01,+6.91100000E-01,+6.91600000E-01,+6.91100000E-01\u000a
p121
aV+6.91600000E-01,+6.92100000E-01,+6.91600000E-01,+6.91600000E-01,+6.91600000E-01,+6.91600000E-01,+6.91600000E-01,+6.91600000E-01,+6.91600000E-01,+6.91600000E-01\u000a
p122
aV+6.73900000E-01,+6.73900000E-01,+6.73900000E-01,+6.73900000E-01,+6.73300000E-01,+6.73300000E-01,+6.73900000E-01,+6.73900000E-01,+6.73900000E-01,+6.73900000E-01\u000a
p123
aV+6.62900000E-01,+6.62900000E-01,+6.62900000E-01,+6.63400000E-01,+6.63400000E-01,+6.63400000E-01,+6.62900000E-01,+6.63400000E-01,+6.62900000E-01,+6.62900000E-01\u000a
p124
aV+6.55100000E-01,+6.54500000E-01,+6.55100000E-01,+6.54500000E-01,+6.54500000E-01,+6.55100000E-01,+6.55100000E-01,+6.55100000E-01,+6.55100000E-01,+6.54500000E-01\u000a
p125
aV+6.45100000E-01,+6.45100000E-01,+6.44600000E-01,+6.45100000E-01,+6.44600000E-01,+6.45100000E-01,+6.45100000E-01,+6.44600000E-01,+6.45100000E-01,+6.44600000E-01\u000a
p126
aV+6.36200000E-01,+6.36200000E-01,+6.36200000E-01,+6.36200000E-01,+6.36200000E-01,+6.35700000E-01,+6.36800000E-01,+6.36200000E-01,+6.36200000E-01,+6.36800000E-01\u000a
p127
aV+6.24800000E-01,+6.24800000E-01,+6.24800000E-01,+6.25300000E-01,+6.24800000E-01,+6.25300000E-01,+6.25300000E-01,+6.24800000E-01,+6.24800000E-01,+6.24800000E-01\u000a
p128
aV+6.16400000E-01,+6.15900000E-01,+6.15900000E-01,+6.16400000E-01,+6.16400000E-01,+6.16400000E-01,+6.16400000E-01,+6.16400000E-01,+6.16400000E-01,+6.15900000E-01\u000a
p129
aV+6.06000000E-01,+6.06000000E-01,+6.06000000E-01,+6.06000000E-01,+6.05400000E-01,+6.06000000E-01,+6.06000000E-01,+6.06000000E-01,+6.06000000E-01,+6.06000000E-01\u000a
p130
aV+5.97600000E-01,+5.97100000E-01,+5.97600000E-01,+5.97100000E-01,+5.97100000E-01,+5.97600000E-01,+5.97100000E-01,+5.96500000E-01,+5.97100000E-01,+5.97100000E-01\u000a
p131
aV+5.85600000E-01,+5.86100000E-01,+5.86100000E-01,+5.86100000E-01,+5.86100000E-01,+5.86100000E-01,+5.86600000E-01,+5.86100000E-01,+5.86100000E-01,+5.86100000E-01\u000a
p132
aV+5.78300000E-01,+5.77700000E-01,+5.77700000E-01,+5.77700000E-01,+5.77700000E-01,+5.77700000E-01,+5.77700000E-01,+5.77700000E-01,+5.77700000E-01,+5.77700000E-01\u000a
p133
aV+5.67800000E-01,+5.67300000E-01,+5.67300000E-01,+5.66800000E-01,+5.66800000E-01,+5.66800000E-01,+5.67300000E-01,+5.66800000E-01,+5.67300000E-01,+5.66800000E-01\u000a
p134
aV+5.55300000E-01,+5.55300000E-01,+5.55300000E-01,+5.55800000E-01,+5.55300000E-01,+5.55300000E-01,+5.54800000E-01,+5.54200000E-01,+5.55300000E-01,+5.55300000E-01\u000a
p135
aV+5.46400000E-01,+5.46900000E-01,+5.46400000E-01,+5.46400000E-01,+5.46900000E-01,+5.46400000E-01,+5.46900000E-01,+5.46400000E-01,+5.46400000E-01,+5.46400000E-01\u000a
p136
aV+5.36000000E-01,+5.36000000E-01,+5.35400000E-01,+5.35400000E-01,+5.36000000E-01,+5.36000000E-01,+5.36000000E-01,+5.35400000E-01,+5.35400000E-01,+5.35400000E-01\u000a
p137
aV+5.27100000E-01,+5.27600000E-01,+5.27600000E-01,+5.27600000E-01,+5.26600000E-01,+5.27100000E-01,+5.26600000E-01,+5.27600000E-01,+5.27100000E-01,+5.27100000E-01\u000a
p138
aV+5.17700000E-01,+5.17100000E-01,+5.16600000E-01,+5.16600000E-01,+5.17100000E-01,+5.16600000E-01,+5.16600000E-01,+5.16600000E-01,+5.17100000E-01,+5.16600000E-01\u000a
p139
aV+5.07700000E-01,+5.07700000E-01,+5.07700000E-01,+5.08300000E-01,+5.08300000E-01,+5.08300000E-01,+5.08300000E-01,+5.07700000E-01,+5.08300000E-01,+5.07700000E-01\u000a
p140
aV+4.97300000E-01,+4.97800000E-01,+4.97300000E-01,+4.97800000E-01,+4.97800000E-01,+4.97300000E-01,+4.97300000E-01,+4.97300000E-01,+4.97300000E-01,+4.97300000E-01\u000a
p141
aV+4.88400000E-01,+4.88400000E-01,+4.88400000E-01,+4.88400000E-01,+4.88900000E-01,+4.88900000E-01,+4.88900000E-01,+4.88400000E-01,+4.88400000E-01,+4.87900000E-01\u000a
p142
aV+4.76900000E-01,+4.76400000E-01,+4.76900000E-01,+4.76400000E-01,+4.76900000E-01,+4.76900000E-01,+4.76400000E-01,+4.76900000E-01,+4.76400000E-01,+4.76400000E-01\u000a
p143
aV+4.68000000E-01,+4.67500000E-01,+4.68600000E-01,+4.68000000E-01,+4.67500000E-01,+4.67500000E-01,+4.68000000E-01,+4.68000000E-01,+4.67500000E-01,+4.67500000E-01\u000a
p144
aV+4.57100000E-01,+4.57100000E-01,+4.57100000E-01,+4.57100000E-01,+4.57600000E-01,+4.57100000E-01,+4.56600000E-01,+4.57100000E-01,+4.57100000E-01,+4.57600000E-01\u000a
p145
aV+4.48700000E-01,+4.49200000E-01,+4.48200000E-01,+4.48700000E-01,+4.49200000E-01,+4.48200000E-01,+4.48700000E-01,+4.48200000E-01,+4.48700000E-01,+4.48700000E-01\u000a
p146
aV+4.37200000E-01,+4.37200000E-01,+4.37200000E-01,+4.37200000E-01,+4.37200000E-01,+4.37200000E-01,+4.37200000E-01,+4.37700000E-01,+4.37200000E-01,+4.37200000E-01\u000a
p147
aV+4.28300000E-01,+4.28900000E-01,+4.27800000E-01,+4.28300000E-01,+4.28300000E-01,+4.28300000E-01,+4.28300000E-01,+4.28300000E-01,+4.28300000E-01,+4.28300000E-01\u000a
p148
aV+4.17900000E-01,+4.17400000E-01,+4.17900000E-01,+4.17900000E-01,+4.17900000E-01,+4.17900000E-01,+4.17900000E-01,+4.17400000E-01,+4.17900000E-01,+4.17900000E-01\u000a
p149
aV+4.05900000E-01,+4.05900000E-01,+4.05900000E-01,+4.05900000E-01,+4.05900000E-01,+4.05900000E-01,+4.06400000E-01,+4.05400000E-01,+4.05900000E-01,+4.05900000E-01\u000a
p150
aV+3.96500000E-01,+3.97000000E-01,+3.97000000E-01,+3.97000000E-01,+3.97000000E-01,+3.97000000E-01,+3.97000000E-01,+3.97000000E-01,+3.96500000E-01,+3.97000000E-01\u000a
p151
aV+3.86600000E-01,+3.86600000E-01,+3.86000000E-01,+3.86600000E-01,+3.86600000E-01,+3.86000000E-01,+3.86600000E-01,+3.86600000E-01,+3.86600000E-01,+3.86600000E-01\u000a
p152
aV+3.77700000E-01,+3.78200000E-01,+3.77200000E-01,+3.77700000E-01,+3.78200000E-01,+3.77700000E-01,+3.77700000E-01,+3.77700000E-01,+3.77700000E-01,+3.77700000E-01\u000a
p153
aV+3.66200000E-01,+3.66700000E-01,+3.66700000E-01,+3.66700000E-01,+3.66700000E-01,+3.66200000E-01,+3.66700000E-01,+3.66200000E-01,+3.66200000E-01,+3.66200000E-01\u000a
p154
aV+3.57300000E-01,+3.57300000E-01,+3.57300000E-01,+3.57800000E-01,+3.57300000E-01,+3.57800000E-01,+3.57800000E-01,+3.57800000E-01,+3.57800000E-01,+3.57800000E-01\u000a
p155
aV+3.46300000E-01,+3.46900000E-01,+3.47400000E-01,+3.46900000E-01,+3.46900000E-01,+3.47400000E-01,+3.46900000E-01,+3.46900000E-01,+3.46900000E-01,+3.46900000E-01\u000a
p156
aV+3.38000000E-01,+3.38000000E-01,+3.38000000E-01,+3.38000000E-01,+3.38000000E-01,+3.38500000E-01,+3.38000000E-01,+3.38000000E-01,+3.38000000E-01,+3.38000000E-01\u000a
p157
aV+3.26000000E-01,+3.26500000E-01,+3.26000000E-01,+3.26500000E-01,+3.26000000E-01,+3.26000000E-01,+3.26000000E-01,+3.26500000E-01,+3.26000000E-01,+3.26000000E-01\u000a
p158
aV+3.17100000E-01,+3.17600000E-01,+3.17100000E-01,+3.17100000E-01,+3.17600000E-01,+3.17600000E-01,+3.17100000E-01,+3.17100000E-01,+3.17600000E-01,+3.17100000E-01\u000a
p159
aV+3.06600000E-01,+3.07200000E-01,+3.07200000E-01,+3.07200000E-01,+3.07200000E-01,+3.07200000E-01,+3.07200000E-01,+3.07200000E-01,+3.06600000E-01,+3.07200000E-01\u000a
p160
aV+2.98300000E-01,+2.98300000E-01,+2.98300000E-01,+2.98300000E-01,+2.98800000E-01,+2.98300000E-01,+2.98300000E-01,+2.98300000E-01,+2.98300000E-01,+2.97800000E-01\u000a
p161
aV+2.87300000E-01,+2.86800000E-01,+2.86800000E-01,+2.87300000E-01,+2.86800000E-01,+2.86800000E-01,+2.86300000E-01,+2.87300000E-01,+2.86800000E-01,+2.86800000E-01\u000a
p162
aV+2.76300000E-01,+2.76300000E-01,+2.76300000E-01,+2.76300000E-01,+2.76300000E-01,+2.76300000E-01,+2.76300000E-01,+2.76300000E-01,+2.76300000E-01,+2.75800000E-01\u000a
p163
aV+2.67500000E-01,+2.67500000E-01,+2.67500000E-01,+2.66900000E-01,+2.67500000E-01,+2.66900000E-01,+2.66900000E-01,+2.67500000E-01,+2.66900000E-01,+2.67500000E-01\u000a
p164
aV+2.55400000E-01,+2.54900000E-01,+2.55400000E-01,+2.55400000E-01,+2.55400000E-01,+2.55400000E-01,+2.55400000E-01,+2.55400000E-01,+2.55400000E-01,+2.55400000E-01\u000a
p165
aV+2.46000000E-01,+2.46600000E-01,+2.46000000E-01,+2.46600000E-01,+2.47100000E-01,+2.46600000E-01,+2.46600000E-01,+2.46600000E-01,+2.47100000E-01,+2.46600000E-01\u000a
p166
aV+2.42400000E-01,+2.42400000E-01,+2.42400000E-01,+2.42900000E-01,+2.42400000E-01,+2.42400000E-01,+2.42900000E-01,+2.42400000E-01,+2.42400000E-01,+2.42400000E-01\u000a
p167
aV+2.31900000E-01,+2.31900000E-01,+2.31900000E-01,+2.32500000E-01,+2.31900000E-01,+2.31900000E-01,+2.31900000E-01,+2.31900000E-01,+2.32500000E-01,+2.31900000E-01\u000a
p168
aV+2.21500000E-01,+2.21500000E-01,+2.21500000E-01,+2.21500000E-01,+2.21500000E-01,+2.22000000E-01,+2.21500000E-01,+2.21500000E-01,+2.21000000E-01,+2.21000000E-01\u000a
p169
aV+2.12100000E-01,+2.12600000E-01,+2.12600000E-01,+2.12600000E-01,+2.12600000E-01,+2.12600000E-01,+2.12100000E-01,+2.12600000E-01,+2.12600000E-01,+2.12600000E-01\u000a
p170
aV+2.00600000E-01,+2.00600000E-01,+2.00600000E-01,+2.00600000E-01,+2.00600000E-01,+2.00100000E-01,+2.00100000E-01,+2.00600000E-01,+2.00600000E-01,+2.00600000E-01\u000a
p171
aV+1.91700000E-01,+1.91700000E-01,+1.91700000E-01,+1.91700000E-01,+1.91700000E-01,+1.91700000E-01,+1.92200000E-01,+1.91700000E-01,+1.91700000E-01,+1.92200000E-01\u000a
p172
aV+1.81300000E-01,+1.80700000E-01,+1.81300000E-01,+1.81300000E-01,+1.81300000E-01,+1.81300000E-01,+1.80700000E-01,+1.81300000E-01,+1.80700000E-01,+1.80700000E-01\u000a
p173
aV+1.71900000E-01,+1.72400000E-01,+1.72400000E-01,+1.71900000E-01,+1.72400000E-01,+1.72400000E-01,+1.72400000E-01,+1.72400000E-01,+1.71900000E-01,+1.72400000E-01\u000a
p174
aV+1.61400000E-01,+1.61400000E-01,+1.60900000E-01,+1.61400000E-01,+1.60900000E-01,+1.60900000E-01,+1.61400000E-01,+1.61400000E-01,+1.60900000E-01,+1.61900000E-01\u000a
p175
aV+1.52500000E-01,+1.52000000E-01,+1.53100000E-01,+1.52500000E-01,+1.52500000E-01,+1.52000000E-01,+1.53100000E-01,+1.52500000E-01,+1.52500000E-01,+1.52000000E-01\u000a
p176
aV+1.42100000E-01,+1.41600000E-01,+1.41600000E-01,+1.41600000E-01,+1.41600000E-01,+1.42100000E-01,+1.41000000E-01,+1.41600000E-01,+1.42100000E-01,+1.41600000E-01\u000a
p177
aV+1.29000000E-01,+1.29500000E-01,+1.30100000E-01,+1.30100000E-01,+1.30100000E-01,+1.30100000E-01,+1.30100000E-01,+1.30100000E-01,+1.30100000E-01,+1.29000000E-01\u000a
p178
aV+1.20700000E-01,+1.20700000E-01,+1.20700000E-01,+1.21200000E-01,+1.21200000E-01,+1.21200000E-01,+1.21200000E-01,+1.21200000E-01,+1.20700000E-01,+1.20700000E-01\u000a
p179
aV+1.10200000E-01,+1.10200000E-01,+1.09700000E-01,+1.10200000E-01,+1.09700000E-01,+1.10200000E-01,+1.10700000E-01,+1.09700000E-01,+1.10200000E-01,+1.10700000E-01\u000a
p180
aV+1.00800000E-01,+1.01300000E-01,+1.01900000E-01,+1.00800000E-01,+1.00800000E-01,+1.01300000E-01,+1.01300000E-01,+1.00800000E-01,+1.02400000E-01,+1.01300000E-01\u000a
p181
aV+9.04000000E-02,+8.98000000E-02,+8.98000000E-02,+9.04000000E-02,+9.04000000E-02,+8.93000000E-02,+9.04000000E-02,+9.04000000E-02,+9.04000000E-02,+9.04000000E-02\u000a
p182
aV+8.15000000E-02,+8.15000000E-02,+8.20000000E-02,+8.15000000E-02,+8.15000000E-02,+8.15000000E-02,+8.15000000E-02,+8.15000000E-02,+8.15000000E-02,+8.15000000E-02\u000a
p183
aV+7.00000000E-02,+7.05000000E-02,+7.05000000E-02,+7.10000000E-02,+7.05000000E-02,+7.05000000E-02,+7.05000000E-02,+7.00000000E-02,+7.05000000E-02,+7.05000000E-02\u000a
p184
aV+6.22000000E-02,+6.22000000E-02,+6.27000000E-02,+6.22000000E-02,+6.16000000E-02,+6.11000000E-02,+6.16000000E-02,+6.16000000E-02,+6.22000000E-02,+6.22000000E-02\u000a
p185
aV+5.01000000E-02,+4.96000000E-02,+5.01000000E-02,+5.01000000E-02,+5.01000000E-02,+4.96000000E-02,+5.01000000E-02,+5.01000000E-02,+4.96000000E-02,+5.01000000E-02\u000a
p186
aV+4.13000000E-02,+4.02000000E-02,+4.07000000E-02,+4.07000000E-02,+4.13000000E-02,+4.18000000E-02,+4.07000000E-02,+4.07000000E-02,+4.13000000E-02,+4.07000000E-02\u000a
p187
aV+3.03000000E-02,+3.03000000E-02,+3.08000000E-02,+3.03000000E-02,+2.98000000E-02,+3.03000000E-02,+3.08000000E-02,+3.08000000E-02,+3.03000000E-02,+3.03000000E-02\u000a
p188
aV+2.14000000E-02,+2.25000000E-02,+2.25000000E-02,+2.19000000E-02,+2.19000000E-02,+2.14000000E-02,+2.14000000E-02,+2.19000000E-02,+2.19000000E-02,+2.14000000E-02\u000a
p189
aV+1.10000000E-02,+1.10000000E-02,+1.10000000E-02,+9.90000000E-03,+1.04000000E-02,+9.90000000E-03,+1.04000000E-02,+1.10000000E-02,+1.15000000E-02,+1.10000000E-02\u000a
p190
a.